0.7238511312555376 0.7238511312555376 0.7238511312555376
0.7238511312555376 0.7668189117098281 0.7238511312555376
0.7238511312555376 0.746107329526518 0.7238511312555376
0.7238511312555376 0.7238511312555376 0.7238511312555376
0.7238511312555376 0.7247481784658039 0.7238511312555376
0.7238511312555376 0.7402956250595325 0.7238511312555376
0.7238511312555376 0.7407035604691231 0.7238511312555376
0.7238511312555376 0.7398133430627919 0.7238511312555376
0.7238511312555376 0.7526107447579431 0.7238511312555376
0.7238511312555376 0.7380592982074226 0.7238511312555376
0.7238511312555376 0.7383520739084579 0.7238511312555376
0.7238511312555376 0.74227538225881 0.7238511312555376
0.7238511312555376 0.7467047629559191 0.7238511312555376
0.7238511312555376 0.7467047629559191 0.7238511312555376
0.7238511312555376 0.7525641427734091 0.7238511312555376
0.7238511312555376 0.7394342500510905 0.7238511312555376
0.7238511312555376 0.7467356382145044 0.7238511312555376
0.7238511312555376 0.7531053976227796 0.7238511312555376
0.7238511312555376 0.7525602408603429 0.7238511312555376
0.7238511312555376 0.7383520739084579 0.7238511312555376
0.7238511312555376 0.7394468815389085 0.7238511312555376
0.7238511312555376 0.7787164876856068 0.7238511312555376
0.7238511312555376 0.7620900711076987 0.7238511312555376
0.7238511312555376 0.7249459388859881 0.7238511312555376
0.7238511312555376 0.7398133430627919 0.7238511312555376
0.7238511312555376 0.7247481784658039 0.7238511312555376
0.7238511312555376 0.776478140617447 0.7238511312555376
0.7238511312555376 0.7289054414376005 0.7238511312555376
0.7238511312555376 0.7402956250595325 0.7238511312555376
0.7238511312555376 0.7238511312555376 0.7238511312555376
0.7238511312555376 0.7392364394073171 0.7238511312555376
0.7238511312555376 0.7403312972613568 0.7238511312555376
0.7238511312555376 0.7514686760777868 0.7238511312555376
0.7238511312555376 0.7296047282276824 0.7238511312555376
0.7238511312555376 0.7247481784658039 0.7238511312555376
0.7238511312555376 0.7433701898892606 0.7238511312555376
0.7238511312555376 0.7247481784658039 0.7238511312555376
0.7238511312555376 0.7418416864215103 0.7238511312555376
0.7238511312555376 0.7402956250595325 0.7238511312555376
0.7238511312555376 0.7710349957612156 0.7238511312555376
0.7238511312555376 0.7591278114723956 0.7238511312555376
0.7238511312555376 0.7685729565651975 0.7238511312555376
0.7238511312555376 0.7417391056787106 0.7238511312555376
0.7238511312555376 0.7685729565651975 0.7238511312555376
0.7238511312555376 0.74227538225881 0.7238511312555376
0.7238511312555376 0.757665054940006 0.7238511312555376
0.7238511312555376 0.7571329769106795 0.7238511312555376
0.7238511312555376 0.7531053976227796 0.7238511312555376
0.7238511312555376 0.7535077919682094 0.7238511312555376
0.7238511312555376 0.7407103902730583 0.7238511312555376
0.7238511312555376 0.7289054414376005 0.7238511312555376
0.7238511312555376 0.7624041652365235 0.7238511312555376
0.7238511312555376 0.7431724294690762 0.7238511312555376
0.7238511312555376 0.757858501054363 0.7238511312555376
0.7238511312555376 0.7381125476777838 0.7238511312555376
0.7238511312555376 0.7679960529097227 0.7238511312555376
0.7238511312555376 0.7609129299078041 0.7238511312555376
0.7238511312555376 0.7383520739084579 0.7238511312555376
0.7238511312555376 0.7450125218960674 0.7238511312555376
0.7238511312555376 0.7247481784658039 0.7238511312555376
0.7238511312555376 0.7381125476777838 0.7238511312555376
0.7238511312555376 0.758719876062805 0.7238511312555376
0.7238511312555376 0.74227538225881 0.7238511312555376
0.7238511312555376 0.7418416864215103 0.7238511312555376
0.7238511312555376 0.7582375940660644 0.7238511312555376
0.7238511312555376 0.7405290576815411 0.7238511312555376
0.7238511312555376 0.7403312470377676 0.7238511312555376
0.7238511312555376 0.7289054414376005 0.7238511312555376
0.7238511312555376 0.7394518810178214 0.7238511312555376
0.7238511312555376 0.7249459388859881 0.7238511312555376
0.7238511312555376 0.7238511312555376 0.7238511312555376
0.7238511312555376 0.7238511312555376 0.7238511312555376
0.7238511312555376 0.7407103902730583 0.7238511312555376
0.7238511312555376 0.7477995705863697 0.7238511312555376
0.7238511312555376 0.7407103902730583 0.7238511312555376
0.7238511312555376 0.7586941156350958 0.7238511312555376
0.7238511312555376 0.757665054940006 0.7238511312555376
0.7238511312555376 0.7788482982323097 0.7238511312555376
0.7238511312555376 0.7620562927934493 0.7238511312555376
0.7238511312555376 0.7525602408603429 0.7238511312555376
0.7238511312555376 0.7392364394073171 0.7238511312555376
0.7238511312555376 0.7523207146296688 0.7238511312555376
0.7238511312555376 0.7499568741832012 0.7238511312555376
0.7238511312555376 0.7526107447579431 0.7238511312555376
0.7238511312555376 0.7668721611801893 0.7238511312555376
0.7238511312555376 0.7562866792646761 0.7238511312555376
0.7238511312555376 0.7418416864215103 0.7238511312555376
0.7238511312555376 0.7406042801686774 0.7238511312555376
0.7238511312555376 0.7548195582028701 0.7238511312555376
0.7238511312555376 0.7885633327159914 0.7238511312555376
0.7238511312555376 0.7381125476777838 0.7238511312555376
0.7238511312555376 0.780828416239796 0.7238511312555376
0.7238511312555376 0.7380592982074226 0.7238511312555376
0.7238511312555376 0.7433701898892606 0.7238511312555376
0.7238511312555376 0.7316427439720836 0.7238511312555376
0.7238511312555376 0.7542646800769033 0.7238511312555376
0.7238511312555376 0.7467356382145044 0.7238511312555376
0.7238511312555376 0.7407035604691231 0.7238511312555376
0.7238511312555376 0.7287076810174162 0.7238511312555376
0.7238511312555376 0.7635571921695047 0.7238511312555376
0.7238511312555376 0.7608755899428161 0.7238511312555376
0.7238511312555376 0.7657378600364776 0.7238511312555376
0.7238511312555376 0.7542081756113315 0.7238511312555376
0.7238511312555376 0.730000249068051 0.7238511312555376
0.7238511312555376 0.7578038982287647 0.7238511312555376
0.7238511312555376 0.7944753507255258 0.7238511312555376
0.7238511312555376 0.7669345287600264 0.7238511312555376
0.7238511312555376 0.7933835113519601 0.7238511312555376
0.7238511312555376 0.8077515360944647 0.7238511312555376
0.7238511312555376 0.7989535970958962 0.7238511312555376
0.7238511312555376 0.7900428381820429 0.7238511312555376
0.7238511312555376 0.8214541316281196 0.7238511312555376
0.7238511312555376 0.8032112979943197 0.7238511312555376
0.7238511312555376 0.8083715463263672 0.7238511312555376
0.7238511312555376 0.777133119125193 0.7238511312555376
0.7706086638693882 0.7706086638693882 0.7706086638693882
0.7706086638693882 0.7706199745209381 0.7706086638693882
0.7706086638693882 0.7794546298277647 0.7706086638693882
0.7706086638693882 0.7838383190661194 0.7706086638693882
0.7706086638693882 0.7791291626337921 0.7706086638693882
0.7706086638693882 0.7718111242792536 0.7706086638693882
0.7706086638693882 0.7706199745209381 0.7706086638693882
0.7706086638693882 0.7706086638693882 0.7706086638693882
0.7706086638693882 0.7917782466342052 0.7706086638693882
0.7706086638693882 0.7889955858670739 0.7706086638693882
0.7706086638693882 0.7794986290104592 0.7706086638693882
0.7706086638693882 0.7876164119200223 0.7706086638693882
0.7706086638693882 0.7794873183589094 0.7706086638693882
0.7706086638693882 0.7706199745209381 0.7706086638693882
0.7706086638693882 0.7931983959148532 0.7706086638693882
0.7706086638693882 0.7865315728444271 0.7706086638693882
0.7706086638693882 0.7706199745209381 0.7706086638693882
0.7706086638693882 0.797805240497972 0.7706086638693882
0.7706086638693882 0.791789557285755 0.7706086638693882
0.7706086638693882 0.7979367167101601 0.7706086638693882
0.7706086638693882 0.7890994830048248 0.7706086638693882
0.7706086638693882 0.7890994830048248 0.7706086638693882
0.7706086638693882 0.7718111242792536 0.7706086638693882
0.7706086638693882 0.7794659404793144 0.7706086638693882
0.7706086638693882 0.7706199745209381 0.7706086638693882
0.7706086638693882 0.7890807083541512 0.7706086638693882
0.7706086638693882 0.7718111242792536 0.7706086638693882
0.7706086638693882 0.7855829946196097 0.7706086638693882
0.7706086638693882 0.785858250304401 0.7706086638693882
0.7706086638693882 0.7787044169056226 0.7706086638693882
0.7706086638693882 0.7819978101405236 0.7706086638693882
0.7706086638693882 0.787878247944286 0.7706086638693882
0.7706086638693882 0.7872249156700264 0.7706086638693882
0.7706086638693882 0.7967428718597149 0.7706086638693882
0.7706086638693882 0.8032588345315715 0.7706086638693882
0.7706086638693882 0.7944015579216452 0.7706086638693882
0.7706086638693882 0.7936464480009944 0.7706086638693882
0.7706086638693882 0.796756902433807 0.7706086638693882
0.7706086638693882 0.8043377587882877 0.7706086638693882
0.7706086638693882 0.7978415518254504 0.7706086638693882
0.7706086638693882 0.7718111242792536 0.7706086638693882
0.7706086638693882 0.7706086638693882 0.7706086638693882
0.7706086638693882 0.7888402502094826 0.7706086638693882
0.7706086638693882 0.7718111242792536 0.7706086638693882
0.7706086638693882 0.8070165224176681 0.7706086638693882
0.7706086638693882 0.7799615957199614 0.7706086638693882
0.7706086638693882 0.7858469396528511 0.7706086638693882
0.7706086638693882 0.7889955858670739 0.7706086638693882
0.7706086638693882 0.7782961686005938 0.7706086638693882
0.7706086638693882 0.7706086638693882 0.7706086638693882
0.7706086638693882 0.8042338616505368 0.7706086638693882
0.7706086638693882 0.7872249156700264 0.7706086638693882
0.7706086638693882 0.8121372671364309 0.7706086638693882
0.7706086638693882 0.7791291626337921 0.7706086638693882
0.7706086638693882 0.7917782466342052 0.7706086638693882
0.7706086638693882 0.801107903141017 0.7706086638693882
0.7706086638693882 0.8089507144355957 0.7706086638693882
0.7706086638693882 0.8163236387078456 0.7706086638693882
0.7706086638693882 0.7979781374943459 0.7706086638693882
0.7706086638693882 0.794367438417255 0.7706086638693882
0.7706086638693882 0.7718224349308034 0.7706086638693882
0.7706086638693882 0.788997476907953 0.7706086638693882
0.7706086638693882 0.8032475238800217 0.7706086638693882
0.7706086638693882 0.7858469396528511 0.7706086638693882
0.7706086638693882 0.7970913389033084 0.7706086638693882
0.7706086638693882 0.7871621533707366 0.7706086638693882
0.7706086638693882 0.7890994830048248 0.7706086638693882
0.7706086638693882 0.7787044169056226 0.7706086638693882
0.7706086638693882 0.7953775388028036 0.7706086638693882
0.7706086638693882 0.78065709023763 0.7706086638693882
0.7706086638693882 0.791789557285755 0.7706086638693882
0.7706086638693882 0.78065709023763 0.7706086638693882
0.7706086638693882 0.7799615957199614 0.7706086638693882
0.7706086638693882 0.8089905076885544 0.7706086638693882
0.7706086638693882 0.8022271321046841 0.7706086638693882
0.7706086638693882 0.7879751285921683 0.7706086638693882
0.7706086638693882 0.7944015579216452 0.7706086638693882
0.7706086638693882 0.7794546298277647 0.7706086638693882
0.7706086638693882 0.8062651699419715 0.7706086638693882
0.7706086638693882 0.8056118376677122 0.7706086638693882
0.7706086638693882 0.7706086638693882 0.7706086638693882
0.7706086638693882 0.7889728247828207 0.7706086638693882
0.7706086638693882 0.8066512064563485 0.7706086638693882
0.7706086638693882 0.8022252410638051 0.7706086638693882
0.7706086638693882 0.7858469396528511 0.7706086638693882
0.7706086638693882 0.787878247944286 0.7706086638693882
0.7706086638693882 0.8006242125925815 0.7706086638693882
0.7706086638693882 0.7917782466342052 0.7706086638693882
0.7706086638693882 0.779906877315488 0.7706086638693882
0.7706086638693882 0.7967242139026623 0.7706086638693882
0.7706086638693882 0.7878895585958358 0.7706086638693882
0.7706086638693882 0.7794546298277647 0.7706086638693882
0.7706086638693882 0.81203336999868 0.7706086638693882
0.7706086638693882 0.7949303571316714 0.7706086638693882
0.7706086638693882 0.786785455029475 0.7706086638693882
0.7706086638693882 0.8006569011237262 0.7706086638693882
0.7706086638693882 0.7838496297176691 0.7706086638693882
0.7706086638693882 0.7870494000627165 0.7706086638693882
0.7706086638693882 0.7787044169056226 0.7706086638693882
0.7706086638693882 0.7838383190661194 0.7706086638693882
0.7706086638693882 0.809523154521822 0.7706086638693882
0.7706086638693882 0.7794986290104592 0.7706086638693882
0.7706086638693882 0.7890068965186237 0.7706086638693882
0.7706086638693882 0.7913681166864348 0.7706086638693882
0.7706086638693882 0.7992547466446241 0.7706086638693882
0.7706086638693882 0.8400025659285667 0.7706086638693882
0.7706086638693882 0.8174807592458623 0.7706086638693882
0.7706086638693882 0.8442847005928176 0.7706086638693882
0.7706086638693882 0.8076074292509899 0.7706086638693882
0.7706086638693882 0.8334860077207169 0.7706086638693882
0.7706086638693882 0.8496934308244587 0.7706086638693882
0.7706086638693882 0.8431480636605366 0.7706086638693882
0.7706086638693882 0.8474579937649024 0.7706086638693882
0.7706086638693882 0.8339624243537717 0.7706086638693882
0.7706086638693882 0.8397471290950781 0.7706086638693882
0.7366835980301681 0.753038333121712 0.7366835980301681
0.7366835980301681 0.7366835980301681 0.7366835980301681
0.7366835980301681 0.7638538460604143 0.7366835980301681
0.7366835980301681 0.7568534417787001 0.7366835980301681
0.7366835980301681 0.7589754341394015 0.7366835980301681
0.7366835980301681 0.7366835980301681 0.7366835980301681
0.7366835980301681 0.7443483744834276 0.7366835980301681
0.7366835980301681 0.7419694293507574 0.7366835980301681
0.7366835980301681 0.7726651449358447 0.7366835980301681
0.7366835980301681 0.7367770068713854 0.7366835980301681
0.7366835980301681 0.7530532578521175 0.7366835980301681
0.7366835980301681 0.7589754341394015 0.7366835980301681
0.7366835980301681 0.7485143188467752 0.7366835980301681
0.7366835980301681 0.7367770068713854 0.7366835980301681
0.7366835980301681 0.7367770068713854 0.7366835980301681
0.7366835980301681 0.757705147857606 0.7366835980301681
0.7366835980301681 0.7530532578521175 0.7366835980301681
0.7366835980301681 0.7564003279165525 0.7366835980301681
0.7366835980301681 0.7368124080478077 0.7366835980301681
0.7366835980301681 0.7548568548931913 0.7366835980301681
0.7366835980301681 0.7494855770546489 0.7366835980301681
0.7366835980301681 0.770493189303848 0.7366835980301681
0.7366835980301681 0.7564003279165525 0.7366835980301681
0.7366835980301681 0.7485143188467752 0.7366835980301681
0.7366835980301681 0.7444771845010671 0.7366835980301681
0.7366835980301681 0.7548568548931913 0.7366835980301681
0.7366835980301681 0.753038333121712 0.7366835980301681
0.7366835980301681 0.7641585132110293 0.7366835980301681
0.7366835980301681 0.7691396773810035 0.7366835980301681
0.7366835980301681 0.7548568548931913 0.7366835980301681
0.7366835980301681 0.744441783324645 0.7366835980301681
0.7366835980301681 0.7547714083752382 0.7366835980301681
0.7366835980301681 0.7748421776114944 0.7366835980301681
0.7366835980301681 0.7709858829949647 0.7366835980301681
0.7366835980301681 0.7754607753813056 0.7366835980301681
0.7366835980301681 0.7370818153222363 0.7366835980301681
0.7366835980301681 0.7443483744834276 0.7366835980301681
0.7366835980301681 0.7531317419629293 0.7366835980301681
0.7366835980301681 0.7549502637344085 0.7366835980301681
0.7366835980301681 0.75512544772511 0.7366835980301681
0.7366835980301681 0.7919587297486909 0.7366835980301681
0.7366835980301681 0.7573557453351566 0.7366835980301681
0.7366835980301681 0.7728968108027274 0.7366835980301681
0.7366835980301681 0.7366835980301681 0.7366835980301681
0.7366835980301681 0.7503408017485005 0.7366835980301681
0.7366835980301681 0.7708061549560087 0.7366835980301681
0.7366835980301681 0.7443129733070054 0.7366835980301681
0.7366835980301681 0.7589754341394015 0.7366835980301681
0.7366835980301681 0.7530532578521175 0.7366835980301681
0.7366835980301681 0.75512544772511 0.7366835980301681
0.7366835980301681 0.7494855770546489 0.7366835980301681
0.7366835980301681 0.7367770068713854 0.7366835980301681
0.7366835980301681 0.7972070756172056 0.7366835980301681
0.7366835980301681 0.7573557453351566 0.7366835980301681
0.7366835980301681 0.7444771845010671 0.7366835980301681
0.7366835980301681 0.7589754341394015 0.7366835980301681
0.7366835980301681 0.7722184186799607 0.7366835980301681
0.7366835980301681 0.7566819007766985 0.7366835980301681
0.7366835980301681 0.7714801828166538 0.7366835980301681
0.7366835980301681 0.7419694293507574 0.7366835980301681
0.7366835980301681 0.7874127754314808 0.7366835980301681
0.7366835980301681 0.7569468506199173 0.7366835980301681
0.7366835980301681 0.7601426862137804 0.7366835980301681
0.7366835980301681 0.7366835980301681 0.7366835980301681
0.7366835980301681 0.7503408017485005 0.7366835980301681
0.7366835980301681 0.7583241644423013 0.7366835980301681
0.7366835980301681 0.7538001501673646 0.7366835980301681
0.7366835980301681 0.7607031095749716 0.7366835980301681
0.7366835980301681 0.767658833917672 0.7366835980301681
0.7366835980301681 0.7727585537770622 0.7366835980301681
0.7366835980301681 0.7666875757097984 0.7366835980301681
0.7366835980301681 0.7368124080478077 0.7366835980301681
0.7366835980301681 0.7784171090603011 0.7366835980301681
0.7366835980301681 0.7713623515759384 0.7366835980301681
0.7366835980301681 0.7669561685417171 0.7366835980301681
0.7366835980301681 0.7628019125464479 0.7366835980301681
0.7366835980301681 0.7494855770546489 0.7366835980301681
0.7366835980301681 0.7601426862137804 0.7366835980301681
0.7366835980301681 0.7710866271568639 0.7366835980301681
0.7366835980301681 0.7443483744834276 0.7366835980301681
0.7366835980301681 0.7650205217884162 0.7366835980301681
0.7366835980301681 0.7774172838343434 0.7366835980301681
0.7366835980301681 0.7679274267495907 0.7366835980301681
0.7366835980301681 0.7564375395439769 0.7366835980301681
0.7366835980301681 0.7368124080478077 0.7366835980301681
0.7366835980301681 0.7444771845010671 0.7366835980301681
0.7366835980301681 0.7686841625953071 0.7366835980301681
0.7366835980301681 0.7653253092707641 0.7366835980301681
0.7366835980301681 0.7749552664291924 0.7366835980301681
0.7366835980301681 0.7549502637344085 0.7366835980301681
0.7366835980301681 0.75512544772511 0.7366835980301681
0.7366835980301681 0.7419694293507574 0.7366835980301681
0.7366835980301681 0.7682310487331596 0.7366835980301681
0.7366835980301681 0.7919351485663451 0.7366835980301681
0.7366835980301681 0.7367770068713854 0.7366835980301681
0.7366835980301681 0.7627876063744645 0.7366835980301681
0.7366835980301681 0.7569822517963396 0.7366835980301681
0.7366835980301681 0.7723472286976002 0.7366835980301681
0.7366835980301681 0.7503408017485005 0.7366835980301681
0.7366835980301681 0.7583390891727068 0.7366835980301681
0.7366835980301681 0.7767007921337261 0.7366835980301681
0.7366835980301681 0.7923333658584133 0.7366835980301681
0.7366835980301681 0.7577539626272248 0.7366835980301681
0.7366835980301681 0.7639826560780538 0.7366835980301681
0.7366835980301681 0.7667381346918378 0.7366835980301681
0.7366835980301681 0.8288914995410185 0.7366835980301681
0.7366835980301681 0.8156938037134827 0.7366835980301681
0.7366835980301681 0.7944507993680885 0.7366835980301681
0.7366835980301681 0.7802703464408608 0.7366835980301681
0.7366835980301681 0.7925860190936675 0.7366835980301681
0.7366835980301681 0.8081682494826342 0.7366835980301681
0.7366835980301681 0.8310932192125463 0.7366835980301681
0.7366835980301681 0.8399213598763104 0.7366835980301681
0.7366835980301681 0.8231876245137032 0.7366835980301681
0.7366835980301681 0.8122243224834145 0.7366835980301681
0.7254091586689789 0.7314652472330391 0.7254091586689789
0.7254091586689789 0.7518246272508832 0.7254091586689789
0.7254091586689789 0.726533943536534 0.7254091586689789
0.7254091586689789 0.7756815468948614 0.7254091586689789
0.7254091586689789 0.7367263378435916 0.7254091586689789
0.7254091586689789 0.7629004461691115 0.7254091586689789
0.7254091586689789 0.761107342630892 0.7254091586689789
0.7254091586689789 0.7551342233805546 0.7254091586689789
0.7254091586689789 0.7330316777339354 0.7254091586689789
0.7254091586689789 0.7748568889836752 0.7254091586689789
0.7254091586689789 0.7506781500812308 0.7254091586689789
0.7254091586689789 0.7400071596599077 0.7254091586689789
0.7254091586689789 0.7801640825618289 0.7254091586689789
0.7254091586689789 0.7598328907993037 0.7254091586689789
0.7254091586689789 0.7633904724665889 0.7254091586689789
0.7254091586689789 0.7532343234165746 0.7254091586689789
0.7254091586689789 0.7376314547568594 0.7254091586689789
0.7254091586689789 0.7534848235659354 0.7254091586689789
0.7254091586689789 0.7541394403298425 0.7254091586689789
0.7254091586689789 0.728578121766001 0.7254091586689789
0.7254091586689789 0.7484414204017711 0.7254091586689789
0.7254091586689789 0.7615623942660296 0.7254091586689789
0.7254091586689789 0.7797233020930232 0.7254091586689789
0.7254091586689789 0.7451356318323333 0.7254091586689789
0.7254091586689789 0.751729991877623 0.7254091586689789
0.7254091586689789 0.7378511227111466 0.7254091586689789
0.7254091586689789 0.7867905439967376 0.7254091586689789
0.7254091586689789 0.7616781767556581 0.7254091586689789
0.7254091586689789 0.7412312025035044 0.7254091586689789
0.7254091586689789 0.7540405256358944 0.7254091586689789
0.7254091586689789 0.7506052070100679 0.7254091586689789
0.7254091586689789 0.7440108469647783 0.7254091586689789
0.7254091586689789 0.766262821723775 0.7254091586689789
0.7254091586689789 0.7411319445274627 0.7254091586689789
0.7254091586689789 0.7493005726908726 0.7254091586689789
0.7254091586689789 0.7629004461691115 0.7254091586689789
0.7254091586689789 0.7341564626014905 0.7254091586689789
0.7254091586689789 0.7770754551091242 0.7254091586689789
0.7254091586689789 0.75377417010709 0.7254091586689789
0.7254091586689789 0.7867905439967376 0.7254091586689789
0.7254091586689789 0.7679022609866719 0.7254091586689789
0.7254091586689789 0.7335094254625062 0.7254091586689789
0.7254091586689789 0.7830722796252182 0.7254091586689789
0.7254091586689789 0.7390877662979956 0.7254091586689789
0.7254091586689789 0.7540431933763321 0.7254091586689789
0.7254091586689789 0.7525483816781171 0.7254091586689789
0.7254091586689789 0.7670431086975704 0.7254091586689789
0.7254091586689789 0.7408004178538817 0.7254091586689789
0.7254091586689789 0.745253973821816 0.7254091586689789
0.7254091586689789 0.7443488569085481 0.7254091586689789
0.7254091586689789 0.726533943536534 0.7254091586689789
0.7254091586689789 0.7504253575584277 0.7254091586689789
0.7254091586689789 0.7570180623855001 0.7254091586689789
0.7254091586689789 0.7662654894642127 0.7254091586689789
0.7254091586689789 0.7297171830822002 0.7254091586689789
0.7254091586689789 0.757212520254171 0.7254091586689789
0.7254091586689789 0.7553941658242814 0.7254091586689789
0.7254091586689789 0.766262821723775 0.7254091586689789
0.7254091586689789 0.7902795478857901 0.7254091586689789
0.7254091586689789 0.728578121766001 0.7254091586689789
0.7254091586689789 0.7652032080009966 0.7254091586689789
0.7254091586689789 0.7398953009406137 0.7254091586689789
0.7254091586689789 0.7826883025950117 0.7254091586689789
0.7254091586689789 0.7411319445274627 0.7254091586689789
0.7254091586689789 0.7606637164896516 0.7254091586689789
0.7254091586689789 0.7471798100618003 0.7254091586689789
0.7254091586689789 0.7935079461484262 0.7254091586689789
0.7254091586689789 0.7276730048527332 0.7254091586689789
0.7254091586689789 0.7297029066335561 0.7254091586689789
0.7254091586689789 0.7653053060730913 0.7254091586689789
0.7254091586689789 0.7619953292558436 0.7254091586689789
0.7254091586689789 0.7540431933763321 0.7254091586689789
0.7254091586689789 0.7890543901804918 0.7254091586689789
0.7254091586689789 0.7534534985913851 0.7254091586689789
0.7254091586689789 0.7549935903479053 0.7254091586689789
0.7254091586689789 0.7686385266268232 0.7254091586689789
0.7254091586689789 0.8035768636078002 0.7254091586689789
0.7254091586689789 0.788387683823649 0.7254091586689789
0.7254091586689789 0.7698680688300648 0.7254091586689789
0.7254091586689789 0.7720865118617346 0.7254091586689789
0.7254091586689789 0.7362006408309576 0.7254091586689789
0.7254091586689789 0.8056665540501639 0.7254091586689789
0.7254091586689789 0.7522294557477882 0.7254091586689789
0.7254091586689789 0.7631418064254959 0.7254091586689789
0.7254091586689789 0.7640469233387638 0.7254091586689789
0.7254091586689789 0.7631186924113971 0.7254091586689789
0.7254091586689789 0.755893277517945 0.7254091586689789
0.7254091586689789 0.7833040659598179 0.7254091586689789
0.7254091586689789 0.7541394403298425 0.7254091586689789
0.7254091586689789 0.7721308333533491 0.7254091586689789
0.7254091586689789 0.8036109151886198 0.7254091586689789
0.7254091586689789 0.7768063317624164 0.7254091586689789
0.7254091586689789 0.7436875433209197 0.7254091586689789
0.7254091586689789 0.7529494121184382 0.7254091586689789
0.7254091586689789 0.765888979363364 0.7254091586689789
0.7254091586689789 0.7686536586816304 0.7254091586689789
0.7254091586689789 0.7622444681046384 0.7254091586689789
0.7254091586689789 0.7387562396244146 0.7254091586689789
0.7254091586689789 0.7613393511913705 0.7254091586689789
0.7254091586689789 0.7328861461792223 0.7254091586689789
0.7254091586689789 0.7973890008569339 0.7254091586689789
0.7254091586689789 0.7625750392558966 0.7254091586689789
0.7254091586689789 0.7951991810126359 0.7254091586689789
0.7254091586689789 0.7817023318827974 0.7254091586689789
0.7254091586689789 0.7742846185660816 0.7254091586689789
0.7254091586689789 0.7981640211739914 0.7254091586689789
0.7254091586689789 0.8515509500126809 0.7254091586689789
0.7254091586689789 0.8029047116165198 0.7254091586689789
0.7254091586689789 0.8017931787834013 0.7254091586689789
0.7254091586689789 0.8070661041939126 0.7254091586689789
0.7254091586689789 0.8720260630373668 0.7254091586689789
0.7254091586689789 0.8295001055628004 0.7254091586689789
0.7254091586689789 0.8392272402202381 0.7254091586689789
0.7254091586689789 0.8168185218887789 0.7254091586689789
0.7254091586689789 0.8359289753184331 0.7254091586689789
0.6786243236000358 0.6928814152172813 0.6786243236000358
0.6786243236000358 0.6814605506634116 0.6786243236000358
0.6786243236000358 0.7126995992317724 0.6786243236000358
0.6786243236000358 0.6894649308798604 0.6786243236000358
0.6786243236000358 0.697308801494002 0.6786243236000358
0.6786243236000358 0.6916963966270656 0.6786243236000358
0.6786243236000358 0.6928814152172813 0.6786243236000358
0.6786243236000358 0.7116587298803927 0.6786243236000358
0.6786243236000358 0.7070365811180033 0.6786243236000358
0.6786243236000358 0.7218091075898853 0.6786243236000358
0.6786243236000358 0.7098728081813791 0.6786243236000358
0.6786243236000358 0.7114437579260404 0.6786243236000358
0.6786243236000358 0.70268957058851 0.6786243236000358
0.6786243236000358 0.7201132583046959 0.6786243236000358
0.6786243236000358 0.6932686728793979 0.6786243236000358
0.6786243236000358 0.6928814152172813 0.6786243236000358
0.6786243236000358 0.709721554244729 0.6786243236000358
0.6786243236000358 0.6961048999427737 0.6786243236000358
0.6786243236000358 0.7030866287182189 0.6786243236000358
0.6786243236000358 0.6814605506634116 0.6786243236000358
0.6786243236000358 0.7365134232294243 0.6786243236000358
0.6786243236000358 0.7080998822555382 0.6786243236000358
0.6786243236000358 0.6925963916019857 0.6786243236000358
0.6786243236000358 0.6983590164453396 0.6786243236000358
0.6786243236000358 0.6983133008143475 0.6786243236000358
0.6786243236000358 0.7052489840232379 0.6786243236000358
0.6786243236000358 0.699777485129979 0.6786243236000358
0.6786243236000358 0.6970234876868796 0.6786243236000358
0.6786243236000358 0.7086008013557124 0.6786243236000358
0.6786243236000358 0.7124125331576121 0.6786243236000358
0.6786243236000358 0.7312793499846404 0.6786243236000358
0.6786243236000358 0.7023406725517587 0.6786243236000358
0.6786243236000358 0.6937280552636459 0.6786243236000358
0.6786243236000358 0.7173437203354645 0.6786243236000358
0.6786243236000358 0.7273439485111345 0.6786243236000358
0.6786243236000358 0.7227756059325307 0.6786243236000358
0.6786243236000358 0.7174948736178083 0.6786243236000358
0.6786243236000358 0.7338100076506457 0.6786243236000358
0.6786243236000358 0.6944003554776385 0.6786243236000358
0.6786243236000358 0.7307529300697263 0.6786243236000358
0.6786243236000358 0.7160895913030625 0.6786243236000358
0.6786243236000358 0.7045982145162396 0.6786243236000358
0.6786243236000358 0.7181063777443144 0.6786243236000358
0.6786243236000358 0.6934885978814938 0.6786243236000358
0.6786243236000358 0.7022784453136137 0.6786243236000358
0.6786243236000358 0.7214857928050629 0.6786243236000358
0.6786243236000358 0.6985903608802247 0.6786243236000358
0.6786243236000358 0.7214990163003029 0.6786243236000358
0.6786243236000358 0.6965642823270217 0.6786243236000358
0.6786243236000358 0.717274838774191 0.6786243236000358
0.6786243236000358 0.7072141029961662 0.6786243236000358
0.6786243236000358 0.6983716848990106 0.6786243236000358
0.6786243236000358 0.6830968938215268 0.6786243236000358
0.6786243236000358 0.7199633391551017 0.6786243236000358
0.6786243236000358 0.7119531507733641 0.6786243236000358
0.6786243236000358 0.7232173256348144 0.6786243236000358
0.6786243236000358 0.6888661085104085 0.6786243236000358
0.6786243236000358 0.6973539854387724 0.6786243236000358
0.6786243236000358 0.6888661085104085 0.6786243236000358
0.6786243236000358 0.720352715686848 0.6786243236000358
0.6786243236000358 0.6859331208849027 0.6786243236000358
0.6786243236000358 0.740170270699029 0.6786243236000358
0.6786243236000358 0.7116678369662417 0.6786243236000358
0.6786243236000358 0.6957176422806571 0.6786243236000358
0.6786243236000358 0.7112805793041251 0.6786243236000358
0.6786243236000358 0.6970286827876375 0.6786243236000358
0.6786243236000358 0.7257716722588021 0.6786243236000358
0.6786243236000358 0.71827504885944 0.6786243236000358
0.6786243236000358 0.7076603099055435 0.6786243236000358
0.6786243236000358 0.7382833903035948 0.6786243236000358
0.6786243236000358 0.7155358262951483 0.6786243236000358
0.6786243236000358 0.7132347101595868 0.6786243236000358
0.6786243236000358 0.6939375011013513 0.6786243236000358
0.6786243236000358 0.6972365825410143 0.6786243236000358
0.6786243236000358 0.7202673397717805 0.6786243236000358
0.6786243236000358 0.7001450285573779 0.6786243236000358
0.6786243236000358 0.7134981481948177 0.6786243236000358
0.6786243236000358 0.7135301778683345 0.6786243236000358
0.6786243236000358 0.7171721694532635 0.6786243236000358
0.6786243236000358 0.7197828892691315 0.6786243236000358
0.6786243236000358 0.6965642823270217 0.6786243236000358
0.6786243236000358 0.7173339198678721 0.6786243236000358
0.6786243236000358 0.7120463206611112 0.6786243236000358
0.6786243236000358 0.6961888299836511 0.6786243236000358
0.6786243236000358 0.7393242596549745 0.6786243236000358
0.6786243236000358 0.7198933333026 0.6786243236000358
0.6786243236000358 0.6859331208849027 0.6786243236000358
0.6786243236000358 0.7068001282906757 0.6786243236000358
0.6786243236000358 0.6830968938215268 0.6786243236000358
0.6786243236000358 0.7074580261691543 0.6786243236000358
0.6786243236000358 0.7071621408100011 0.6786243236000358
0.6786243236000358 0.6998597147502555 0.6786243236000358
0.6786243236000358 0.7177933022521202 0.6786243236000358
0.6786243236000358 0.7312683723555777 0.6786243236000358
0.6786243236000358 0.6979611681029848 0.6786243236000358
0.6786243236000358 0.722655607868699 0.6786243236000358
0.6786243236000358 0.7075257644966434 0.6786243236000358
0.6786243236000358 0.6888661085104085 0.6786243236000358
0.6786243236000358 0.7114310894723694 0.6786243236000358
0.6786243236000358 0.7204128622733467 0.6786243236000358
0.6786243236000358 0.7242386172865255 0.6786243236000358
0.6786243236000358 0.7237655915547075 0.6786243236000358
0.6786243236000358 0.7375445693625305 0.6786243236000358
0.6786243236000358 0.7232578190887454 0.6786243236000358
0.6786243236000358 0.7337819380461993 0.6786243236000358
0.6786243236000358 0.7621793468909186 0.6786243236000358
0.6786243236000358 0.7390281803932093 0.6786243236000358
0.6786243236000358 0.7541604160192148 0.6786243236000358
0.6786243236000358 0.7497954162554732 0.6786243236000358
0.6786243236000358 0.755700890185776 0.6786243236000358
0.6786243236000358 0.7979696983021554 0.6786243236000358
0.6786243236000358 0.7823413183347947 0.6786243236000358
0.6786243236000358 0.7682548315589803 0.6786243236000358
0.6786243236000358 0.7620188001118515 0.6786243236000358
0.6786243236000358 0.7750811726721089 0.6786243236000358
0.8035119556895276 0.8175270936381461 0.8035119556895276
0.8035119556895276 0.8153523385450127 0.8035119556895276
0.8035119556895276 0.8298674932011173 0.8035119556895276
0.8035119556895276 0.8133238164028268 0.8035119556895276
0.8035119556895276 0.8085398165856313 0.8035119556895276
0.8035119556895276 0.8223853906246508 0.8035119556895276
0.8035119556895276 0.8203262909916684 0.8035119556895276
0.8035119556895276 0.8203150197234552 0.8035119556895276
0.8035119556895276 0.8243185685153628 0.8035119556895276
0.8035119556895276 0.8152984300955646 0.8035119556895276
0.8035119556895276 0.825891729675931 0.8035119556895276
0.8035119556895276 0.8103414628300815 0.8035119556895276
0.8035119556895276 0.8103414628300815 0.8035119556895276
0.8035119556895276 0.8201533235433807 0.8035119556895276
0.8035119556895276 0.8468434119457996 0.8035119556895276
0.8035119556895276 0.8140861440314648 0.8035119556895276
0.8035119556895276 0.8317717935631729 0.8035119556895276
0.8035119556895276 0.8038009310188101 0.8035119556895276
0.8035119556895276 0.8118252896830024 0.8035119556895276
0.8035119556895276 0.8158523552524989 0.8035119556895276
0.8035119556895276 0.8104957627325003 0.8035119556895276
0.8035119556895276 0.8327212368164849 0.8035119556895276
0.8035119556895276 0.8199687795986632 0.8035119556895276
0.8035119556895276 0.8153693237261853 0.8035119556895276
0.8035119556895276 0.8209156511720188 0.8035119556895276
0.8035119556895276 0.8179264632431104 0.8035119556895276
0.8035119556895276 0.824779058761472 0.8035119556895276
0.8035119556895276 0.835002606635572 0.8035119556895276
0.8035119556895276 0.8262254782154309 0.8035119556895276
0.8035119556895276 0.8158523552524989 0.8035119556895276
0.8035119556895276 0.8327212368164849 0.8035119556895276
0.8035119556895276 0.8189239539892859 0.8035119556895276
0.8035119556895276 0.8378718483874187 0.8035119556895276
0.8035119556895276 0.8382511530172324 0.8035119556895276
0.8035119556895276 0.8274279386252963 0.8035119556895276
0.8035119556895276 0.8137140325166592 0.8035119556895276
0.8035119556895276 0.8152886044413302 0.8035119556895276
0.8035119556895276 0.8126228326491686 0.8035119556895276
0.8035119556895276 0.8233242129565314 0.8035119556895276
0.8035119556895276 0.8103414628300815 0.8035119556895276
0.8035119556895276 0.8235258932299583 0.8035119556895276
0.8035119556895276 0.8155558834840969 0.8035119556895276
0.8035119556895276 0.804714416099393 0.8035119556895276
0.8035119556895276 0.8326319025088376 0.8035119556895276
0.8035119556895276 0.8327212368164849 0.8035119556895276
0.8035119556895276 0.8274279386252963 0.8035119556895276
0.8035119556895276 0.8271445268640091 0.8035119556895276
0.8035119556895276 0.804714416099393 0.8035119556895276
0.8035119556895276 0.8238980047447642 0.8035119556895276
0.8035119556895276 0.817949551620918 0.8035119556895276
0.8035119556895276 0.817949551620918 0.8035119556895276
0.8035119556895276 0.8260314655319336 0.8035119556895276
0.8035119556895276 0.8115439232399468 0.8035119556895276
0.8035119556895276 0.8416570692931704 0.8035119556895276
0.8035119556895276 0.8244093070552055 0.8035119556895276
0.8035119556895276 0.8145262768126922 0.8035119556895276
0.8035119556895276 0.8038009310188101 0.8035119556895276
0.8035119556895276 0.8342050636694059 0.8035119556895276
0.8035119556895276 0.8182963520604276 0.8035119556895276
0.8035119556895276 0.8236656725384875 0.8035119556895276
0.8035119556895276 0.8361589513708478 0.8035119556895276
0.8035119556895276 0.8389461523736405 0.8035119556895276
0.8035119556895276 0.8074837336237444 0.8035119556895276
0.8035119556895276 0.8170548156623643 0.8035119556895276
0.8035119556895276 0.8256642159657981 0.8035119556895276
0.8035119556895276 0.8203076234457995 0.8035119556895276
0.8035119556895276 0.825342880619559 0.8035119556895276
0.8035119556895276 0.8106304381593641 0.8035119556895276
0.8035119556895276 0.8260665298681682 0.8035119556895276
0.8035119556895276 0.8353363551750719 0.8035119556895276
0.8035119556895276 0.817949551620918 0.8035119556895276
0.8035119556895276 0.8307895360935182 0.8035119556895276
0.8035119556895276 0.8138252930590338 0.8035119556895276
0.8035119556895276 0.8349377199142808 0.8035119556895276
0.8035119556895276 0.821355783953246 0.8035119556895276
0.8035119556895276 0.835177406827809 0.8035119556895276
0.8035119556895276 0.8303729810663476 0.8035119556895276
0.8035119556895276 0.8228504388723438 0.8035119556895276
0.8035119556895276 0.8167583438939623 0.8035119556895276
0.8035119556895276 0.8246075438446452 0.8035119556895276
0.8035119556895276 0.8448057620902714 0.8035119556895276
0.8035119556895276 0.8330116228640136 0.8035119556895276
0.8035119556895276 0.8325210141206063 0.8035119556895276
0.8035119556895276 0.8367996665573683 0.8035119556895276
0.8035119556895276 0.8182385269502006 0.8035119556895276
0.8035119556895276 0.8290796565583042 0.8035119556895276
0.8035119556895276 0.8140030078459416 0.8035119556895276
0.8035119556895276 0.8243994814009712 0.8035119556895276
0.8035119556895276 0.8168531505791062 0.8035119556895276
0.8035119556895276 0.8050033914286755 0.8035119556895276
0.8035119556895276 0.848377723749735 0.8035119556895276
0.8035119556895276 0.8173341976317826 0.8035119556895276
0.8035119556895276 0.8270489983865501 0.8035119556895276
0.8035119556895276 0.8156582990554678 0.8035119556895276
0.8035119556895276 0.8270941900857964 0.8035119556895276
0.8035119556895276 0.8223994780249397 0.8035119556895276
0.8035119556895276 0.8246075438446452 0.8035119556895276
0.8035119556895276 0.8300032434661504 0.8035119556895276
0.8035119556895276 0.8260544320796304 0.8035119556895276
0.8035119556895276 0.8278596462853586 0.8035119556895276
0.8035119556895276 0.8565170356521136 0.8035119556895276
0.8035119556895276 0.8673151961703043 0.8035119556895276
0.8035119556895276 0.8617168106950852 0.8035119556895276
0.8035119556895276 0.8412956399593539 0.8035119556895276
0.8035119556895276 0.8355764996871364 0.8035119556895276
0.8035119556895276 0.8537925561821443 0.8035119556895276
0.8035119556895276 0.858533395700771 0.8035119556895276
0.8035119556895276 0.8461832415416716 0.8035119556895276
0.8035119556895276 0.853849176536946 0.8035119556895276
0.8035119556895276 0.8810734848962207 0.8035119556895276
0.8035119556895276 0.8676692182537785 0.8035119556895276
0.8035119556895276 0.8902981915838829 0.8035119556895276
0.8035119556895276 0.898310776722233 0.8035119556895276
0.8035119556895276 0.8806600864496725 0.8035119556895276
0.8035119556895276 0.8773527561121554 0.8035119556895276
0.6886255088444854 0.7021766583161381 0.6886255088444854
0.6886255088444854 0.6998409337252584 0.6886255088444854
0.6886255088444854 0.7037212980639912 0.6886255088444854
0.6886255088444854 0.701784377597856 0.6886255088444854
0.6886255088444854 0.7036086380043385 0.6886255088444854
0.6886255088444854 0.6888166298498585 0.6886255088444854
0.6886255088444854 0.7067608784776148 0.6886255088444854
0.6886255088444854 0.728711785853332 0.6886255088444854
0.6886255088444854 0.7109559149931783 0.6886255088444854
0.6886255088444854 0.7094620576387044 0.6886255088444854
0.6886255088444854 0.697068951467118 0.6886255088444854
0.6886255088444854 0.7096326584353265 0.6886255088444854
0.6886255088444854 0.7211433717610923 0.6886255088444854
0.6886255088444854 0.7352494553836257 0.6886255088444854
0.6886255088444854 0.6888166298498585 0.6886255088444854
0.6886255088444854 0.7109710810485569 0.6886255088444854
0.6886255088444854 0.7091141093866129 0.6886255088444854
0.6886255088444854 0.7164678806158743 0.6886255088444854
0.6886255088444854 0.6888166298498585 0.6886255088444854
0.6886255088444854 0.697068951467118 0.6886255088444854
0.6886255088444854 0.7096326584353265 0.6886255088444854
0.6886255088444854 0.7017991943302052 0.6886255088444854
0.6886255088444854 0.7316337885242967 0.6886255088444854
0.6886255088444854 0.7175575520092454 0.6886255088444854
0.6886255088444854 0.7083555738189758 0.6886255088444854
0.6886255088444854 0.6971307680109351 0.6886255088444854
0.6886255088444854 0.7101677306184037 0.6886255088444854
0.6886255088444854 0.7064930315920632 0.6886255088444854
0.6886255088444854 0.697068951467118 0.6886255088444854
0.6886255088444854 0.7230132071103571 0.6886255088444854
0.6886255088444854 0.7096326584353265 0.6886255088444854
0.6886255088444854 0.712175755953971 0.6886255088444854
0.6886255088444854 0.7150674617739935 0.6886255088444854
0.6886255088444854 0.7102426369528378 0.6886255088444854
0.6886255088444854 0.6901193661989593 0.6886255088444854
0.6886255088444854 0.7436422174521502 0.6886255088444854
0.6886255088444854 0.7194145236711894 0.6886255088444854
0.6886255088444854 0.7278870123394073 0.6886255088444854
0.6886255088444854 0.7300505909338466 0.6886255088444854
0.6886255088444854 0.7245578468582101 0.6886255088444854
0.6886255088444854 0.7271238585214513 0.6886255088444854
0.6886255088444854 0.7129038831795543 0.6886255088444854
0.6886255088444854 0.7264909434521053 0.6886255088444854
0.6886255088444854 0.7201921065158334 0.6886255088444854
0.6886255088444854 0.703670515670612 0.6886255088444854
0.6886255088444854 0.7272470399289207 0.6886255088444854
0.6886255088444854 0.7272470399289207 0.6886255088444854
0.6886255088444854 0.7124649384030308 0.6886255088444854
0.6886255088444854 0.7287069318334474 0.6886255088444854
0.6886255088444854 0.7478809761846142 0.6886255088444854
0.6886255088444854 0.7243002012755203 0.6886255088444854
0.6886255088444854 0.7276211665671836 0.6886255088444854
0.6886255088444854 0.7193638431170815 0.6886255088444854
0.6886255088444854 0.7514694496659446 0.6886255088444854
0.6886255088444854 0.7297370431903819 0.6886255088444854
0.6886255088444854 0.7231838079069792 0.6886255088444854
0.6886255088444854 0.7084375410918458 0.6886255088444854
0.6886255088444854 0.717905500261337 0.6886255088444854
0.6886255088444854 0.7121647406866238 0.6886255088444854
0.6886255088444854 0.7306771170005705 0.6886255088444854
0.6886255088444854 0.7333855127185666 0.6886255088444854
0.6886255088444854 0.7501102505629391 0.6886255088444854
0.6886255088444854 0.7497891177574566 0.6886255088444854
0.6886255088444854 0.7218566676971206 0.6886255088444854
0.6886255088444854 0.7246972002853751 0.6886255088444854
0.6886255088444854 0.708546694824349 0.6886255088444854
0.6886255088444854 0.7456984515935667 0.6886255088444854
0.6886255088444854 0.7341126583683499 0.6886255088444854
0.6886255088444854 0.7226209263920749 0.6886255088444854
0.6886255088444854 0.7032950902608739 0.6886255088444854
0.6886255088444854 0.697260072472491 0.6886255088444854
0.6886255088444854 0.734694521232745 0.6886255088444854
0.6886255088444854 0.7262828866547665 0.6886255088444854
0.6886255088444854 0.7175575520092454 0.6886255088444854
0.6886255088444854 0.7026471784459705 0.6886255088444854
0.6886255088444854 0.7148240628851115 0.6886255088444854
0.6886255088444854 0.7372313658646592 0.6886255088444854
0.6886255088444854 0.7086286620972188 0.6886255088444854
0.6886255088444854 0.7019754986032288 0.6886255088444854
0.6886255088444854 0.7458057960465895 0.6886255088444854
0.6886255088444854 0.7119194630773094 0.6886255088444854
0.6886255088444854 0.7249113232385069 0.6886255088444854
0.6886255088444854 0.7222729781399834 0.6886255088444854
0.6886255088444854 0.7289623836771376 0.6886255088444854
0.6886255088444854 0.7360746113648347 0.6886255088444854
0.6886255088444854 0.7596417214380583 0.6886255088444854
0.6886255088444854 0.7241447665342767 0.6886255088444854
0.6886255088444854 0.7028382994513436 0.6886255088444854
0.6886255088444854 0.7208577004715554 0.6886255088444854
0.6886255088444854 0.736188378587219 0.6886255088444854
0.6886255088444854 0.7242098986061186 0.6886255088444854
0.6886255088444854 0.7292737017687202 0.6886255088444854
0.6886255088444854 0.7373285027859533 0.6886255088444854
0.6886255088444854 0.7522620329628176 0.6886255088444854
0.6886255088444854 0.722868886882721 0.6886255088444854
0.6886255088444854 0.7051024953588124 0.6886255088444854
0.6886255088444854 0.7096531786440774 0.6886255088444854
0.6886255088444854 0.7332028314071228 0.6886255088444854
0.6886255088444854 0.7345271598873749 0.6886255088444854
0.6886255088444854 0.7152585827793665 0.6886255088444854
0.6886255088444854 0.7266871916063955 0.6886255088444854
0.6886255088444854 0.7452170481969598 0.6886255088444854
0.6886255088444854 0.7349530948214035 0.6886255088444854
0.6886255088444854 0.7327138328758249 0.6886255088444854
0.6886255088444854 0.7746269301305976 0.6886255088444854
0.6886255088444854 0.7484453105251349 0.6886255088444854
0.6886255088444854 0.7637305360670366 0.6886255088444854
0.6886255088444854 0.7637410152091936 0.6886255088444854
0.6886255088444854 0.802804718877166 0.6886255088444854
0.6886255088444854 0.7659613496325844 0.6886255088444854
0.6886255088444854 0.8217326906499193 0.6886255088444854
0.6886255088444854 0.824636700271622 0.6886255088444854
0.6886255088444854 0.8174348158830689 0.6886255088444854
0.6886255088444854 0.789722494046189 0.6886255088444854
0.6886255088444854 0.7833849188454519 0.6886255088444854
0.6325997557858056 0.645030780584645 0.6325997557858056
0.6325997557858056 0.6326100755845057 0.6325997557858056
0.6325997557858056 0.6557182114980686 0.6325997557858056
0.6325997557858056 0.670472402208323 0.6325997557858056
0.6325997557858056 0.6966389996896463 0.6325997557858056
0.6325997557858056 0.6481344230746522 0.6325997557858056
0.6325997557858056 0.6852158506011479 0.6325997557858056
0.6325997557858056 0.6759529637556823 0.6325997557858056
0.6325997557858056 0.6498172472691538 0.6325997557858056
0.6325997557858056 0.6639457365581717 0.6325997557858056
0.6325997557858056 0.6460143908418774 0.6325997557858056
0.6325997557858056 0.6425028329866586 0.6325997557858056
0.6325997557858056 0.7208520612792221 0.6325997557858056
0.6325997557858056 0.6565605928849966 0.6325997557858056
0.6325997557858056 0.6617041913327751 0.6325997557858056
0.6325997557858056 0.6550542038235486 0.6325997557858056
0.6325997557858056 0.6557182114980686 0.6325997557858056
0.6325997557858056 0.6575377847410986 0.6325997557858056
0.6325997557858056 0.7086430741808116 0.6325997557858056
0.6325997557858056 0.6789166777587937 0.6325997557858056
0.6325997557858056 0.6758697732444774 0.6325997557858056
0.6325997557858056 0.6712338322507412 0.6325997557858056
0.6325997557858056 0.6557182114980686 0.6325997557858056
0.6325997557858056 0.655799221334794 0.6325997557858056
0.6325997557858056 0.666604402396829 0.6325997557858056
0.6325997557858056 0.651631823893439 0.6325997557858056
0.6325997557858056 0.6722116595224512 0.6325997557858056
0.6325997557858056 0.6621516826305893 0.6325997557858056
0.6325997557858056 0.6557182114980686 0.6325997557858056
0.6325997557858056 0.6560269793654694 0.6325997557858056
0.6325997557858056 0.6913718953587406 0.6325997557858056
0.6325997557858056 0.6682359664638798 0.6325997557858056
0.6325997557858056 0.671561646654316 0.6325997557858056
0.6325997557858056 0.6989882289567405 0.6325997557858056
0.6325997557858056 0.6664636700858495 0.6325997557858056
0.6325997557858056 0.6707452714209053 0.6325997557858056
0.6325997557858056 0.7367747341858604 0.6325997557858056
0.6325997557858056 0.6676787116167778 0.6325997557858056
0.6325997557858056 0.6639457365581717 0.6325997557858056
0.6325997557858056 0.6913615755600405 0.6325997557858056
0.6325997557858056 0.6570577671522513 0.6325997557858056
0.6325997557858056 0.6326100755845057 0.6325997557858056
0.6325997557858056 0.6999138008548732 0.6325997557858056
0.6325997557858056 0.6815638713529799 0.6325997557858056
0.6325997557858056 0.6654219335488295 0.6325997557858056
0.6325997557858056 0.6681492362969083 0.6325997557858056
0.6325997557858056 0.7048190755893957 0.6325997557858056
0.6325997557858056 0.6650464589495108 0.6325997557858056
0.6325997557858056 0.6481447428733522 0.6325997557858056
0.6325997557858056 0.6557285312967687 0.6325997557858056
0.6325997557858056 0.7008078021997703 0.6325997557858056
0.6325997557858056 0.6639457365581717 0.6325997557858056
0.6325997557858056 0.7395336652578001 0.6325997557858056
0.6325997557858056 0.6565709126836966 0.6325997557858056
0.6325997557858056 0.7076702986388909 0.6325997557858056
0.6325997557858056 0.6927848700934801 0.6325997557858056
0.6325997557858056 0.6468894038643621 0.6325997557858056
0.6325997557858056 0.6624240711532088 0.6325997557858056
0.6325997557858056 0.7114551668257922 0.6325997557858056
0.6325997557858056 0.6729357029814169 0.6325997557858056
0.6325997557858056 0.6557182114980686 0.6325997557858056
0.6325997557858056 0.691404440533324 0.6325997557858056
0.6325997557858056 0.6802572327012397 0.6325997557858056
0.6325997557858056 0.6681019588559156 0.6325997557858056
0.6325997557858056 0.6694416144215412 0.6325997557858056
0.6325997557858056 0.6741352161316146 0.6325997557858056
0.6325997557858056 0.7192229812143539 0.6325997557858056
0.6325997557858056 0.708334306313411 0.6325997557858056
0.6325997557858056 0.7167712033590078 0.6325997557858056
0.6325997557858056 0.6691328465541404 0.6325997557858056
0.6325997557858056 0.6557285312967687 0.6325997557858056
0.6325997557858056 0.6806669912627193 0.6325997557858056
0.6325997557858056 0.7104217226486337 0.6325997557858056
0.6325997557858056 0.6689916176838361 0.6325997557858056
0.6325997557858056 0.6997413221291614 0.6325997557858056
0.6325997557858056 0.6557285312967687 0.6325997557858056
0.6325997557858056 0.6870641922704348 0.6325997557858056
0.6325997557858056 0.672279624036445 0.6325997557858056
0.6325997557858056 0.6751188263888469 0.6325997557858056
0.6325997557858056 0.6518649677284665 0.6325997557858056
0.6325997557858056 0.6990714194679454 0.6325997557858056
0.6325997557858056 0.6807362594404086 0.6325997557858056
0.6325997557858056 0.6894138404345236 0.6325997557858056
0.6325997557858056 0.6557285312967687 0.6325997557858056
0.6325997557858056 0.6846484673068131 0.6325997557858056
0.6325997557858056 0.7060678228818887 0.6325997557858056
0.6325997557858056 0.6795122151899945 0.6325997557858056
0.6325997557858056 0.7091766877003388 0.6325997557858056
0.6325997557858056 0.6691328465541404 0.6325997557858056
0.6325997557858056 0.6575481045397986 0.6325997557858056
0.6325997557858056 0.708334306313411 0.6325997557858056
0.6325997557858056 0.691255715211204 0.6325997557858056
0.6325997557858056 0.6870641922704348 0.6325997557858056
0.6325997557858056 0.6783939976888289 0.6325997557858056
0.6325997557858056 0.6910624137632748 0.6325997557858056
0.6325997557858056 0.6639560563568717 0.6325997557858056
0.6325997557858056 0.6747502796057021 0.6325997557858056
0.6325997557858056 0.6993801873353459 0.6325997557858056
0.6325997557858056 0.6865172967300216 0.6325997557858056
0.6325997557858056 0.6945497082115861 0.6325997557858056
0.6325997557858056 0.7336226014005232 0.6325997557858056
0.6325997557858056 0.7063757617687332 0.6325997557858056
0.6325997557858056 0.7289790572510404 0.6325997557858056
0.6325997557858056 0.6991779000724958 0.6325997557858056
0.6325997557858056 0.6913527076149628 0.6325997557858056
0.6325997557858056 0.7791995135406107 0.6325997557858056
0.6325997557858056 0.7510285212589026 0.6325997557858056
0.6325997557858056 0.7262764171209128 0.6325997557858056
0.6325997557858056 0.7495745862607498 0.6325997557858056
0.6325997557858056 0.7486722122857988 0.6325997557858056
0.6325997557858056 0.7723022056657038 0.6325997557858056
0.6325997557858056 0.7799531390611821 0.6325997557858056
0.6325997557858056 0.7478287508006064 0.6325997557858056
0.6325997557858056 0.7782385763766227 0.6325997557858056
0.6325997557858056 0.8079045425693896 0.6325997557858056
0.5618275341164822 0.5912494358488948 0.5618275341164822
0.5618275341164822 0.5825009755632312 0.5618275341164822
0.5618275341164822 0.57968049159884 0.5618275341164822
0.5618275341164822 0.5914068874782444 0.5618275341164822
0.5618275341164822 0.5839693793928153 0.5618275341164822
0.5618275341164822 0.5815206474640296 0.5618275341164822
0.5618275341164822 0.5928003752829241 0.5618275341164822
0.5618275341164822 0.5896784113947685 0.5618275341164822
0.5618275341164822 0.6061304251041362 0.5618275341164822
0.5618275341164822 0.6288872841739915 0.5618275341164822
0.5618275341164822 0.648770454058877 0.5618275341164822
0.5618275341164822 0.6208287892106569 0.5618275341164822
0.5618275341164822 0.6045866649704671 0.5618275341164822
0.5618275341164822 0.582444819694134 0.5618275341164822
0.5618275341164822 0.6111785729170026 0.5618275341164822
0.5618275341164822 0.5963824362315665 0.5618275341164822
0.5618275341164822 0.5881314924275189 0.5618275341164822
0.5618275341164822 0.5884419536035167 0.5618275341164822
0.5618275341164822 0.6001535309511229 0.5618275341164822
0.5618275341164822 0.6184121646176373 0.5618275341164822
0.5618275341164822 0.5905612873393509 0.5618275341164822
0.5618275341164822 0.5790470800595209 0.5618275341164822
0.5618275341164822 0.5820178788572291 0.5618275341164822
0.5618275341164822 0.6018087390796183 0.5618275341164822
0.5618275341164822 0.5742405909552334 0.5618275341164822
0.5618275341164822 0.5818278781801032 0.5618275341164822
0.5618275341164822 0.5831240399417311 0.5618275341164822
0.5618275341164822 0.5834577326480955 0.5618275341164822
0.5618275341164822 0.6026351644348807 0.5618275341164822
0.5618275341164822 0.5831501890809735 0.5618275341164822
0.5618275341164822 0.6002977771764918 0.5618275341164822
0.5618275341164822 0.6027314233848171 0.5618275341164822
0.5618275341164822 0.5885076951274932 0.5618275341164822
0.5618275341164822 0.6091023933312525 0.5618275341164822
0.5618275341164822 0.6201406407011131 0.5618275341164822
0.5618275341164822 0.5759212454931035 0.5618275341164822
0.5618275341164822 0.6101246110571759 0.5618275341164822
0.5618275341164822 0.6107516320800978 0.5618275341164822
0.5618275341164822 0.5893929229997819 0.5618275341164822
0.5618275341164822 0.5838206527461391 0.5618275341164822
0.5618275341164822 0.6259861276956976 0.5618275341164822
0.5618275341164822 0.612566587789874 0.5618275341164822
0.5618275341164822 0.6005445492662701 0.5618275341164822
0.5618275341164822 0.6451818332307635 0.5618275341164822
0.5618275341164822 0.612703132615684 0.5618275341164822
0.5618275341164822 0.5816832367080437 0.5618275341164822
0.5618275341164822 0.6159823697058052 0.5618275341164822
0.5618275341164822 0.6207708165287746 0.5618275341164822
0.5618275341164822 0.6248585037133638 0.5618275341164822
0.5618275341164822 0.6355523268365487 0.5618275341164822
0.5618275341164822 0.5825024270198855 0.5618275341164822
0.5618275341164822 0.5856531871480753 0.5618275341164822
0.5618275341164822 0.6208269723978718 0.5618275341164822
0.5618275341164822 0.5765759377776082 0.5618275341164822
0.5618275341164822 0.5817043013614741 0.5618275341164822
0.5618275341164822 0.5830842231659704 0.5618275341164822
0.5618275341164822 0.6036624926876459 0.5618275341164822
0.5618275341164822 0.6046428208395642 0.5618275341164822
0.5618275341164822 0.6180064884334807 0.5618275341164822
0.5618275341164822 0.5946960882368056 0.5618275341164822
0.5618275341164822 0.6270136522884812 0.5618275341164822
0.5618275341164822 0.6199831890717634 0.5618275341164822
0.5618275341164822 0.6200560573146999 0.5618275341164822
0.5618275341164822 0.6133912811252278 0.5618275341164822
0.5618275341164822 0.6537308892404218 0.5618275341164822
0.5618275341164822 0.6208284238545261 0.5618275341164822
0.5618275341164822 0.6095558818042667 0.5618275341164822
0.5618275341164822 0.6092696902447736 0.5618275341164822
0.5618275341164822 0.6144305738145374 0.5618275341164822
0.5618275341164822 0.5868845426627353 0.5618275341164822
0.5618275341164822 0.580829382328894 0.5618275341164822
0.5618275341164822 0.6381706797375831 0.5618275341164822
0.5618275341164822 0.6041311740948444 0.5618275341164822
0.5618275341164822 0.6434389534318687 0.5618275341164822
0.5618275341164822 0.5980629386850431 0.5618275341164822
0.5618275341164822 0.6118667214265464 0.5618275341164822
0.5618275341164822 0.5969000375418787 0.5618275341164822
0.5618275341164822 0.5908207556216191 0.5618275341164822
0.5618275341164822 0.6245870090340879 0.5618275341164822
0.5618275341164822 0.6355598744243014 0.5618275341164822
0.5618275341164822 0.5912976892342153 0.5618275341164822
0.5618275341164822 0.6150750888804878 0.5618275341164822
0.5618275341164822 0.6117494968837829 0.5618275341164822
0.5618275341164822 0.6295754326835353 0.5618275341164822
0.5618275341164822 0.6192175105241665 0.5618275341164822
0.5618275341164822 0.5839693793928153 0.5618275341164822
0.5618275341164822 0.5963243116396082 0.5618275341164822
0.5618275341164822 0.6031182611408828 0.5618275341164822
0.5618275341164822 0.6078660502994571 0.5618275341164822
0.5618275341164822 0.6038199443169955 0.5618275341164822
0.5618275341164822 0.6118573201019616 0.5618275341164822
0.5618275341164822 0.6254856912278665 0.5618275341164822
0.5618275341164822 0.6054508512777524 0.5618275341164822
0.5618275341164822 0.6418353196923595 0.5618275341164822
0.5618275341164822 0.6120817803816476 0.5618275341164822
0.5618275341164822 0.5942409350188542 0.5618275341164822
0.5618275341164822 0.5947009664481536 0.5618275341164822
0.5618275341164822 0.599543661048277 0.5618275341164822
0.5618275341164822 0.6165358394010898 0.5618275341164822
0.5618275341164822 0.5949140324019823 0.5618275341164822
0.5618275341164822 0.6144372972613912 0.5618275341164822
0.5618275341164822 0.6267497892511069 0.5618275341164822
0.5618275341164822 0.6253100350640977 0.5618275341164822
0.5618275341164822 0.637395738975284 0.5618275341164822
0.5618275341164822 0.6468506053343138 0.5618275341164822
0.5618275341164822 0.6906771069779677 0.5618275341164822
0.5618275341164822 0.682388968465134 0.5618275341164822
0.5618275341164822 0.6605237876803218 0.5618275341164822
0.5618275341164822 0.6984753389603725 0.5618275341164822
0.5618275341164822 0.6659560994025142 0.5618275341164822
0.5618275341164822 0.70998347092925 0.5618275341164822
0.5618275341164822 0.704739775216429 0.5618275341164822
0.5618275341164822 0.7229139423605161 0.5618275341164822
0.5618275341164822 0.7140424130281158 0.5618275341164822
0.5618275341164822 0.733527480800916 0.5618275341164822
0.6832367593730437 0.7255695888161641 0.6832367593730437
0.6832367593730437 0.7009790566349475 0.6832367593730437
0.6832367593730437 0.6961334782786854 0.6832367593730437
0.6832367593730437 0.7018778517127177 0.6832367593730437
0.6832367593730437 0.7036376289833655 0.6832367593730437
0.6832367593730437 0.704818759770337 0.6832367593730437
0.6832367593730437 0.7051864695619209 0.6832367593730437
0.6832367593730437 0.7116985280234744 0.6832367593730437
0.6832367593730437 0.6919880049624028 0.6832367593730437
0.6832367593730437 0.7163482821022894 0.6832367593730437
0.6832367593730437 0.6965789493550782 0.6832367593730437
0.6832367593730437 0.7456978682792164 0.6832367593730437
0.6832367593730437 0.7072080905197311 0.6832367593730437
0.6832367593730437 0.7068747854529424 0.6832367593730437
0.6832367593730437 0.6983224657521268 0.6832367593730437
0.6832367593730437 0.6933683817498516 0.6832367593730437
0.6832367593730437 0.6971078201657332 0.6832367593730437
0.6832367593730437 0.7058590657550924 0.6832367593730437
0.6832367593730437 0.7111106790117555 0.6832367593730437
0.6832367593730437 0.7016531951573574 0.6832367593730437
0.6832367593730437 0.6947003176072885 0.6832367593730437
0.6832367593730437 0.6953776402001074 0.6832367593730437
0.6832367593730437 0.6955771589360149 0.6832367593730437
0.6832367593730437 0.7121935265448163 0.6832367593730437
0.6832367593730437 0.7048149877452767 0.6832367593730437
0.6832367593730437 0.7034515631966475 0.6832367593730437
0.6832367593730437 0.7193954924192612 0.6832367593730437
0.6832367593730437 0.7011551494150317 0.6832367593730437
0.6832367593730437 0.7204497736128336 0.6832367593730437
0.6832367593730437 0.7164357303703198 0.6832367593730437
0.6832367593730437 0.7332805284207679 0.6832367593730437
0.6832367593730437 0.7286389818025109 0.6832367593730437
0.6832367593730437 0.6919880049624028 0.6832367593730437
0.6832367593730437 0.693617210593671 0.6832367593730437
0.6832367593730437 0.6992833330637577 0.6832367593730437
0.6832367593730437 0.7048847238680446 0.6832367593730437
0.6832367593730437 0.6902275753559662 0.6832367593730437
0.6832367593730437 0.714321246616982 0.6832367593730437
0.6832367593730437 0.7216951851097189 0.6832367593730437
0.6832367593730437 0.708495304100099 0.6832367593730437
0.6832367593730437 0.7253020237980212 0.6832367593730437
0.6832367593730437 0.717233448621912 0.6832367593730437
0.6832367593730437 0.7294408252853783 0.6832367593730437
0.6832367593730437 0.7178310214151725 0.6832367593730437
0.6832367593730437 0.693617210593671 0.6832367593730437
0.6832367593730437 0.70236845618303 0.6832367593730437
0.6832367593730437 0.733122297870858 0.6832367593730437
0.6832367593730437 0.7099678650700217 0.6832367593730437
0.6832367593730437 0.7104044407467164 0.6832367593730437
0.6832367593730437 0.7145636752816471 0.6832367593730437
0.6832367593730437 0.7137692513601734 0.6832367593730437
0.6832367593730437 0.6994072919772525 0.6832367593730437
0.6832367593730437 0.7219604918320254 0.6832367593730437
0.6832367593730437 0.7246170827148464 0.6832367593730437
0.6832367593730437 0.725291221237256 0.6832367593730437
0.6832367593730437 0.7363347990213696 0.6832367593730437
0.6832367593730437 0.7384296337204526 0.6832367593730437
0.6832367593730437 0.7240389275864457 0.6832367593730437
0.6832367593730437 0.7055092625769154 0.6832367593730437
0.6832367593730437 0.7198360005423173 0.6832367593730437
0.6832367593730437 0.7173397128965391 0.6832367593730437
0.6832367593730437 0.7170064078297503 0.6832367593730437
0.6832367593730437 0.7018899702283429 0.6832367593730437
0.6832367593730437 0.7072394425425411 0.6832367593730437
0.6832367593730437 0.6931387246389837 0.6832367593730437
0.6832367593730437 0.7284567858502358 0.6832367593730437
0.6832367593730437 0.7252196293806589 0.6832367593730437
0.6832367593730437 0.7059576101566423 0.6832367593730437
0.6832367593730437 0.7058590657550924 0.6832367593730437
0.6832367593730437 0.7061810585767138 0.6832367593730437
0.6832367593730437 0.7257145564804822 0.6832367593730437
0.6832367593730437 0.7245952469291163 0.6832367593730437
0.6832367593730437 0.69974405851074 0.6832367593730437
0.6832367593730437 0.6988170128375983 0.6832367593730437
0.6832367593730437 0.7186716487539759 0.6832367593730437
0.6832367593730437 0.7060354435446256 0.6832367593730437
0.6832367593730437 0.724950387781635 0.6832367593730437
0.6832367593730437 0.7299676229191252 0.6832367593730437
0.6832367593730437 0.7267646979341539 0.6832367593730437
0.6832367593730437 0.7211273425186298 0.6832367593730437
0.6832367593730437 0.7068411984343523 0.6832367593730437
0.6832367593730437 0.7471044732208661 0.6832367593730437
0.6832367593730437 0.7048319399840964 0.6832367593730437
0.6832367593730437 0.7165343478890074 0.6832367593730437
0.6832367593730437 0.7155242559500469 0.6832367593730437
0.6832367593730437 0.7229287668238247 0.6832367593730437
0.6832367593730437 0.7118095757532595 0.6832367593730437
0.6832367593730437 0.7016639977181224 0.6832367593730437
0.6832367593730437 0.695577158936015 0.6832367593730437
0.6832367593730437 0.7288244956418196 0.6832367593730437
0.6832367593730437 0.7213799262452694 0.6832367593730437
0.6832367593730437 0.7138757755405893 0.6832367593730437
0.6832367593730437 0.7084738778416567 0.6832367593730437
0.6832367593730437 0.7041288857894665 0.6832367593730437
0.6832367593730437 0.7088008708305742 0.6832367593730437
0.6832367593730437 0.7085713783999781 0.6832367593730437
0.6832367593730437 0.7037488329704789 0.6832367593730437
0.6832367593730437 0.7070737113414858 0.6832367593730437
0.6832367593730437 0.710267233171251 0.6832367593730437
0.6832367593730437 0.7320993976337963 0.6832367593730437
0.6832367593730437 0.7248145049338826 0.6832367593730437
0.6832367593730437 0.7177676610009958 0.6832367593730437
0.6832367593730437 0.7141391646718263 0.6832367593730437
0.6832367593730437 0.7237574332895159 0.6832367593730437
0.6832367593730437 0.7492625523839435 0.6832367593730437
0.6832367593730437 0.7911999095777539 0.6832367593730437
0.6832367593730437 0.7657694242893178 0.6832367593730437
0.6832367593730437 0.7632004629936968 0.6832367593730437
0.6832367593730437 0.7601630338170625 0.6832367593730437
0.6832367593730437 0.7474603716805592 0.6832367593730437
0.6832367593730437 0.7823394209338356 0.6832367593730437
0.6832367593730437 0.8132063921954599 0.6832367593730437
0.6832367593730437 0.7724960487631689 0.6832367593730437
0.6832367593730437 0.7788535169046095 0.6832367593730437
0.6832367593730437 0.8007114413340777 0.6832367593730437
0.5832114374327408 0.6016117423229362 0.5832114374327408
0.5832114374327408 0.6107167759499933 0.5832114374327408
0.5832114374327408 0.6021575850563636 0.5832114374327408
0.5832114374327408 0.6133502890420737 0.5832114374327408
0.5832114374327408 0.6045490519326691 0.5832114374327408
0.5832114374327408 0.62383893612472 0.5832114374327408
0.5832114374327408 0.621485397292503 0.5832114374327408
0.5832114374327408 0.6198378618953101 0.5832114374327408
0.5832114374327408 0.6297312878848936 0.5832114374327408
0.5832114374327408 0.627359265565441 0.5832114374327408
0.5832114374327408 0.6104034756487543 0.5832114374327408
0.5832114374327408 0.6172652599343292 0.5832114374327408
0.5832114374327408 0.6025392496688802 0.5832114374327408
0.5832114374327408 0.6101537417777008 0.5832114374327408
0.5832114374327408 0.6082659622564424 0.5832114374327408
0.5832114374327408 0.6135404996770282 0.5832114374327408
0.5832114374327408 0.6275937744925818 0.5832114374327408
0.5832114374327408 0.5895840235368299 0.5832114374327408
0.5832114374327408 0.600310203270595 0.5832114374327408
0.5832114374327408 0.6235919264547444 0.5832114374327408
0.5832114374327408 0.6518896334543011 0.5832114374327408
0.5832114374327408 0.6184978707350477 0.5832114374327408
0.5832114374327408 0.5962636971344465 0.5832114374327408
0.5832114374327408 0.6008047305715847 0.5832114374327408
0.5832114374327408 0.6488934609484216 0.5832114374327408
0.5832114374327408 0.6416227831269271 0.5832114374327408
0.5832114374327408 0.6045818469700711 0.5832114374327408
0.5832114374327408 0.6046457788311216 0.5832114374327408
0.5832114374327408 0.6531523446921365 0.5832114374327408
0.5832114374327408 0.6272121098800651 0.5832114374327408
0.5832114374327408 0.6435523955587491 0.5832114374327408
0.5832114374327408 0.601306225965974 0.5832114374327408
0.5832114374327408 0.6166868770201774 0.5832114374327408
0.5832114374327408 0.6300445881861326 0.5832114374327408
0.5832114374327408 0.6430968478878384 0.5832114374327408
0.5832114374327408 0.6458158818719887 0.5832114374327408
0.5832114374327408 0.632486647300651 0.5832114374327408
0.5832114374327408 0.595972412579634 0.5832114374327408
0.5832114374327408 0.6448624082216164 0.5832114374327408
0.5832114374327408 0.6285366027538133 0.5832114374327408
0.5832114374327408 0.5966760583802191 0.5832114374327408
0.5832114374327408 0.6192563508942177 0.5832114374327408
0.5832114374327408 0.6222390719699654 0.5832114374327408
0.5832114374327408 0.6427850837483428 0.5832114374327408
0.5832114374327408 0.6422463215553303 0.5832114374327408
0.5832114374327408 0.6044344806953058 0.5832114374327408
0.5832114374327408 0.6184598083824924 0.5832114374327408
0.5832114374327408 0.6138569902732904 0.5832114374327408
0.5832114374327408 0.6178659113898296 0.5832114374327408
0.5832114374327408 0.6296629235736161 0.5832114374327408
0.5832114374327408 0.6105675109222372 0.5832114374327408
0.5832114374327408 0.6360146892563168 0.5832114374327408
0.5832114374327408 0.6220978166903637 0.5832114374327408
0.5832114374327408 0.6127454888148784 0.5832114374327408
0.5832114374327408 0.5972399114419077 0.5832114374327408
0.5832114374327408 0.6547174483973176 0.5832114374327408
0.5832114374327408 0.6314450775753069 0.5832114374327408
0.5832114374327408 0.6513442746419724 0.5832114374327408
0.5832114374327408 0.6178027786475387 0.5832114374327408
0.5832114374327408 0.6133624629723007 0.5832114374327408
0.5832114374327408 0.6202523735895968 0.5832114374327408
0.5832114374327408 0.5952556702957654 0.5832114374327408
0.5832114374327408 0.6283100690888371 0.5832114374327408
0.5832114374327408 0.6702625002591397 0.5832114374327408
0.5832114374327408 0.6273384472674961 0.5832114374327408
0.5832114374327408 0.6130711784174881 0.5832114374327408
0.5832114374327408 0.6288115644832265 0.5832114374327408
0.5832114374327408 0.6365930721704687 0.5832114374327408
0.5832114374327408 0.6055122384236713 0.5832114374327408
0.5832114374327408 0.6275022414866085 0.5832114374327408
0.5832114374327408 0.6432400217889214 0.5832114374327408
0.5832114374327408 0.6589519937897599 0.5832114374327408
0.5832114374327408 0.6234777510968864 0.5832114374327408
0.5832114374327408 0.6232060014794065 0.5832114374327408
0.5832114374327408 0.6328683119131676 0.5832114374327408
0.5832114374327408 0.6159190231751893 0.5832114374327408
0.5832114374327408 0.6408556275593261 0.5832114374327408
0.5832114374327408 0.6253647280942964 0.5832114374327408
0.5832114374327408 0.6433367486873738 0.5832114374327408
0.5832114374327408 0.6380728494394896 0.5832114374327408
0.5832114374327408 0.6088878381275334 0.5832114374327408
0.5832114374327408 0.6371305908836781 0.5832114374327408
0.5832114374327408 0.6278353323248174 0.5832114374327408
0.5832114374327408 0.6351500763920693 0.5832114374327408
0.5832114374327408 0.6260101970279708 0.5832114374327408
0.5832114374327408 0.6226105431581304 0.5832114374327408
0.5832114374327408 0.6297003036548231 0.5832114374327408
0.5832114374327408 0.6377876206186318 0.5832114374327408
0.5832114374327408 0.6085301711604527 0.5832114374327408
0.5832114374327408 0.6186234371479795 0.5832114374327408
0.5832114374327408 0.6419337246579532 0.5832114374327408
0.5832114374327408 0.660879872281576 0.5832114374327408
0.5832114374327408 0.6558891001371463 0.5832114374327408
0.5832114374327408 0.6355585742203466 0.5832114374327408
0.5832114374327408 0.629349623272377 0.5832114374327408
0.5832114374327408 0.6368911958264257 0.5832114374327408
0.5832114374327408 0.6373881731404993 0.5832114374327408
0.5832114374327408 0.6146640020246421 0.5832114374327408
0.5832114374327408 0.6539777877340528 0.5832114374327408
0.5832114374327408 0.648979370196682 0.5832114374327408
0.5832114374327408 0.6536854184883296 0.5832114374327408
0.5832114374327408 0.6586987193618068 0.5832114374327408
0.5832114374327408 0.6483644942948746 0.5832114374327408
0.5832114374327408 0.6360728897589123 0.5832114374327408
0.5832114374327408 0.6334206255073531 0.5832114374327408
0.5832114374327408 0.6991865711559615 0.5832114374327408
0.5832114374327408 0.6876137813196017 0.5832114374327408
0.5832114374327408 0.712383877968677 0.5832114374327408
0.5832114374327408 0.6841773716074941 0.5832114374327408
0.5832114374327408 0.6958043012354355 0.5832114374327408
0.5832114374327408 0.7346172401181883 0.5832114374327408
0.5832114374327408 0.7097904518010516 0.5832114374327408
0.5832114374327408 0.7441010386201888 0.5832114374327408
0.5832114374327408 0.7574580448863214 0.5832114374327408
0.5832114374327408 0.7357673188652394 0.5832114374327408
0.7353726451323351 0.7460068495338377 0.7353726451323351
0.7353726451323351 0.7353726451323351 0.7353726451323351
0.7353726451323351 0.7455588225314712 0.7353726451323351
0.7353726451323351 0.7550570668122121 0.7353726451323351
0.7353726451323351 0.7482500028675135 0.7353726451323351
0.7353726451323351 0.7353726451323351 0.7353726451323351
0.7353726451323351 0.7353726451323351 0.7353726451323351
0.7353726451323351 0.7353726451323351 0.7353726451323351
0.7353726451323351 0.7496133997866725 0.7353726451323351
0.7353726451323351 0.7573654808737406 0.7353726451323351
0.7353726451323351 0.7709391609582268 0.7353726451323351
0.7353726451323351 0.7353726451323351 0.7353726451323351
0.7353726451323351 0.7619291758362504 0.7353726451323351
0.7353726451323351 0.7353726451323351 0.7353726451323351
0.7353726451323351 0.7563881572791653 0.7353726451323351
0.7353726451323351 0.7460068495338377 0.7353726451323351
0.7353726451323351 0.7489548507023139 0.7353726451323351
0.7353726451323351 0.7561930269329737 0.7353726451323351
0.7353726451323351 0.7353726451323351 0.7353726451323351
0.7353726451323351 0.7696950271602451 0.7353726451323351
0.7353726451323351 0.7414262013694632 0.7353726451323351
0.7353726451323351 0.7460068495338377 0.7353726451323351
0.7353726451323351 0.7619291758362504 0.7353726451323351
0.7353726451323351 0.7504665538452366 0.7353726451323351
0.7353726451323351 0.7537317313636145 0.7353726451323351
0.7353726451323351 0.7353726451323351 0.7353726451323351
0.7353726451323351 0.754060702252363 0.7353726451323351
0.7353726451323351 0.7414262013694632 0.7353726451323351
0.7353726451323351 0.7553670795401156 0.7353726451323351
0.7353726451323351 0.7460068495338377 0.7353726451323351
0.7353726451323351 0.7793273948563151 0.7353726451323351
0.7353726451323351 0.7353726451323351 0.7353726451323351
0.7353726451323351 0.762014905750389 0.7353726451323351
0.7353726451323351 0.7656180184527124 0.7353726451323351
0.7353726451323351 0.7460068495338377 0.7353726451323351
0.7353726451323351 0.754375190096692 0.7353726451323351
0.7353726451323351 0.7573654808737406 0.7353726451323351
0.7353726451323351 0.7473480881886951 0.7353726451323351
0.7353726451323351 0.7501484402862796 0.7353726451323351
0.7353726451323351 0.7353726451323351 0.7353726451323351
0.7353726451323351 0.753537353890357 0.7353726451323351
0.7353726451323351 0.7506924821958882 0.7353726451323351
0.7353726451323351 0.7528772289107778 0.7353726451323351
0.7353726451323351 0.7619291758362504 0.7353726451323351
0.7353726451323351 0.7641715582918596 0.7353726451323351
0.7353726451323351 0.7528772289107778 0.7353726451323351
0.7353726451323351 0.7804255651606972 0.7353726451323351
0.7353726451323351 0.7414262013694632 0.7353726451323351
0.7353726451323351 0.7353726451323351 0.7353726451323351
0.7353726451323351 0.7679996852752431 0.7353726451323351
0.7353726451323351 0.7353726451323351 0.7353726451323351
0.7353726451323351 0.7550570668122121 0.7353726451323351
0.7353726451323351 0.7573654808737406 0.7353726451323351
0.7353726451323351 0.7672525478318704 0.7353726451323351
0.7353726451323351 0.7489548507023139 0.7353726451323351
0.7353726451323351 0.7460068495338377 0.7353726451323351
0.7353726451323351 0.7504665538452366 0.7353726451323351
0.7353726451323351 0.7561930269329737 0.7353726451323351
0.7353726451323351 0.7455588225314712 0.7353726451323351
0.7353726451323351 0.757493136104973 0.7353726451323351
0.7353726451323351 0.7766068423031292 0.7353726451323351
0.7353726451323351 0.7814943914671976 0.7353726451323351
0.7353726451323351 0.7455588225314712 0.7353726451323351
0.7353726451323351 0.7353726451323351 0.7353726451323351
0.7353726451323351 0.75914102810145 0.7353726451323351
0.7353726451323351 0.7455588225314712 0.7353726451323351
0.7353726451323351 0.7634105116253761 0.7353726451323351
0.7353726451323351 0.7460068495338377 0.7353726451323351
0.7353726451323351 0.7460068495338377 0.7353726451323351
0.7353726451323351 0.7460068495338377 0.7353726451323351
0.7353726451323351 0.7414262013694632 0.7353726451323351
0.7353726451323351 0.7504665538452366 0.7353726451323351
0.7353726451323351 0.7353726451323351 0.7353726451323351
0.7353726451323351 0.7460068495338377 0.7353726451323351
0.7353726451323351 0.7504665538452366 0.7353726451323351
0.7353726451323351 0.7606527312443725 0.7353726451323351
0.7353726451323351 0.7566651455748712 0.7353726451323351
0.7353726451323351 0.7353726451323351 0.7353726451323351
0.7353726451323351 0.7726491101518914 0.7353726451323351
0.7353726451323351 0.7870579938494624 0.7353726451323351
0.7353726451323351 0.7541450039454894 0.7353726451323351
0.7353726451323351 0.7482500028675135 0.7353726451323351
0.7353726451323351 0.7433685095975593 0.7353726451323351
0.7353726451323351 0.7561930269329737 0.7353726451323351
0.7353726451323351 0.7435107995439869 0.7353726451323351
0.7353726451323351 0.7718495666895833 0.7353726451323351
0.7353726451323351 0.7353726451323351 0.7353726451323351
0.7353726451323351 0.7455588225314712 0.7353726451323351
0.7353726451323351 0.754060702252363 0.7353726451323351
0.7353726451323351 0.7706869166036687 0.7353726451323351
0.7353726451323351 0.76042874633382 0.7353726451323351
0.7353726451323351 0.7748700646521831 0.7353726451323351
0.7353726451323351 0.772563380237753 0.7353726451323351
0.7353726451323351 0.7618322084374923 0.7353726451323351
0.7353726451323351 0.7520604057709658 0.7353726451323351
0.7353726451323351 0.7637235312894931 0.7353726451323351
0.7353726451323351 0.772141276027685 0.7353726451323351
0.7353726451323351 0.7603346176854157 0.7353726451323351
0.7353726451323351 0.7489548507023139 0.7353726451323351
0.7353726451323351 0.767024322701166 0.7353726451323351
0.7353726451323351 0.7597995771858085 0.7353726451323351
0.7353726451323351 0.7683309254942404 0.7353726451323351
0.7353726451323351 0.7496133997866725 0.7353726451323351
0.7353726451323351 0.7873239180701657 0.7353726451323351
0.7353726451323351 0.7726491101518914 0.7353726451323351
0.7353726451323351 0.8010508970602467 0.7353726451323351
0.7353726451323351 0.7992453024781753 0.7353726451323351
0.7353726451323351 0.8029984672649404 0.7353726451323351
0.7353726451323351 0.8040864069591791 0.7353726451323351
0.7353726451323351 0.7960546194257799 0.7353726451323351
0.7353726451323351 0.8079431268939654 0.7353726451323351
0.7353726451323351 0.7794468452779423 0.7353726451323351
0.7353726451323351 0.8086236975263984 0.7353726451323351
0.7353726451323351 0.814275708163497 0.7353726451323351
0.7353726451323351 0.7751710484130113 0.7353726451323351
0.7346519437996402 0.7346519437996402 0.7346519437996402
0.7346519437996402 0.7576109761461652 0.7346519437996402
0.7346519437996402 0.75009026850839 0.7346519437996402
0.7346519437996402 0.7430903045120544 0.7346519437996402
0.7346519437996402 0.77265637245506 0.7346519437996402
0.7346519437996402 0.7516154335093111 0.7346519437996402
0.7346519437996402 0.7492287235629604 0.7346519437996402
0.7346519437996402 0.7492287235629604 0.7346519437996402
0.7346519437996402 0.7730493008549151 0.7346519437996402
0.7346519437996402 0.7420608095446536 0.7346519437996402
0.7346519437996402 0.75880282656834 0.7346519437996402
0.7346519437996402 0.7346519437996402 0.7346519437996402
0.7346519437996402 0.7430903045120544 0.7346519437996402
0.7346519437996402 0.7727918550831879 0.7346519437996402
0.7346519437996402 0.7350854067935639 0.7346519437996402
0.7346519437996402 0.77265637245506 0.7346519437996402
0.7346519437996402 0.7843448539696288 0.7346519437996402
0.7346519437996402 0.7346519437996402 0.7346519437996402
0.7346519437996402 0.7430903045120544 0.7346519437996402
0.7346519437996402 0.7435237675059782 0.7346519437996402
0.7346519437996402 0.7567957417414564 0.7346519437996402
0.7346519437996402 0.7346519437996402 0.7346519437996402
0.7346519437996402 0.7420608095446536 0.7346519437996402
0.7346519437996402 0.7346519437996402 0.7346519437996402
0.7346519437996402 0.7511585542174924 0.7346519437996402
0.7346519437996402 0.7592362895622636 0.7346519437996402
0.7346519437996402 0.749071828399095 0.7346519437996402
0.7346519437996402 0.7636057128001776 0.7346519437996402
0.7346519437996402 0.7585286292208042 0.7346519437996402
0.7346519437996402 0.7660493368585795 0.7346519437996402
0.7346519437996402 0.7346519437996402 0.7346519437996402
0.7346519437996402 0.7567241934355111 0.7346519437996402
0.7346519437996402 0.749071828399095 0.7346519437996402
0.7346519437996402 0.7516154335093111 0.7346519437996402
0.7346519437996402 0.7509146082158582 0.7346519437996402
0.7346519437996402 0.7346519437996402 0.7346519437996402
0.7346519437996402 0.7430903045120544 0.7346519437996402
0.7346519437996402 0.75009026850839 0.7346519437996402
0.7346519437996402 0.7430903045120544 0.7346519437996402
0.7346519437996402 0.7346519437996402 0.7346519437996402
0.7346519437996402 0.75880282656834 0.7346519437996402
0.7346519437996402 0.787565530539369 0.7346519437996402
0.7346519437996402 0.7530285617270382 0.7346519437996402
0.7346519437996402 0.7350854067935639 0.7346519437996402
0.7346519437996402 0.7430903045120544 0.7346519437996402
0.7346519437996402 0.7346519437996402 0.7346519437996402
0.7346519437996402 0.7346519437996402 0.7346519437996402
0.7346519437996402 0.7567957417414564 0.7346519437996402
0.7346519437996402 0.75009026850839 0.7346519437996402
0.7346519437996402 0.7430903045120544 0.7346519437996402
0.7346519437996402 0.7654932809034979 0.7346519437996402
0.7346519437996402 0.749071828399095 0.7346519437996402
0.7346519437996402 0.7520488965032349 0.7346519437996402
0.7346519437996402 0.7692346235041037 0.7346519437996402
0.7346519437996402 0.7465100136212822 0.7346519437996402
0.7346519437996402 0.7509146082158582 0.7346519437996402
0.7346519437996402 0.7574991342534034 0.7346519437996402
0.7346519437996402 0.7612017117942869 0.7346519437996402
0.7346519437996402 0.7613858216231036 0.7346519437996402
0.7346519437996402 0.7350854067935639 0.7346519437996402
0.7346519437996402 0.7549483743336964 0.7346519437996402
0.7346519437996402 0.8016390882049058 0.7346519437996402
0.7346519437996402 0.7504991702570678 0.7346519437996402
0.7346519437996402 0.7567241934355111 0.7346519437996402
0.7346519437996402 0.7943110280192812 0.7346519437996402
0.7346519437996402 0.7576109761461652 0.7346519437996402
0.7346519437996402 0.758044439140089 0.7346519437996402
0.7346519437996402 0.7586425459652242 0.7346519437996402
0.7346519437996402 0.7880946971638099 0.7346519437996402
0.7346519437996402 0.7862639265518419 0.7346519437996402
0.7346519437996402 0.7872048182396152 0.7346519437996402
0.7346519437996402 0.7567241934355111 0.7346519437996402
0.7346519437996402 0.77265637245506 0.7346519437996402
0.7346519437996402 0.7516154335093111 0.7346519437996402
0.7346519437996402 0.7346519437996402 0.7346519437996402
0.7346519437996402 0.7430903045120544 0.7346519437996402
0.7346519437996402 0.7430903045120544 0.7346519437996402
0.7346519437996402 0.7576109761461652 0.7346519437996402
0.7346519437996402 0.7721877559094857 0.7346519437996402
0.7346519437996402 0.7500142803071257 0.7346519437996402
0.7346519437996402 0.7797547740879816 0.7346519437996402
0.7346519437996402 0.7566262580999715 0.7346519437996402
0.7346519437996402 0.7805692025098486 0.7346519437996402
0.7346519437996402 0.7492287235629604 0.7346519437996402
0.7346519437996402 0.7585286292208042 0.7346519437996402
0.7346519437996402 0.749071828399095 0.7346519437996402
0.7346519437996402 0.7810947331674742 0.7346519437996402
0.7346519437996402 0.7495052913930188 0.7346519437996402
0.7346519437996402 0.7585286292208042 0.7346519437996402
0.7346519437996402 0.7810947331674742 0.7346519437996402
0.7346519437996402 0.7346519437996402 0.7346519437996402
0.7346519437996402 0.7768241463318535 0.7346519437996402
0.7346519437996402 0.7642046074864698 0.7346519437996402
0.7346519437996402 0.7652341024538706 0.7346519437996402
0.7346519437996402 0.7520488965032349 0.7346519437996402
0.7346519437996402 0.7350854067935639 0.7346519437996402
0.7346519437996402 0.7732227111677948 0.7346519437996402
0.7346519437996402 0.787076257054515 0.7346519437996402
0.7346519437996402 0.7420608095446536 0.7346519437996402
0.7346519437996402 0.7511585542174924 0.7346519437996402
0.7346519437996402 0.772162518144261 0.7346519437996402
0.7346519437996402 0.7730493008549151 0.7346519437996402
0.7346519437996402 0.7785419334006901 0.7346519437996402
0.7346519437996402 0.7711973804202112 0.7346519437996402
0.7346519437996402 0.7640391757941014 0.7346519437996402
0.7346519437996402 0.7934283528127971 0.7346519437996402
0.7346519437996402 0.749071828399095 0.7346519437996402
0.7346519437996402 0.82824468158126 0.7346519437996402
0.7346519437996402 0.8001093288453174 0.7346519437996402
0.7346519437996402 0.8048395911406098 0.7346519437996402
0.7346519437996402 0.7965053823556592 0.7346519437996402
0.7346519437996402 0.811377504625964 0.7346519437996402
0.7346519437996402 0.8205536611097255 0.7346519437996402
0.7346519437996402 0.8447121950903524 0.7346519437996402
0.7346519437996402 0.8053785003534554 0.7346519437996402
0.7760033094551326 0.789052187600622 0.7760033094551326
0.7760033094551326 0.7840466224327994 0.7760033094551326
0.7760033094551326 0.7760033094551326 0.7760033094551326
0.7760033094551326 0.7760033094551326 0.7760033094551326
0.7760033094551326 0.7945397733306523 0.7760033094551326
0.7760033094551326 0.7826344553895681 0.7760033094551326
0.7760033094551326 0.7951676331703306 0.7760033094551326
0.7760033094551326 0.7839723008599437 0.7760033094551326
0.7760033094551326 0.8021010914305408 0.7760033094551326
0.7760033094551326 0.789052187600622 0.7760033094551326
0.7760033094551326 0.7826344553895681 0.7760033094551326
0.7760033094551326 0.7760033094551326 0.7760033094551326
0.7760033094551326 0.7973948651930934 0.7760033094551326
0.7760033094551326 0.7951676331703306 0.7760033094551326
0.7760033094551326 0.791848901217973 0.7760033094551326
0.7760033094551326 0.7986523412150839 0.7760033094551326
0.7760033094551326 0.7815338106868983 0.7760033094551326
0.7760033094551326 0.7760033094551326 0.7760033094551326
0.7760033094551326 0.7760033094551326 0.7760033094551326
0.7760033094551326 0.7760033094551326 0.7760033094551326
0.7760033094551326 0.8247211382722481 0.7760033094551326
0.7760033094551326 0.7760033094551326 0.7760033094551326
0.7760033094551326 0.7826344553895681 0.7760033094551326
0.7760033094551326 0.7760033094551326 0.7760033094551326
0.7760033094551326 0.7826344553895681 0.7760033094551326
0.7760033094551326 0.8021010914305408 0.7760033094551326
0.7760033094551326 0.7760033094551326 0.7760033094551326
0.7760033094551326 0.7826344553895681 0.7760033094551326
0.7760033094551326 0.7760033094551326 0.7760033094551326
0.7760033094551326 0.7950710231796272 0.7760033094551326
0.7760033094551326 0.7945826888323877 0.7760033094551326
0.7760033094551326 0.8021010914305408 0.7760033094551326
0.7760033094551326 0.7826344553895681 0.7760033094551326
0.7760033094551326 0.8075404995935817 0.7760033094551326
0.7760033094551326 0.7951676331703306 0.7760033094551326
0.7760033094551326 0.8031366245751417 0.7760033094551326
0.7760033094551326 0.7884398772451918 0.7760033094551326
0.7760033094551326 0.7963128436538516 0.7760033094551326
0.7760033094551326 0.79200401997787 0.7760033094551326
0.7760033094551326 0.7973794024497387 0.7760033094551326
0.7760033094551326 0.7826344553895681 0.7760033094551326
0.7760033094551326 0.7847990424001257 0.7760033094551326
0.7760033094551326 0.7760033094551326 0.7760033094551326
0.7760033094551326 0.8136957387573599 0.7760033094551326
0.7760033094551326 0.7972328773035026 0.7760033094551326
0.7760033094551326 0.7945397733306523 0.7760033094551326
0.7760033094551326 0.8052834871495193 0.7760033094551326
0.7760033094551326 0.7998178926227841 0.7760033094551326
0.7760033094551326 0.7826344553895681 0.7760033094551326
0.7760033094551326 0.7760033094551326 0.7760033094551326
0.7760033094551326 0.7975872086121644 0.7760033094551326
0.7760033094551326 0.7906034467943792 0.7760033094551326
0.7760033094551326 0.7760033094551326 0.7760033094551326
0.7760033094551326 0.7760033094551326 0.7760033094551326
0.7760033094551326 0.7815338106868983 0.7760033094551326
0.7760033094551326 0.7906034467943792 0.7760033094551326
0.7760033094551326 0.8021010914305408 0.7760033094551326
0.7760033094551326 0.7786660693004944 0.7760033094551326
0.7760033094551326 0.7894734050899783 0.7760033094551326
0.7760033094551326 0.7815338106868983 0.7760033094551326
0.7760033094551326 0.8061201690378458 0.7760033094551326
0.7760033094551326 0.7826344553895681 0.7760033094551326
0.7760033094551326 0.7839723008599437 0.7760033094551326
0.7760033094551326 0.7991582733315569 0.7760033094551326
0.7760033094551326 0.8236849905875725 0.7760033094551326
0.7760033094551326 0.7760033094551326 0.7760033094551326
0.7760033094551326 0.7826344553895681 0.7760033094551326
0.7760033094551326 0.8011709192650877 0.7760033094551326
0.7760033094551326 0.7826344553895681 0.7760033094551326
0.7760033094551326 0.791848901217973 0.7760033094551326
0.7760033094551326 0.7839723008599437 0.7760033094551326
0.7760033094551326 0.7884398772451918 0.7760033094551326
0.7760033094551326 0.7920156138376107 0.7760033094551326
0.7760033094551326 0.7826344553895681 0.7760033094551326
0.7760033094551326 0.7878914505629666 0.7760033094551326
0.7760033094551326 0.8100700828353519 0.7760033094551326
0.7760033094551326 0.8021010914305408 0.7760033094551326
0.7760033094551326 0.7991582733315569 0.7760033094551326
0.7760033094551326 0.7826344553895681 0.7760033094551326
0.7760033094551326 0.825256055306965 0.7760033094551326
0.7760033094551326 0.8040529211135342 0.7760033094551326
0.7760033094551326 0.7760033094551326 0.7760033094551326
0.7760033094551326 0.7826344553895681 0.7760033094551326
0.7760033094551326 0.8086377288051763 0.7760033094551326
0.7760033094551326 0.81676048312134 0.7760033094551326
0.7760033094551326 0.8167012287697873 0.7760033094551326
0.7760033094551326 0.7894734050899783 0.7760033094551326
0.7760033094551326 0.8050392400759717 0.7760033094551326
0.7760033094551326 0.7934219517947322 0.7760033094551326
0.7760033094551326 0.7826344553895681 0.7760033094551326
0.7760033094551326 0.8100533113394828 0.7760033094551326
0.7760033094551326 0.7760033094551326 0.7760033094551326
0.7760033094551326 0.7840466224327994 0.7760033094551326
0.7760033094551326 0.7760033094551326 0.7760033094551326
0.7760033094551326 0.7826344553895681 0.7760033094551326
0.7760033094551326 0.7970211790054331 0.7760033094551326
0.7760033094551326 0.7917023760717369 0.7760033094551326
0.7760033094551326 0.8100533113394828 0.7760033094551326
0.7760033094551326 0.7840466224327994 0.7760033094551326
0.7760033094551326 0.7894734050899783 0.7760033094551326
0.7760033094551326 0.8141657916093924 0.7760033094551326
0.7760033094551326 0.8155490153892189 0.7760033094551326
0.7760033094551326 0.807178298564015 0.7760033094551326
0.7760033094551326 0.8040529211135342 0.7760033094551326
0.7760033094551326 0.7881649566213337 0.7760033094551326
0.7760033094551326 0.8530610904675993 0.7760033094551326
0.7760033094551326 0.8014631258105213 0.7760033094551326
0.7760033094551326 0.8162225752434519 0.7760033094551326
0.7760033094551326 0.8318089830056673 0.7760033094551326
0.7760033094551326 0.7991582733315569 0.7760033094551326
0.7760033094551326 0.8478208484933059 0.7760033094551326
0.7760033094551326 0.8631517184477766 0.7760033094551326
0.7760033094551326 0.8478229118774189 0.7760033094551326
0.7760033094551326 0.8484125040730939 0.7760033094551326
0.7760033094551326 0.8473495213678583 0.7760033094551326
0.7211384167885743 0.7211649603017488 0.7211384167885743
0.7211384167885743 0.7211649603017488 0.7211384167885743
0.7211384167885743 0.73997136640361 0.7211384167885743
0.7211384167885743 0.7400141639827215 0.7211384167885743
0.7211384167885743 0.7528445945408566 0.7211384167885743
0.7211384167885743 0.7301228178558663 0.7211384167885743
0.7211384167885743 0.7211649603017488 0.7211384167885743
0.7211384167885743 0.752818051027682 0.7211384167885743
0.7211384167885743 0.7532691037126281 0.7211384167885743
0.7211384167885743 0.742021232304952 0.7211384167885743
0.7211384167885743 0.7500339407317683 0.7211384167885743
0.7211384167885743 0.7400141639827215 0.7211384167885743
0.7211384167885743 0.73997136640361 0.7211384167885743
0.7211384167885743 0.7714878908621047 0.7211384167885743
0.7211384167885743 0.7519391986900739 0.7211384167885743
0.7211384167885743 0.7288334188745961 0.7211384167885743
0.7211384167885743 0.7697729025072239 0.7211384167885743
0.7211384167885743 0.7624670816029879 0.7211384167885743
0.7211384167885743 0.749618216036808 0.7211384167885743
0.7211384167885743 0.7573397616360044 0.7211384167885743
0.7211384167885743 0.7335715576597938 0.7211384167885743
0.7211384167885743 0.7412735477017705 0.7211384167885743
0.7211384167885743 0.7272686230577746 0.7211384167885743
0.7211384167885743 0.7568878735442235 0.7211384167885743
0.7211384167885743 0.7335520021025741 0.7211384167885743
0.7211384167885743 0.7720332312719507 0.7211384167885743
0.7211384167885743 0.7583670367619462 0.7211384167885743
0.7211384167885743 0.7608969794990992 0.7211384167885743
0.7211384167885743 0.7288599623877706 0.7211384167885743
0.7211384167885743 0.7716937982218293 0.7211384167885743
0.7211384167885743 0.748955767470902 0.7211384167885743
0.7211384167885743 0.7574854763475083 0.7211384167885743
0.7211384167885743 0.755151935061214 0.7211384167885743
0.7211384167885743 0.7285899524043142 0.7211384167885743
0.7211384167885743 0.737935910214156 0.7211384167885743
0.7211384167885743 0.7400141639827215 0.7211384167885743
0.7211384167885743 0.7250106498671672 0.7211384167885743
0.7211384167885743 0.7382627872076596 0.7211384167885743
0.7211384167885743 0.7429547976227818 0.7211384167885743
0.7211384167885743 0.7547286283079404 0.7211384167885743
0.7211384167885743 0.7681609981933577 0.7211384167885743
0.7211384167885743 0.7375743534716062 0.7211384167885743
0.7211384167885743 0.7286164959174888 0.7211384167885743
0.7211384167885743 0.7605130531137038 0.7211384167885743
0.7211384167885743 0.8043521216608659 0.7211384167885743
0.7211384167885743 0.7426189104320852 0.7211384167885743
0.7211384167885743 0.7684939632309552 0.7211384167885743
0.7211384167885743 0.7694742303437613 0.7211384167885743
0.7211384167885743 0.7474656995984614 0.7211384167885743
0.7211384167885743 0.7724828472975177 0.7211384167885743
0.7211384167885743 0.7301493613690409 0.7211384167885743
0.7211384167885743 0.7568069350942445 0.7211384167885743
0.7211384167885743 0.7497427779041484 0.7211384167885743
0.7211384167885743 0.7573132181228298 0.7211384167885743
0.7211384167885743 0.7489985650500135 0.7211384167885743
0.7211384167885743 0.7432029298585326 0.7211384167885743
0.7211384167885743 0.7288334188745961 0.7211384167885743
0.7211384167885743 0.7736853669698053 0.7211384167885743
0.7211384167885743 0.750060484244943 0.7211384167885743
0.7211384167885743 0.7652316363416819 0.7211384167885743
0.7211384167885743 0.7554459043888028 0.7211384167885743
0.7211384167885743 0.7601423069399629 0.7211384167885743
0.7211384167885743 0.740040707495896 0.7211384167885743
0.7211384167885743 0.7544809166893461 0.7211384167885743
0.7211384167885743 0.7420477758181266 0.7211384167885743
0.7211384167885743 0.7496447595499826 0.7211384167885743
0.7211384167885743 0.736284954490336 0.7211384167885743
0.7211384167885743 0.7857566420951924 0.7211384167885743
0.7211384167885743 0.7485280221218205 0.7211384167885743
0.7211384167885743 0.7425559587270858 0.7211384167885743
0.7211384167885743 0.740040707495896 0.7211384167885743
0.7211384167885743 0.7425923669189105 0.7211384167885743
0.7211384167885743 0.7477357095819178 0.7211384167885743
0.7211384167885743 0.7881967616095902 0.7211384167885743
0.7211384167885743 0.7524738483671156 0.7211384167885743
0.7211384167885743 0.756914417057398 0.7211384167885743
0.7211384167885743 0.7725093908106923 0.7211384167885743
0.7211384167885743 0.7620358794735683 0.7211384167885743
0.7211384167885743 0.7489985650500135 0.7211384167885743
0.7211384167885743 0.7787590956654713 0.7211384167885743
0.7211384167885743 0.7474494455325247 0.7211384167885743
0.7211384167885743 0.7696179593104868 0.7211384167885743
0.7211384167885743 0.7756139908516047 0.7211384167885743
0.7211384167885743 0.7288599623877706 0.7211384167885743
0.7211384167885743 0.7285899524043142 0.7211384167885743
0.7211384167885743 0.7249841063539927 0.7211384167885743
0.7211384167885743 0.7496447595499826 0.7211384167885743
0.7211384167885743 0.752447304853941 0.7211384167885743
0.7211384167885743 0.742536403169866 0.7211384167885743
0.7211384167885743 0.7288599623877706 0.7211384167885743
0.7211384167885743 0.7335785456157488 0.7211384167885743
0.7211384167885743 0.7477091660687433 0.7211384167885743
0.7211384167885743 0.7772427839560934 0.7211384167885743
0.7211384167885743 0.7900466710010539 0.7211384167885743
0.7211384167885743 0.7541672925450214 0.7211384167885743
0.7211384167885743 0.740040707495896 0.7211384167885743
0.7211384167885743 0.7438240683819836 0.7211384167885743
0.7211384167885743 0.7477091660687433 0.7211384167885743
0.7211384167885743 0.7574854763475083 0.7211384167885743
0.7211384167885743 0.7535117127338642 0.7211384167885743
0.7211384167885743 0.756407303086642 0.7211384167885743
0.7211384167885743 0.7434263581528219 0.7211384167885743
0.7211384167885743 0.7711495169619406 0.7211384167885743
0.7211384167885743 0.7614946576262324 0.7211384167885743
0.7211384167885743 0.7695007738569357 0.7211384167885743
0.7211384167885743 0.7970580763032907 0.7211384167885743
0.7211384167885743 0.7994615430076557 0.7211384167885743
0.7211384167885743 0.7994773551688178 0.7211384167885743
0.7211384167885743 0.7905984082016632 0.7211384167885743
0.7211384167885743 0.8024172565408865 0.7211384167885743
0.7211384167885743 0.8270969279976572 0.7211384167885743
0.7211384167885743 0.8261576776381916 0.7211384167885743
0.7211384167885743 0.8312282426243551 0.7211384167885743
0.7211384167885743 0.8633422057662015 0.7211384167885743
0.7211384167885743 0.8318623449127458 0.7211384167885743
