to_node from_node capacity prob_failure
1	2	1000.0	0.00125302824942089
1	4	1000.0	0.011318112352376748
1	74	1000.0	0.01858006752198781
1	50	1000.0	0.006016347333599934
1	42	1000.0	0.004719227065766603
1	59	1000.0	0.0017509238567139508
2	1	1000.0	0.01529176821338227
2	57	1000.0	0.01565080275300002
2	68	1000.0	0.003742557313595724
2	7	1000.0	0.009417661388826801
2	4	1000.0	0.005322076328391276
3	66	1000.0	0.011539989388838294
3	4	1000.0	6.826588439373461e-5
4	1	1000.0	0.026327449899184358
4	2	1000.0	0.007095587682682898
4	3	1000.0	0.006840051730745002
4	42	1000.0	0.004634513863262586
4	11	1000.0	0.03541247880481695
4	67	1000.0	0.003243552071895064
4	23	1000.0	0.021870465245655564
5	8	1000.0	0.0056146954616473664
6	11	1000.0	0.028789606183909702
6	51	1000.0	0.005222210002734717
6	8	1000.0	0.006332503723350967
7	2	1000.0	0.029364162048920492
7	53	1000.0	0.01205154579346731
7	8	1000.0	0.018254780489761587
8	5	1000.0	0.0017811832803537242
8	6	1000.0	0.00254206330792433
8	7	1000.0	0.025554829787233158
9	27	1000.0	0.00040945895270452423
9	68	1000.0	0.01607171110405875
9	30	1000.0	0.0073193703534373405
9	16	1000.0	0.0006055428690133259
10	27	1000.0	0.00024734088568914635
10	30	1000.0	0.020853353249971448
10	40	1000.0	0.008140219118774992
11	4	1000.0	0.010599807561970162
11	6	1000.0	0.0027293836825464613
11	12	1000.0	0.0052815763885217535
12	11	1000.0	0.00016377754779552746
12	57	1000.0	0.010101273347356955
12	28	1000.0	0.0007501153657408763
12	55	1000.0	0.062499189151901786
13	14	1000.0	0.002754845846301886
13	15	1000.0	0.05858344463430735
14	13	1000.0	0.014142551654568713
14	49	1000.0	0.010307312111829841
15	13	1000.0	0.016809735875872887
15	27	1000.0	5.752196761286253e-5
15	16	1000.0	0.002329109576503432
16	9	1000.0	0.008808871683370053
16	15	1000.0	0.0006543929518346063
16	32	1000.0	0.013646616104908391
17	18	1000.0	0.04030897038736654
17	26	1000.0	0.002830940401641699
18	17	1000.0	0.01613862784262541
18	41	1000.0	0.0037904023870060305
18	43	1000.0	0.008065224845642737
18	67	1000.0	3.114473751230204e-5
18	42	1000.0	0.03654453398199404
19	50	1000.0	0.012424157683778077
19	20	1000.0	0.00047886865576177596
20	19	1000.0	0.014621230730870675
20	22	1000.0	0.004549324123110592
21	50	1000.0	0.0009416536215426265
22	20	1000.0	0.026046245837968184
22	23	1000.0	0.00391408870548944
23	4	1000.0	0.014484313830385427
23	22	1000.0	0.053450252870453595
23	50	1000.0	0.010625697746528424
23	24	1000.0	0.0017171633833832362
24	23	1000.0	0.017147989201574034
24	25	1000.0	0.004901886669614656
24	42	1000.0	0.0012546167135540785
24	26	1000.0	0.0070143969818435
25	24	1000.0	0.04890143359088346
26	17	1000.0	0.005519861646508401
26	24	1000.0	0.009339606200190958
27	9	1000.0	0.017150795907399954
27	10	1000.0	0.010598921293224517
27	15	1000.0	0.0028396232381390257
27	67	1000.0	0.007474740464648106
28	12	1000.0	0.004410097450689038
29	34	1000.0	0.0006086656127502538
30	9	1000.0	0.02941204036406886
30	10	1000.0	0.0006120111868955062
30	34	1000.0	0.013632552306735471
30	31	1000.0	0.019717477115722457
30	40	1000.0	0.0006876179514791642
31	30	1000.0	0.0012777047107736716
32	16	1000.0	0.007144968823269755
32	49	1000.0	0.011453343496551964
33	35	1000.0	6.595515810198704e-5
33	38	1000.0	0.005411958883709146
34	29	1000.0	0.009529423862066441
34	30	1000.0	0.00830103427304405
34	61	1000.0	0.014451874078419722
34	63	1000.0	0.013970175038085739
34	56	1000.0	0.020375662401619487
35	33	1000.0	0.0018128000808738357
35	67	1000.0	0.00792799248556501
35	48	1000.0	0.0002554056892506983
36	67	1000.0	0.01080094809151138
36	37	1000.0	0.028212410297070147
37	36	1000.0	0.021592778181822515
37	38	1000.0	0.00026147408263205315
37	40	1000.0	0.01749091813404215
38	33	1000.0	0.007432118896188076
38	37	1000.0	0.00335103319473853
38	68	1000.0	0.005741279715280042
38	39	1000.0	0.0012187631604473298
38	40	1000.0	0.009942752659025198
38	64	1000.0	0.010742051435856721
39	38	1000.0	0.006213228631752117
40	10	1000.0	0.0013573560362317742
40	30	1000.0	0.00017617384160430375
40	37	1000.0	0.004478499593043777
40	38	1000.0	0.0028764852862205375
41	18	1000.0	0.005614542670361635
41	44	1000.0	0.05779128796760191
41	62	1000.0	0.010846517354150998
42	1	1000.0	0.012026084798369483
42	4	1000.0	0.023209798831356702
42	18	1000.0	0.008127152474728354
42	24	1000.0	0.013430388839972367
43	18	1000.0	0.008821448366355825
43	67	1000.0	0.01629703756917316
43	45	1000.0	0.0008122580700525791
43	46	1000.0	0.007921990115237181
44	41	1000.0	0.005277218465755836
44	46	1000.0	0.000721192793005915
45	43	1000.0	0.007334124810958584
45	47	1000.0	0.020533326033275984
46	43	1000.0	0.0029985254691542746
46	44	1000.0	0.001753177306206179
47	45	1000.0	0.004407137419648693
47	69	1000.0	0.013451471835293423
48	35	1000.0	0.0026502448158046373
48	52	1000.0	0.012931337170530372
49	14	1000.0	0.01757812579987263
49	32	1000.0	0.015373510841181047
50	1	1000.0	0.019146414952464472
50	19	1000.0	0.007792003011777716
50	21	1000.0	0.013449033760304034
50	23	1000.0	0.012078991841252829
50	51	1000.0	0.008859576538723128
51	6	1000.0	0.025857539251858738
51	50	1000.0	0.01617692260385787
52	48	1000.0	0.0017564884018011263
52	68	1000.0	0.040657753330287434
53	7	1000.0	0.012088799286550614
54	58	1000.0	0.009136986670221144
55	12	1000.0	0.04347276133116644
56	34	1000.0	0.0140822848195525
57	2	1000.0	0.0016945782002411227
57	12	1000.0	3.312222398256078e-5
57	58	1000.0	0.03579767433949474
58	54	1000.0	0.010301081073284906
58	57	1000.0	0.0021282159331700583
58	60	1000.0	0.0009865903987492366
59	1	1000.0	0.006220795866465297
59	60	1000.0	4.7675803582908264e-5
60	58	1000.0	0.013460147956615749
60	59	1000.0	0.00044777731971506904
61	34	1000.0	0.0010575746174460688
62	41	1000.0	0.004837427703802342
63	34	1000.0	0.009100677982551151
64	38	1000.0	0.0010452780402297134
65	73	1000.0	0.0032630575620634025
65	66	1000.0	0.03827773728357286
66	3	1000.0	0.004973713362678363
66	65	1000.0	0.003605695623347032
67	4	1000.0	0.015118504872595742
67	18	1000.0	0.00456288503126997
67	27	1000.0	0.009445539127463124
67	35	1000.0	0.004696753857362912
67	36	1000.0	0.0303884317735419
67	43	1000.0	0.005219168897153566
67	69	1000.0	0.0005307403823040938
67	68	1000.0	0.0005646311741914182
68	2	1000.0	0.007781538168248794
68	9	1000.0	0.0003466157823063584
68	38	1000.0	0.008504481566183398
68	52	1000.0	0.018693631736463594
68	67	1000.0	0.0034950258975762834
68	69	1000.0	0.02367356850398048
69	47	1000.0	0.021209529932536088
69	67	1000.0	0.0018333088906101883
69	68	1000.0	0.035244568735977276
69	70	1000.0	0.018563077827940918
70	69	1000.0	0.001655798471666963
70	71	1000.0	0.009446880026616825
71	70	1000.0	0.0030656579455735377
71	72	1000.0	0.021533608457667247
72	71	1000.0	0.010371925660669698
72	73	1000.0	0.0021028431030665744
73	65	1000.0	0.0008433113055024585
73	72	1000.0	0.019676873411112572
73	74	1000.0	0.0028303917179385496
74	1	1000.0	0.001960056054435009
74	73	1000.0	0.004200491316852651
