---flow allocation with alpha---
0.012154093115779788
0.0026467057905528737
0.00019511294142635823
0.004053497214905024
0.0010638078991810364
0.028362642601989937
0.0014322071092173541
0.0016602042970798388
0.0021356681550862297
0.004771061094663242
0.004953384426447319
0.003428607045209607
0.00502834157979308
0.0037564776156968046
0.0026787035730925406
0.0030992254343984015
0.0024952260685049215
0.00332637587752526
0.0013970546964314086
0.0001208174572276417
0.0021553325927723514
0.0007682478513238185
0.0011339865328507648
0.003164984883702498
0.01982561318667132
0.0036206942087767414
0.0010982889057974368
0.0012638197218000356
0.004141827363724204
0.015247761675727271
0.003628174038236461
0.002973571259479258
0.0045190855213502095
0.001396014460234263
0.0051863901403729745
0.0014768754872924149
0.0038945560672544793
0.003517145743191593
0.0011537376359731745
0.0026022779592558506
0.004846122899032937
0.002210070934062993
0.005006721648633338
0.002871894047894428
0.0010307017443459065
0.0017217045919214102
0.0017443357313763768
0.003098100289496784
0.00011972666061573448
0.004342747291211568
0.0186618861282574
0.004729260915894449
0.0012102890918063935
0.0030406667033299186
0.00391943749651268
0.0011010820257320176
0.0036075017678318436
0.0003003251243521592
0.0025370203915009923
0.00345559236995299
0.0007254899190993664
0.004437824545015133
0.0027989736159553342
0.0018406410243736772
0.0005013330473727581
0.0050360339738026155
0.001817919161050628
6.312193398152293e-5
0.016065993588634364
0.01288997844163315
0.001236945573084478
0.0025463742355395997
0.0027754168461407843
0.003409877105196048
0.0035029920895604124
0.01246969860388794
0.0016275853425351935
0.0027059640473885874
0.01737950499315909
0.013383112200713998
0.0010143902802935531
0.001801911696474288
0.004942249590962212
0.0025101409725899852
0.021855566971818955
9.89567622080008e-5
0.003137381314840498
0.002013181645438285
0.0033646062935887198
0.002441584262483455
0.0007870334211782381
0.00462441790626822
0.001444041584061918
0.0026741824982815425
0.0007160783756504822
0.003762157296967832
0.0051558238433021914
0.007933723398573341
0.005341948742737504
0.0006830712034233203
0.015764490727456375
0.000598018070500312
0.0011457863331554238
0.0008315870679348925
0.0014824696742816992
0.004022462706978154
0.0034975352622684114
0.003279533209211508
0.0011476480506115948
0.005327702484243418
0.004136762956858485
0.0014955150810982607
0.0018561178316783807
0.005287291294764325
0.004334702296030263
0.0037245485130057788
0.003597300731367244
0.0010451751231677177
0.005345954091279471
0.0051827474314703045
0.004339057694300171
0.00014427657784935489
0.004228955657019106
0.011493493791332734
0.00280308838379331
0.003284068170569247
0.005465042164264062
0.0035441289765875753
0.009108551622717526
0.004666119791709175
0.0024917781058722104
0.0003917079042221877
0.0013880823141587029
0.004046806576300462
0.0072243544843578825
0.0049032267215416495
0.01659179729195133
0.001365989738486384
0.004191320856695388
0.00281057578393062
0.001934401900469297
0.003131320924688633
0.0014750428813920633
0.002920226592096493
0.0065832379455169465
0.00044927603095004073
0.0027924065341552095
0.0014126428470717296
0.01973390319112155
0.0015039851217253
0.0014517237722961368
0.0022022266245782657
0.012005832662661312
0.005076755853851569
0.0018691608961858535
0.004925834186944039
0.0052870282869152034
0.00440467543390439
0.0024916384875197347
0.0031693292396580267
0.00471697885087917
0.0023010978335285264
0.0017383871028296095
0.005016359664956763
0.005016249409121793
0.002858549243783972
0.0037844353333276516
0.0010167013446522547
0.009078741383397317
0.012492480864964989
0.002414064640306122
0.001023455141948321
0.0034228075715594633
0.0009432794076064549
0.005052221839223583
0.003361017002658049
0.001290553415624157
0.0024769910249402825
0.0002447277997609016
0.005286951743600335
0.0017275901454305708
0.003777982857365089
0.0006004640685933118
0.0033499346550333155
0.003258460458185704
0.0040011959625674545
0.0017172171459766171
0.001414807475285429
0.0015764911322634558
0.0010477724093316896
0.001839805656567911
0.0033976144478846497
0.003849073490547706
0.0016542728594087057
0.00341560329803327
0.001668423417845733
0.0010171438737622588
0.00497822616551777
0.0016012183873912724
0.0014062027518857798
3.155138025427631e-5
0.004266561596748695
0.009637941108422827
0.003949841212236528
0.0009143347413102331
2.2426726140781085e-5
0.010025458027134958
3.0651457573482104e-5
0.003259434105881609
0.001761796809094937
0.00033846126247479203
0.0002972364237277322
0.007637114020591972
0.010755562946771623
0.0051779293853283954
0.005256178905060252
0.003394696683644982
0.008310261741013913
0.0006815256140402508
0.015579709213290584
0.0037551829880018276
0.0025882749662914217
0.0029890549655416467
0.0014955794945982045
0.0020754844470873422
0.0036723615318901876
0.0012618364552329313
0.0039986880187644425
0.003848407558969992
0.0020852277000119744
0.0029487967399001837
0.0031857567316642783
0.001856223319241276
0.005250975549073224
0.004726758827864159
0.00452078896563509
0.0034327091813092818
0.005776874926574004
0.0030313223121815618
0.0018272160798308232
0.003988156829793095
0.0033868378183823464
0.004180480650232101
0.003417609067498406
0.00264772494596822
0.0009128372529173815
0.004496468017480297
0.002603771432261692
0.0025388304945033126
0.004342161713939351
0.005660060091673636
0.02843384602033675
0.00041036151005561833
0.001483533751839214
0.0039000432609107394
0.0036889253797468668
0.0013200271091588786
0.0025128213270727154
0.00025302386538036514
0.003076537159332446
0.0037808211504035266
0.0047511619241448555
0.0007857464896416965
0.004651129599117684
0.00042093022616472613
0.0011453980954239436
0.003558787063211823
0.0038387283849297205
0.0011673238652275767
0.0029526894902980926
0.001337348401217171
0.0005849942882158748
0.0020143954366256076
0.002455626656432914
0.0017848348411001987
3.612027497840133e-5
0.0037076017485247878
0.029860867439152415
0.0018220599882950534
0.0025048684348309407
0.0014483588779821842
0.0037313431334031083
0.0002285711623393225
0.00011518713175527221
0.0012325659570116686
0.0006798129678268072
0.0028737591951603363
0.0035438729120118246
0.0021782835410718445
0.004275501270348053
0.004002264808397043
0.0028436611089456385
0.0011536723022803745
0.01974048769109676
0.004221573117040471
0.0022166490581773945
0.004409477263530132
0.00010944833227591926
0.0027994520325867354
0.0005655394453662588
0.003191059008383363
0.010776965014029215
0.0008114363083241943
0.0026310866136049975
0.0050212247245882404
0.0033111444270976158
0.0032784984941715005
0.002605426050259672
0.0024551292503671137
0.002040763604751021
0.010092008656285869
0.0028854428311683618
0.0001658787325561917
0.0050892591834218485
0.0006034109443887975
0.005154937948543223
0.00314641426253393
0.0051198757564841465
0.0015990020610698258
0.0037267496979720436
0.0004711342753287975
0.006886368804600136
0.0012451759034724404
0.0025844486370869614
0.0026891306129633303
0.0013069623573788603
0.0030474842448947595
0.004031400874807384
0.0010408654835789384
0.0028686914421387753
0.004892568378648334
0.0026022577150130104
0.04111271907131042
0.0011582264203803044
0.0009700679281940348
0.0013675562413434615
0.0019497338192260751
0.00041767980384210227
0.0028735513570556474
0.005761924260448387
0.0011692520038771963
0.013059446930297307
0.003071569958293914
0.004206600324459355
0.0007651785898784394
0.0031741238627091494
0.034769711301498654
0.0016837031365713876
0.008728728782599327
0.000545618566661854
0.0034105028363383603
0.004731264008434912
0.007675476737375336
0.0022215295937796377
0.0014225375972020736
0.0013745949638094095
0.0051771309925446735
0.0005049341635583234
0.0009603603620214499
0.0017044692124143419
0.0031364696546815514
0.0033084501024142473
0.009189926618745415
0.0023196685592644646
0.00010581016577980189
0.0008080139437836681
0.0014534935541205699
0.001385587838632953
0.017918238877445557
0.0003068614466147137
0.00017375244638537373
0.0019536076220165325
0.003249375394115044
0.009468431534430924
0.00270931780384575
0.0078009444380907214
0.011827124708584207
0.004889224732423972
0.011395417994954535
0.0025666883293822976
0.004868009267851539
0.023362840220366624
0.006247867329271182
0.003916078625279242
0.0002694215933303057
0.001204022662108604
0.003710350271848014
0.0031836885982196514
0.002805403170750385
0.004159928895670778
0.001228223064999217
0.004452075739089085
0.0038091400019035397
0.015085500760554454
0.004711313809039948
0.002046992181060856
0.004019848773688874
0.0006733651764824223
0.0013112090683243501
0.002353981107847732
0.0013187065487561325
0.004281915600134025
0.0017439252417085526
0.01524071696683247
0.0015139549094003839
0.0041607431826947445
0.0012469811127218424
0.004246126960402863
0.00493180004819339
0.004518390775743671
0.0006963557767286344
0.0011995540382904175
0.00034620926122901866
0.0038236296932350772
0.003876171868793216
0.004943194043448403
0.002674005883993548
0.0026391068379452054
0.0012658166239521923
0.0023233141333130754
0.0005956794840098162
0.02214710775019347
0.003995770672794257
0.0006827356676463398
0.0037502506646879424
0.0024743981724328003
0.004133358151943669
0.0013708796433249829
0.0021828748015016125
0.0034647080513495973
0.002744382840137291
0.004063514517993054
0.0002416542217744873
0.001899571095086643
0.0006677342654327806
0.0012236078800103739
0.0024964338634558183
0.004540393841747238
0.0026895840170798185
7.861914447146856e-5
0.0005661241944649055
0.004635266227159421
0.0025834305691722634
0.0049397079346391
0.00280707256789958
0.0014621501429357587
0.0035494002595381794
0.01614884742056436
0.014496910026997399
0.0017739186768993157
0.0005745466694866614
0.001267348326788521
0.018241367037761684
0.0009042613064579667
0.00014742349520641953
0.0035939428639805582
0.003862986927278075
0.004223270538244838
0.000987186945131724
0.004141719450198325
0.001775501492266119
0.001129044511634939
0.0043021274689157745
0.0034383004404122046
0.00020504357936909745
0.0009157751777459917
0.004889551819157454
0.0004758422329435286
0.005158019339803525
0.003972145474092753
0.002607642181684945
0.0022850837172496154
0.0088093883312527
0.0011270967143197517
0.014506500305947832
0.0037454910270646844
0.017377155273876933
0.0002227804472520926
0.005546287057715919
0.0017053561110200633
0.003736208790878919
0.005219851949747081
0.00020673731143664844
0.0010474861456994714
0.0018354806664892102
0.00289346721652629
0.00043395224335195716
0.0016830369169433962
0.004974679278567086
0.003632295665693911
0.0022463026557581842
0.002831076848724091
0.0007731012830637477
0.004282360053283638
0.006904218294406203
0.007930348651238895
0.00013460481554427114
0.0021359374369775536
0.0069258815581733964
0.000907672921472853
0.003763549967028957
0.0008948537147911596
0.017259975385568924
1.1236081795474652e-6
0.003134361492847673
0.00017633526042533227
0.030529416115359042
0.0035000355099129867
0.004476351430486126
0.002605613072782816
0.003377068298134361
0.0027187084555986107
0.0001128390421821872
0.0010922145454449347
1.0995381930807646e-5
0.00524276947831511
0.004504642341584867
0.005831207755603635
0.004296105224940499
0.009150952908541513
0.004385005642368923
0.0005131616246176519
0.0046959039248520695
0.03255551552096093
0.015094956344110209
0.003908934708039035
0.0007137122536155973
0.004184585714218137
0.004457273992188456
0.004409765773477879
0.000627003518070849
0.0008565952328455813
0.005291727126255266
0.0018263492581601492
0.00012592581585033584
0.00016672475786831206
0.004788686134018021
0.0023245989735022157
0.004971596214228862
0.0014217570226982082
0.0020540113076016595
0.0035526153297243406
0.0051266938836262614
0.034832312648086915
0.0009771256902867198
0.001708276468530507
0.004746492088079176
0.0025555278121511087
0.00047152802585202595
0.003979405795729288
0.0022073498550543727
0.0008097371722149596
0.004350438430412664
0.004423809924159155
0.00348611658911407
0.00365851196017108
0.005212994588927728
0.0037706324404825292
0.002545268498341861
0.0046357605380310685
0.0032697480456849648
0.00467445757552659
0.0023421401079992774
0.0038141415010394444
4.280846419688852e-5
0.003633724474238121
0.003976950302919088
0.004605207709237546
0.0008236649603268564
0.002519240592438554
0.004284143052423643
0.0049263670622617575
0.002558530736056935
0.001915911294252283
0.0012350505613776869
0.004495711786260176
0.00403677982032218
0.00431853584600668
0.0030219462162066105
0.00328606390156686
0.00533921451514573
0.002779238825342651
0.003336819229905775
0.0006321974211676245
0.003302709353799117
0.004824302951407784
0.0009782782736662355
0.000881061529644729
0.0018200381572818789
0.0015799131621883978
0.001978760466340407
0.004020444305774718
0.004322355566553354
0.0026674935327549
0.0010847511255364416
0.002486189272732272
0.004534172501499408
0.0032850043413197305
0.006494129194941458
0.0014863894369668217
---weights per flow tunnel---
0.2337347682508456,0.7662652317491544,0.0,0.0
0.0,0.5,0.5,0.0
0.47899946358138923,0.0,0.47899946358138923,0.04200107283722147
0.5,0.5,0.0,0.0
0.0,0.33333333333333337,0.33333333333333337,0.33333333333333337
0.2908000195075079,0.0,0.0,0.7091999804924921
0.3333333333333333,0.3333333333333333,0.0,0.3333333333333333
0.0,0.3333333333333333,0.3333333333333333,0.3333333333333333
0.25,0.25,0.25,0.25
0.5,0.0,0.5,0.0
0.0,0.5,0.5,0.0
0.5,0.5,0.0,0.0
0.0,0.0,0.5,0.5
0.5,0.0,0.5,0.0
0.0,0.5,0.0,0.5
0.0,0.5,0.0,0.5
0.0,0.5,0.0,0.5
0.5,0.5,0.0,0.0
0.5,0.5,0.0,0.0
0.5,0.5,0.0,0.0
0.25,0.25,0.25,0.25
0.0,0.5,0.0,0.5
0.5,0.5,0.0,0.0
0.3333333333333333,0.3333333333333333,0.3333333333333333,0.0
0.12341295930688223,0.8765870406931177,0.0,0.0
0.5,0.5,0.0,0.0
0.5,0.5,0.0,0.0
0.5,0.5,0.0,0.0
0.5,0.5,0.0,0.0
0.061326625887011474,0.9386733741129885,0.0,0.0
0.5,0.5,0.0,0.0
0.5,0.5,0.0,0.0
0.5,0.5,0.0,0.0
0.5,0.5,0.0,0.0
0.5,0.5,0.0,0.0
0.5,0.5,0.0,0.0
0.5,0.5,0.0,0.0
0.5,0.5,0.0,0.0
0.5,0.5,0.0,0.0
0.5,0.5,0.0,0.0
0.5,0.5,0.0,0.0
0.5,0.5,0.0,0.0
0.5,0.5,0.0,0.0
0.5,0.5,0.0,0.0
0.5,0.5,0.0,0.0
0.5,0.5,0.0,0.0
0.5,0.5,0.0,0.0
0.5,0.5,0.0,0.0
0.0,0.5,0.5,0.0
0.5,0.5,0.0,0.0
0.11898763495213419,0.0,0.0,0.8810123650478657
0.5,0.5,0.0,0.0
0.5,0.0,0.5,0.0
0.5,0.0,0.5,0.0
0.0,0.5,0.5,0.0
0.5,0.0,0.5,0.0
0.0,0.44837705360950775,0.44837705360950775,0.10324589278098444
0.5,0.5,0.0,0.0
0.5,0.0,0.5,0.0
0.0,0.5,0.5,0.0
0.0,0.5,0.5,0.0
0.3333333333333333,0.3333333333333333,0.3333333333333333,0.0
0.5,0.5,0.0,0.0
0.0,0.0,0.5,0.5
0.0,0.5,0.5,0.0
0.5,0.5,0.0,0.0
0.7538597139740904,0.2461402860259096,0.0,0.0
0.33333333333333337,0.33333333333333337,0.33333333333333337,0.0
0.13718532121103608,0.862814678788964,0.0,0.0
0.0,0.0,0.8546702089056497,0.1453297910943503
0.5,0.5,0.0,0.0
0.0,0.5,0.5,0.0
0.5,0.0,0.0,0.5
0.5,0.5,0.0,0.0
0.5,0.0,0.0,0.5
0.7923122423797868,0.20768775762021313,0.0,0.0
0.5,0.5,0.0,0.0
0.3994500992575692,0.2010998014848617,0.3994500992575692,0.0
0.8490916061779461,0.0,0.0,0.15090839382205376
0.1537260530089575,0.8462739469910425,0.0,0.0
0.3333333333333333,0.3333333333333333,0.3333333333333333,0.0
0.33333333333333337,0.33333333333333337,0.33333333333333337,0.0
0.5,0.0,0.5,0.0
0.5,0.5,0.0,0.0
0.07957256651655871,0.9204274334834412,0.0,0.0
0.3333333333333333,0.3333333333333333,0.3333333333333333,0.0
0.5,0.0,0.5,0.0
0.4572123515400091,0.4572123515400091,0.08557529691998174,0.0
0.5,0.0,0.5,0.0
0.5,0.5,0.0,0.0
0.5,0.5,0.0,0.0
0.5,0.5,0.0,0.0
0.5,0.5,0.0,0.0
0.5,0.5,0.0,0.0
0.014705500589254373,0.9852944994107455,0.0,0.0
0.5,0.0,0.5,0.0
0.5,0.5,0.0,0.0
0.6757036386407664,0.3242963613592336,0.0,0.0
0.5,0.5,0.0,0.0
0.5,0.5,0.0,0.0
0.8374379300529152,0.16256206994708483,0.0,0.0
0.5,0.5,0.0,0.0
0.5,0.5,0.0,0.0
0.5,0.5,0.0,0.0
0.5,0.5,0.0,0.0
0.5,0.5,0.0,0.0
0.5,0.5,0.0,0.0
0.5,0.5,0.0,0.0
0.5,0.5,0.0,0.0
0.5,0.5,0.0,0.0
0.5,0.5,0.0,0.0
0.5,0.5,0.0,0.0
0.5,0.5,0.0,0.0
0.5,0.5,0.0,0.0
0.5,0.5,0.0,0.0
0.5,0.5,0.0,0.0
0.5,0.5,0.0,0.0
0.5,0.5,0.0,0.0
0.5,0.5,0.0,0.0
0.5,0.5,0.0,0.0
0.33333333333333337,0.0,0.33333333333333337,0.33333333333333337
0.5,0.5,0.0,0.0
0.5,0.0,0.5,0.0
0.23117448409440983,0.7688255159055901,0.0,0.0
0.5,0.5,0.0,0.0
0.5,0.0,0.5,0.0
0.0,0.447709059358393,0.552290940641607,0.0
0.5,0.5,0.0,0.0
0.18320424518367576,0.8167957548163243,0.0,0.0
0.0,0.5,0.5,0.0
0.0,0.5,0.0,0.5
0.5,0.5,0.0,0.0
0.0,0.5,0.5,0.0
0.5,0.0,0.5,0.0
0.3008751219336793,0.0,0.6991248780663207,0.0
0.5,0.0,0.0,0.5
0.0,0.0,0.8518627548243004,0.1481372451756997
0.5,0.5,0.0,0.0
0.5,0.5,0.0,0.0
0.3333333333333333,0.3333333333333333,0.3333333333333333,0.0
0.25,0.25,0.25,0.25
0.5,0.5,0.0,0.0
0.5,0.5,0.0,0.0
0.0,0.5,0.5,0.0
0.7183813070660487,0.0,0.0,0.28161869293395125
0.5,0.5,0.0,0.0
0.5,0.5,0.0,0.0
0.5,0.5,0.0,0.0
0.8836341213238144,0.11636587867618577,0.0,0.0
0.0,0.0,0.5,0.5
0.5,0.5,0.0,0.0
0.5,0.0,0.5,0.0
0.013251546601514674,0.8451475241283237,0.013251546601523202,0.12834938266863846
0.5,0.5,0.0,0.0
0.0,0.5,0.5,0.0
0.5,0.0,0.5,0.0
0.5,0.5,0.0,0.0
0.5,0.0,0.5,0.0
0.5,0.5,0.0,0.0
0.0467918772489762,0.4532081227510401,0.4532081227509794,0.04679187724900426
0.5,0.0,0.5,0.0
0.5,0.5,0.0,0.0
0.5,0.5,0.0,0.0
0.20026592229166087,0.5,0.2997340777083391,0.0
0.25,0.25,0.25,0.25
0.49999999999999994,0.4322793324615203,0.06772066753847966,0.0
0.5,0.5,0.0,0.0
0.0,0.5,0.5,0.0
0.2459921545165953,0.7540078454834047,0.0,0.0
0.8041073531961516,0.19589264680384844,0.0,0.0
0.0,0.5,0.0,0.5
0.5,0.0,0.0,0.5
0.5,0.5,0.0,0.0
0.0,0.5,0.0,0.5
0.5,0.5,0.0,0.0
0.046674940286722894,0.47666252985663854,0.0,0.47666252985663854
0.0,0.0,0.5,0.5
0.5,0.0,0.5,0.0
0.5,0.5,0.0,0.0
0.5,0.5,0.0,0.0
0.5,0.5,0.0,0.0
0.5,0.0,0.5,0.0
0.5,0.0,0.5,0.0
0.25,0.25,0.25,0.25
0.25,0.25,0.25,0.25
0.5,0.5,0.0,0.0
0.5,0.5,0.0,0.0
0.5,0.5,0.0,0.0
0.39999999999999997,0.20000000000000007,0.20000000000000007,0.19999999999999993
0.5,0.0,0.5,0.0
0.5,0.5,0.0,0.0
0.0,0.5,0.5,0.0
0.042001072837220835,0.47899946358138956,0.0,0.47899946358138956
0.5,0.5,0.0,0.0
0.5,0.0,0.5,0.0
0.5,0.5,0.0,0.0
0.5,0.5,0.0,0.0
0.7707269012637582,0.15743419901218533,0.0,0.07183889972405648
0.5,0.5,0.0,0.0
0.5,0.5,0.0,0.0
0.5,0.0,0.5,0.0
0.5,0.5,0.0,0.0
0.7903516356720559,0.04125291506521757,0.16839544926272654,0.0
0.33333333333333337,0.33333333333333337,0.33333333333333337,0.0
0.0,0.0,0.5,0.5
0.5,0.5,0.0,0.0
0.0,0.22946809081108366,0.7705319091889163,0.0
0.5,0.5,0.0,0.0
0.0,0.0,0.5,0.5
0.5,0.5,0.0,0.0
0.5,0.5,0.0,0.0
0.3747921791293872,0.2504156417412255,0.3747921791293872,0.0
0.24643625665695348,0.7535637433430465,0.0,0.0
0.16210544937798405,0.21113684623284618,0.6267577043891697,0.0
0.5,0.5,0.0,0.0
0.5,0.0,0.5,0.0
0.45320812275098105,0.046791877249019016,0.45320812275098105,0.046791877249019016
0.3141321286476706,0.6858678713523293,0.0,0.0
0.0,0.5,0.0,0.5
0.14342312039142752,0.0,0.8565768796085724,0.0
0.5,0.5,0.0,0.0
0.5,0.5,0.0,0.0
0.049088836039265546,0.42636674594110163,0.049088836039265546,0.4754555819803672
0.5,0.0,0.0,0.5
0.5,0.5,0.0,0.0
0.3333333333333333,0.3333333333333333,0.3333333333333333,0.0
0.5,0.5,0.0,0.0
0.01159926083974426,0.5000000000000001,0.4884007391602558,0.0
0.0,0.0,0.5,0.5
0.5,0.0,0.5,0.0
0.0,0.5,0.0,0.5
0.3333333333333333,0.0,0.3333333333333333,0.3333333333333333
0.0,0.5,0.0,0.5
0.5,0.5,0.0,0.0
0.5,0.5,0.0,0.0
0.0,0.5,0.5,0.0
0.0,0.0,0.5,0.5
0.3333333333333333,0.0,0.3333333333333333,0.3333333333333333
0.5,0.5,0.0,0.0
0.5,0.5,0.0,0.0
0.0,0.5,0.5,0.0
0.5,0.5,0.0,0.0
0.5,0.5,0.0,0.0
0.3333333333333333,0.3333333333333333,0.3333333333333333,0.0
0.5,0.5,0.0,0.0
0.0,0.5,0.5,0.0
0.5,0.5,0.0,0.0
0.5,0.5,0.0,0.0
0.5,0.5,0.0,0.0
0.5,0.5,0.0,0.0
0.24550600038594614,0.0,0.7544939996140538,0.0
0.9103032909071747,0.08969670909282532,0.0,0.0
0.3333333333333333,0.3333333333333333,0.3333333333333333,0.0
0.5,0.5,0.0,0.0
0.3333333333333333,0.3333333333333333,0.3333333333333333,0.0
0.3333333333333333,0.3333333333333333,0.3333333333333333,0.0
0.5,0.5,0.0,0.0
0.5,0.5,0.0,0.0
0.5,0.5,0.0,0.0
0.5,0.0,0.5,0.0
0.5,0.5,0.0,0.0
0.5,0.5,0.0,0.0
0.5,0.5,0.0,0.0
0.5,0.5,0.0,0.0
0.5,0.0,0.5,0.0
0.5,0.5,0.0,0.0
0.25,0.25,0.25,0.25
0.2845236141937411,0.2845236141937411,0.21547638580625894,0.21547638580625894
0.5,0.5,0.0,0.0
0.0,0.3333333333333333,0.3333333333333333,0.3333333333333333
0.5,0.5,0.0,0.0
0.5,0.5,0.0,0.0
0.5,0.5,0.0,0.0
0.0,0.5,0.5,0.0
0.5,0.0,0.5,0.0
0.5,0.5,0.0,0.0
0.4888541672375472,0.4888541672375472,0.0,0.0222916655249056
0.27388528827986774,0.7261147117201322,0.0,0.0
0.5,0.5,0.0,0.0
0.5,0.5,0.0,0.0
0.5,0.5,0.0,0.0
0.5,0.5,0.0,0.0
0.5,0.5,0.0,0.0
0.5,0.5,0.0,0.0
0.5,0.0,0.5,0.0
0.25,0.25,0.25,0.25
0.5,0.5,0.0,0.0
0.5,0.0,0.5,0.0
0.5,0.5,0.0,0.0
0.5,0.5,0.0,0.0
0.0,0.5,0.5,0.0
0.5,0.5,0.0,0.0
0.5,0.5,0.0,0.0
0.09867815999598764,0.9013218400040123,0.0,0.0
0.5,0.44167710763113854,0.05832289236886141,0.0
0.5,0.5,0.0,0.0
0.41570520951398465,0.16858958097203067,0.41570520951398465,0.0
0.5,0.5,0.0,0.0
0.5,0.5,0.0,0.0
0.5,0.0,0.5,0.0
0.5,0.0,0.5,0.0
0.8949854466805945,0.10501455331940548,0.0,0.0
0.33333333333333337,0.33333333333333337,0.33333333333333337,0.0
0.12648551520310333,0.4367572423984483,0.4367572423984483,0.0
0.061986966973566454,0.5,0.4380130330264335,0.0
0.5,0.5,0.0,0.0
0.5,0.5,0.0,0.0
0.16685129401099247,0.4165743529945038,0.4165743529945038,0.0
0.5,0.30939552694308703,0.190604473056913,0.0
0.3333333333333333,0.3333333333333333,0.3333333333333333,0.0
0.8364846249880519,0.16351537501194802,0.0,0.0
0.4420239381155299,0.4420239381155299,0.11595212376894014,0.0
0.0,0.0,0.5,0.5
0.5,0.5,0.0,0.0
0.0,0.5,0.5,0.0
0.5,0.5,0.0,0.0
0.5,0.5,0.0,0.0
0.0,0.5,0.5,0.0
0.0,0.5,0.0,0.5
0.5,0.5,0.0,0.0
0.5,0.0,0.5,0.0
0.0,0.0,0.66997523598518,0.3300247640148199
0.33333333333333337,0.33333333333333337,0.33333333333333337,0.0
0.5,0.0,0.5,0.0
0.5,0.5,0.0,0.0
0.3333333333333333,0.3333333333333333,0.3333333333333333,0.0
0.5,0.5,0.0,0.0
0.5,0.5,0.0,0.0
0.3333333333333333,0.0,0.3333333333333333,0.3333333333333333
0.5,0.5,0.0,0.0
0.5,0.5,0.0,0.0
0.0,0.5,0.5,0.0
0.05481523886580103,0.7175029192363372,0.0,0.2276818418978617
0.5,0.5,0.0,0.0
0.5,0.5,0.0,0.0
0.0,0.5,0.5,0.0
0.5,0.0,0.5,0.0
0.5,0.5,0.0,0.0
0.3333333333333333,0.3333333333333333,0.3333333333333333,0.0
0.33333333333333337,0.33333333333333337,0.33333333333333337,0.0
0.5,0.5,0.0,0.0
0.1741903852473108,0.0,0.8258096147526891,0.0
0.5,0.0,0.5,0.0
0.5,0.5,0.0,0.0
0.5,0.0,0.5,0.0
0.5,0.0,0.5,0.0
0.6020159949151347,0.3979840050848654,0.0,0.0
0.5,0.5,0.0,0.0
0.7972235173312074,0.20277648266879247,0.0,0.0
0.0,0.5,0.5,0.0
0.5,0.5,0.0,0.0
0.5,0.0,0.5,0.0
0.335984567857257,0.32803086428548595,0.335984567857257,0.0
0.5,0.5,0.0,0.0
0.5,0.5,0.0,0.0
0.0,0.5,0.5,0.0
0.0,0.5,0.5,0.0
0.5,0.0,0.5,0.0
0.5,0.5,0.0,0.0
0.5,0.5,0.0,0.0
0.02192125254336751,0.4780787474566325,0.02192125254336751,0.4780787474566325
0.5,0.5,0.0,0.0
0.15671566526429298,0.7683089814239807,0.07497535331172628,0.0
0.0,0.3333333333333333,0.3333333333333333,0.3333333333333333
0.5,0.5,0.0,0.0
0.33333333333333337,0.33333333333333337,0.33333333333333337,0.0
0.5,0.5,0.0,0.0
0.5,0.5,0.0,0.0
0.0,0.10924835846671757,0.8907516415332825,0.0
0.0,0.5,0.5,0.0
0.3333333333333333,0.3333333333333333,0.3333333333333333,0.0
0.3333333333333333,0.3333333333333333,0.3333333333333333,0.0
0.5,0.5,0.0,0.0
0.22450611581499313,0.749549685403579,0.025944198781427667,0.0
0.5,0.0,0.5,0.0
0.3386842341406784,0.6613157658593216,0.0,0.0
0.0,0.0938743201868224,0.0,0.9061256798131776
0.5,0.5,0.0,0.0
0.21890872822731364,0.7810912717726864,0.0,0.0
0.33333333333333337,0.33333333333333337,0.33333333333333337,0.0
0.5,0.0,0.0,0.5
0.0,0.08421493302921425,0.9157850669707857,0.0
0.20799789961492757,0.7920021003850723,0.0,0.0
0.0,0.5,0.5,0.0
0.02192125254336799,0.478078747456632,0.02192125254336799,0.478078747456632
0.5,0.5,0.0,0.0
0.5,0.0,0.5,0.0
0.5,0.0,0.0,0.5
0.5,0.5,0.0,0.0
0.5,0.5,0.0,0.0
0.3333333333333333,0.3333333333333333,0.0,0.3333333333333333
0.25,0.25,0.25,0.25
0.5,0.5,0.0,0.0
0.12497363522685757,0.0,0.8750263647731424,0.0
0.3333333333333333,0.3333333333333333,0.3333333333333333,0.0
0.25,0.25,0.25,0.25
0.5,0.5,0.0,0.0
0.5,0.5,0.0,0.0
0.33333333333333337,0.33333333333333337,0.33333333333333337,0.0
0.33333333333333337,0.0,0.33333333333333337,0.33333333333333337
0.33333333333333337,0.33333333333333337,0.0,0.33333333333333337
0.5,0.5,0.0,0.0
0.5,0.5,0.0,0.0
0.581723139821558,0.29328332902395504,0.12499353115448708,0.0
0.25,0.25,0.25,0.25
0.0,0.0,0.5,0.5
0.5,0.5,0.0,0.0
0.40390662297160723,0.19218675405678554,0.40390662297160723,0.0
0.021921252543367506,0.4780787474566325,0.021921252543367506,0.4780787474566325
0.5,0.5,0.0,0.0
0.0,0.0,0.5,0.5
0.0,0.0,0.5,0.5
0.5,0.5,0.0,0.0
0.41774045484260275,0.08225954515739722,0.07042313311249912,0.42957686688750085
0.5,0.0,0.5,0.0
0.25,0.25,0.25,0.25
0.3333333333333333,0.3333333333333333,0.3333333333333333,0.0
0.0,0.5,0.5,0.0
0.5,0.5,0.0,0.0
0.5,0.5,0.0,0.0
0.5,0.5,0.0,0.0
0.0,0.07538417526106105,0.924615824738939,0.0
0.5,0.5,0.0,0.0
0.5,0.0,0.0,0.5
0.0,0.0,0.23413623325691657,0.7658637667430834
0.5,0.5,0.0,0.0
0.4183718524856806,0.5816281475143195,0.0,0.0
0.5,0.0,0.5,0.0
0.5,0.0,0.0,0.5
0.3333333333333333,0.3333333333333333,0.3333333333333333,0.0
0.5,0.5,0.0,0.0
0.0,0.5,0.5,0.0
0.5,0.5,0.0,0.0
0.5,0.5,0.0,0.0
0.5,0.5,0.0,0.0
0.996204349626472,0.0037956503735280646,0.0,0.0
0.5,0.5,0.0,0.0
0.5,0.5,0.0,0.0
0.5,0.5,0.0,0.0
0.5,0.5,0.0,0.0
0.5,0.5,0.0,0.0
0.5,0.5,0.0,0.0
0.5,0.5,0.0,0.0
0.5,0.5,0.0,0.0
0.5,0.5,0.0,0.0
0.5,0.5,0.0,0.0
0.5,0.5,0.0,0.0
0.8422113789884167,0.15778862101158325,0.0,0.0
0.07575897798029282,0.9242410220197071,0.0,0.0
0.5,0.5,0.0,0.0
0.5,0.5,0.0,0.0
0.5,0.5,0.0,0.0
0.13316466021851264,0.8668353397814874,0.0,0.0
0.5,0.5,0.0,0.0
0.5,0.5,0.0,0.0
0.5,0.5,0.0,0.0
0.5,0.5,0.0,0.0
0.5,0.5,0.0,0.0
0.5,0.5,0.0,0.0
0.5,0.5,0.0,0.0
0.5,0.5,0.0,0.0
0.5,0.5,0.0,0.0
0.5,0.5,0.0,0.0
0.5,0.5,0.0,0.0
0.5,0.5,0.0,0.0
0.5,0.5,0.0,0.0
0.5,0.5,0.0,0.0
0.5,0.5,0.0,0.0
0.5,0.5,0.0,0.0
0.5,0.5,0.0,0.0
0.5,0.5,0.0,0.0
0.5,0.5,0.0,0.0
0.07952013014709754,0.9204798698529025,0.0,0.0
0.5,0.5,0.0,0.0
0.12560039845130294,0.874399601548697,0.0,0.0
0.19487815306087578,0.8051218469391243,0.0,0.0
0.850990933644167,0.14900906635583303,0.0,0.0
0.5,0.5,0.0,0.0
0.7235385451080716,0.2764614548919284,0.0,0.0
0.5,0.5,0.0,0.0
0.4165743529945038,0.4165743529945038,0.1668512940109924,0.0
0.5,0.5,0.0,0.0
0.0,0.5,0.5,0.0
0.0,0.5,0.5,0.0
0.5,0.5,0.0,0.0
0.5,0.5,0.0,0.0
0.29973407770833904,0.2002659222916609,0.5000000000000001,0.0
0.0,0.5,0.5,0.0
0.0,0.5,0.5,0.0
0.0,0.5,0.5,0.0
0.4940109045763403,0.4940109045763403,0.011978190847319421,0.0
0.4165743529945038,0.16685129401099247,0.4165743529945038,0.0
0.0,0.5,0.5,0.0
0.0,0.5,0.5,0.0
0.3333333333333333,0.3333333333333333,0.3333333333333333,0.0
0.8134644964333962,0.18653550356660376,0.0,0.0
0.5,0.5,0.0,0.0
0.3333333333333333,0.3333333333333333,0.3333333333333333,0.0
0.9793766680167206,0.020623331983279272,0.0,0.0
0.5,0.5,0.0,0.0
0.0,0.5,0.5,0.0
0.5,0.0,0.5,0.0
0.8669590967555548,0.1330409032444451,0.0,0.0
0.5,0.0,0.5,0.0
0.021921252543367943,0.47807874745663215,0.47807874745663215,0.021921252543367787
0.5,0.5,0.0,0.0
0.0,0.07440376802970868,0.751885247778126,0.17371098419216527
0.0,0.5,0.0,0.5
0.5,0.5,0.0,0.0
0.5,0.0,0.0,0.5
0.5,0.5,0.0,0.0
0.28950718991321533,0.28950718991321533,0.21049281008678464,0.21049281008678464
0.5,0.5,0.0,0.0
0.0,0.0,0.5,0.5
0.5,0.5,0.0,0.0
0.33333333333333337,0.33333333333333337,0.33333333333333337,0.0
0.5,0.5,0.0,0.0
0.33333333333333337,0.33333333333333337,0.0,0.33333333333333337
0.0,0.5,0.5,0.0
0.0,0.14608040096657413,0.0,0.8539195990334258
0.0,0.5,0.5,0.0
0.5,0.0,0.0,0.5
0.5,0.5,0.0,0.0
0.614653040132102,0.3853469598678981,0.0,0.0
0.032056863688557764,0.9679431363114421,0.0,0.0
0.33333333333333337,0.33333333333333337,0.0,0.33333333333333337
0.5,0.5,0.0,0.0
0.5,0.5,0.0,0.0
0.021921252543367506,0.021921252543367506,0.4780787474566324,0.4780787474566324
0.5,0.5,0.0,0.0
0.0,0.0,0.5,0.5
0.0,0.0,0.5,0.5
0.5,0.5,0.0,0.0
0.5,0.5,0.0,0.0
0.5,0.0,0.5,0.0
0.5,0.5,0.0,0.0
0.5000000000000001,0.4784898817180672,0.02151011828193288,0.0
0.5,0.5,0.0,0.0
0.5,0.0,0.5,0.0
0.25,0.25,0.25,0.25
0.3333333333333333,0.3333333333333333,0.3333333333333333,0.0
0.0,0.0,0.5,0.5
0.5,0.0,0.5,0.0
0.06089167905008205,0.0,0.0,0.9391083209499179
0.0,0.0,0.5,0.5
0.5,0.0,0.5,0.0
0.16351208293026645,0.8364879170697335,0.0,0.0
0.5,0.5,0.0,0.0
0.3333333333333333,0.3333333333333333,0.3333333333333333,0.0
0.5,0.0,0.0,0.5
0.2640715501845586,0.7359284498154414,0.0,0.0
0.33333333333333337,0.33333333333333337,0.33333333333333337,0.0
0.5,0.5,0.0,0.0
0.5,0.5,0.0,0.0
0.5,0.5,0.0,0.0
0.5,0.5,0.0,0.0
0.5,0.5,0.0,0.0
0.5,0.5,0.0,0.0
0.5,0.5,0.0,0.0
0.5,0.5,0.0,0.0
0.5,0.5,0.0,0.0
0.5,0.5,0.0,0.0
0.5,0.5,0.0,0.0
0.5,0.5,0.0,0.0
0.5,0.5,0.0,0.0
0.5,0.5,0.0,0.0
0.5,0.5,0.0,0.0
0.5,0.5,0.0,0.0
0.5,0.5,0.0,0.0
0.5,0.5,0.0,0.0
0.5,0.5,0.0,0.0
0.5,0.5,0.0,0.0
0.5,0.5,0.0,0.0
0.5,0.5,0.0,0.0
0.5,0.5,0.0,0.0
0.5,0.5,0.0,0.0
0.5,0.5,0.0,0.0
0.5,0.5,0.0,0.0
0.5,0.5,0.0,0.0
0.0,0.5,0.5,0.0
0.5,0.5,0.0,0.0
0.5,0.0,0.5,0.0
0.5,0.5,0.0,0.0
0.0,0.5,0.5,0.0
0.0,0.5,0.5,0.0
0.5,0.5,0.0,0.0
0.5,0.5,0.0,0.0
0.5,0.5,0.0,0.0
0.3333333333333333,0.3333333333333333,0.3333333333333333,0.0
0.0,0.5,0.5,0.0
0.5,0.0,0.5,0.0
0.5,0.0,0.5,0.0
0.0,0.5,0.5,0.0
0.0,0.5,0.5,0.0
0.03637021085765691,0.9636297891423431,0.0,0.0
0.5,0.5,0.0,0.0
0.5,0.5,0.0,0.0
0.5,0.0,0.5,0.0
0.18874221583587514,0.811257784164125,0.0,0.0
0.7046714522262614,0.2953285477737387,0.0,0.0
