---flow allocation with alpha---
0.011781541000000001
0.00805988
0.01901651
0.013097431999999999
0.0011069639
0.014395166
0.009171903
0.008925301
0.008853972
0.018586658
0.010064864
0.0071452103
0.014191874500000002
0.012543072
0.01796901
0.015423189
0.0018517209
0.011474191
0.006467071
0.016968443
0.009425233
0.0001808527
0.0133403225
0.011946817
0.014521769
0.014098081
0.018368807
0.0149877205
0.011432314999999998
0.012368961000000001
0.0064397135
0.009444311
0.013378434
0.009942116
0.0061252775
0.0074541383000000004
0.018652046
0.011158972999999999
0.017441965
0.01661692
0.00070755
0.016705742
0.008138804999999999
0.005217276
0.0020832913
0.006228766399999999
0.0069980865
0.016010649999999998
0.018314358
0.01644789
0.0021987765
0.016992445
0.015568306
0.017260267
0.011631161000000001
0.0054664836000000005
0.014672685
0.017588957000000002
0.01088624
0.013321095
0.0014065757
0.010045489999999999
0.010995202
0.0015666987
0.018350245
0.008423819999999999
0.017903233
0.0026093707
0.010153662
0.0035972754999999998
0.011413498000000001
0.01673716
0.0016800481
0.016456518
0.009255371
0.015841998
0.0024053971999999997
0.0046758013
0.012214893999999999
0.006264075799999999
0.014034183
0.003236507
0.01909038
0.019379383
0.017232258
0.016402183999999997
0.0059959073
0.0075957174
0.012610562
0.0011810804999999999
0.009431253999999998
0.0060729420000000004
0.00434617
0.0009190413
0.0042898626
0.017116804
0.00097725886
0.019432802
0.014585065
0.0048390594
0.004085571
0.009122318
0.0022575114
0.019397102
0.015129246
0.0017383671
0.0069278626
0.013160903
0.00958782
0.019590832
0.0043605976
0.016913311
0.013427268
0.0026094303
0.0036729016
0.018120466000000002
0.01285512
0.014471646
0.0014319237000000001
0.0050828185
0.012780906
0.0069769626
0.014274034500000001
0.009107265
0.0031880505
0.0107508745
0.003654057
0.0016563319000000001
2.9830195e-5
0.019651867
0.0004366339
0.0047556180000000005
0.01722961
0.004061686500000001
0.014899148999999999
0.0008795071
0.010706962
0.01877319
0.0028355026
0.018517923
0.017807299000000002
0.014275659
0.011510911
0.0020291855
0.018913021000000002
0.017338768
0.018505035
0.007470065
0.003172298
0.0034306414
0.0013507593
0.0065572295
0.0034347686999999997
0.010280183
0.007291723700000001
0.016734694
0.017361761
0.00234521
0.012405132
0.011381491
0.012009484
0.0123857155
0.011855066000000001
0.0008933330000000001
0.005864407
0.002304491
0.0035221322000000004
0.0003663364
0.019230879000000003
0.0023270338000000003
0.019706284
0.015117603
0.018459328
0.011651802999999999
0.004232907
0.014519644
0.001421394
0.017025959
0.010339105999999999
0.0063304887
0.009299518000000001
0.014391065
0.013474409
0.01784447
0.0146399
0.0027374103
0.009576890000000001
0.00955043
0.01674174
0.016714189999999997
0.01352038
0.01120758
0.017775078
0.016879807
0.0024334972000000002
0.011006713
0.01937005
0.015477086999999999
0.015969088
0.0025842474
0.002793536
0.013542363
0.006364163999999999
0.006234999
0.004123675300000001
0.0006570182
0.002419348
0.011435905
0.015261999
0.0040412024999999996
0.019909111
0.0056669416
0.018975788
0.012219208
0.014081621
0.0014297353
0.01277071
0.018119688
0.018482292
0.0105177765
0.0007444281
0.003412239
0.0074534154
0.013129683999999999
0.008882318
0.000863109
0.008315319
0.007181708300000001
0.014227149000000001
0.008409939
0.006865182
0.017823124
0.0003616668
0.011385540000000001
0.008433976
0.019905798000000002
0.014137307
0.017882885
0.013466786000000001
0.0064514256
0.011078402499999999
0.009335171000000001
0.009476224
0.013284704
0.0037726079999999998
0.008389609
0.0018283689999999998
0.014330892
0.006415236
0.014724769
0.006504997
0.014164228
0.0068339357
0.011523861
0.00013889772
0.019477442
0.0065109334
0.019767932999999998
0.0042052765
0.01343092
0.009726074999999999
0.017723541000000002
0.014674269
0.013942392999999999
0.017851955
0.009765762
0.004714858000000001
0.00670775
0.0035566729999999998
0.017303125000000003
0.008105316999999999
0.019180737
0.008083399
0.008637722
0.0071852193
0.009745955
0.0020284774
0.0008902507400000001
0.014265102
0.0050655003
0.012696329000000001
0.01387889
0.014040845
0.00020750806
0.004166661699999999
0.013047064
0.0060315437
0.013705379
0.0027152699999999997
0.0079204946
0.016705938
0.00027311071999999996
0.014837817
0.006457364
0.0037905052
0.017233145000000002
0.009338994
0.018567389
0.019305444999999997
0.014807964
0.0041445336
0.01763315
0.010637101
0.016058154999999998
0.0130088215
0.0063135896
0.010672723
0.005047558000000001
0.015290762000000001
0.012156848
0.017497211
0.004444144200000001
0.00110607
0.0043497396
0.0024245435999999997
0.005970696399999999
0.0040399528
0.0026219782999999997
0.007480583
0.0017830701
0.008405244
0.007292091400000001
0.012243887
0.019516897000000002
0.015070632
0.0005730809999999999
0.0016783422999999999
0.0039403164
0.01550501
0.012956757
0.00145245
0.015980268
0.0026230980000000004
0.010559642000000001
0.0036512094
0.007351395
0.019154991
0.0031539447
0.00214145
0.00048521104
0.013846744
0.012763925999999998
0.00062280124
0.016058061999999998
0.018772053
0.0056654234
0.018299026000000003
0.009957732
0.01713092
0.0007357967
0.0069730906
0.015090095
0.008390096
0.00020696646
0.011130932
0.017011318
0.0063339195
0.003330657
0.01060935
0.010843543
0.011468491
0.000755321
0.011377571
0.019248074
0.013224706
0.005473024
0.011806019
0.012399726
0.010085110999999999
0.014842815999999998
0.016722176000000002
0.0012906694
0.0050755267
0.011683636
0.0038282945
0.014117662
0.0017704462
0.0022015159999999997
0.012325485
0.016528593
0.019206509
0.0058371787
0.017420881000000003
0.0032899500000000003
0.013454428000000001
0.0160957
0.0048646965
0.01975126
0.0102668295
0.0024349696999999997
0.011812934
0.003046353
0.004612744
0.015734103
0.0005041465000000001
0.011402863999999999
0.015847701999999998
0.019093712
0.008155166
0.01402261
0.011882591
0.013475481000000001
0.00036247030000000004
0.007273761300000001
0.004011035
0.007530418400000001
0.009270249
0.009709932000000001
0.017346453
0.019298449000000002
0.007398388
0.012037326999999999
0.0035494094
0.018798096
0.018162880000000003
0.006846001
0.006047044
0.01018318
0.019999175999999997
0.012119216
0.009863304
0.014042852
0.0091198845
0.0049566503
0.013023168
0.0012100930000000002
0.01635071
0.015527032999999999
0.01851936
0.009303333
0.019630459
0.019910654
0.013294066
0.0023406
0.016396492
0.01007429
0.011208487500000001
0.014584937
0.0021114503999999997
0.01299539
0.006730229999999999
0.015085584
0.0029975708
0.018962188999999997
0.016530773
0.010822142
0.002937669
0.015481057
0.014368026
0.014572882
0.013803656000000001
0.009513097
0.009008654
0.009986931000000001
0.015124516
0.004617227
0.012839733
0.012810314
0.013171186999999999
0.013426048
0.017394457
0.002726803
0.0004051472
0.01618315
0.014317773
0.0050439167
0.011303263
0.005610737
0.00884008
0.008306637
0.012365323999999999
0.016625565999999998
0.01603152
0.0032839483999999998
0.012413133
0.006553977
0.009196066999999999
0.004970989699999999
0.015504009999999999
0.014898339
0.013846538
0.016409302
0.015383826
0.0006218626
0.014351229
0.0043963866
0.008874904000000001
0.018388687
0.0072189775
0.011572578
0.008938924000000001
0.009290319
0.004280932
0.012602767999999999
0.007915744
0.019051453
0.01599958
0.010381315
0.010878406
0.010666544
0.0077301917
0.010430225999999999
0.010814388
0.013883241999999999
0.0066981525
0.00044728693000000005
0.014153856
0.014959004
0.0054749026000000004
0.01381376
0.013451342
0.006221519
0.003648464
0.009330873
0.003955031
0.006707988000000001
0.01800658
0.019473007
0.016187597
0.00021459989
0.017394735
0.0029457
0.015116934
0.017984922
0.019221622
0.010731903000000001
0.018643452
0.012149338999999999
0.007846504
0.00027971806999999997
0.013110049
0.017046242
0.012209374
0.0010863297
0.0047736014999999994
0.018627476
0.0174327
0.0055001955
0.012744197
0.010130664
0.009960827
0.005658999
0.012701879
0.016948639
0.006212768600000001
0.013579131
0.0020335174
0.0071173444
0.00936995
0.0033248646
0.005722520399999999
0.012727368000000001
0.009780354000000002
0.001893989
0.0060234222
0.0035434225000000002
0.015671247
0.009932855
0.0035109553
0.004613108
0.013513184000000001
0.016641544
0.013141652
0.010309469
0.0021968813
0.019766943000000002
0.0026233847
0.015629434
0.0039776635
0.010333629
0.019977213
0.010114982
0.014535396
0.009491472999999999
0.0031498113000000003
0.0066589217
0.01726507
0.009629743
0.0050638003
0.01729448
0.017239523
0.0067904770000000005
0.013926926999999999
0.006622796
0.0011078237
0.009075425
0.014358947
0.017590746
0.0033475032
0.016492905
0.01717395
0.0054805927
0.0039621024
0.0005303476
0.00030886190000000005
0.004538814
0.009345061
0.015932418
0.0016566131
0.011082576
---weights per flow tunnel---
0.9640020393091311,0.03599796069086887,0.0,0.0
0.0,0.0,0.5,0.5
0.25,0.25,0.25,0.25
0.5,0.5,0.0,0.0
0.0,0.5,0.5,0.0
0.1025896766923196,0.0,0.030980846128701875,0.8664294771789786
0.07241618003858144,0.0,0.0,0.9275838199614185
0.0,0.3333333333333333,0.3333333333333333,0.3333333333333333
0.0,0.0,0.5,0.5
0.3333333333333333,0.3333333333333333,0.3333333333333333,0.0
0.25,0.25,0.25,0.25
0.5,0.0,0.5,0.0
0.0,0.5,0.0,0.5
0.5,0.0,0.5,0.0
0.25,0.25,0.25,0.25
0.39999999999999997,0.2,0.2,0.19999999999999996
0.0,0.3333333333333333,0.3333333333333333,0.3333333333333333
0.5,0.5,0.0,0.0
0.5,0.5,0.0,0.0
0.5,0.15981063362987802,0.340189366370122,0.0
0.0,0.9653476909348068,0.01732615453259668,0.01732615453259668
0.0,0.0,0.5,0.5
0.5,0.5,0.0,0.0
0.5,0.5,0.0,0.0
0.5,0.5,0.0,0.0
0.9333225623844389,0.06667743761556105,0.0,0.0
0.5,0.5,0.0,0.0
0.5803198584873652,0.4196801415126347,0.0,0.0
0.5,0.5,0.0,0.0
0.5,0.5,0.0,0.0
0.5,0.5,0.0,0.0
0.5,0.5,0.0,0.0
0.063818617841375,0.936181382158625,0.0,0.0
0.5,0.5,0.0,0.0
0.5,0.5,0.0,0.0
0.5,0.5,0.0,0.0
0.5,0.5,0.0,0.0
0.5,0.5,0.0,0.0
0.5,0.5,0.0,0.0
0.5,0.5,0.0,0.0
0.5,0.5,0.0,0.0
0.5,0.5,0.0,0.0
0.5,0.5,0.0,0.0
0.5,0.5,0.0,0.0
0.5,0.5,0.0,0.0
0.5,0.5,0.0,0.0
0.5,0.5,0.0,0.0
0.5,0.5,0.0,0.0
0.0,0.0,0.5,0.5
0.5,0.5,0.0,0.0
0.3999999999999999,0.19999999999999998,0.19999999999999998,0.19999999999999998
0.5,0.5,0.0,0.0
0.0,0.0,0.5,0.5
0.25,0.25,0.25,0.25
0.3333333333333333,0.0,0.3333333333333333,0.3333333333333333
0.0,0.5,0.0,0.5
0.0,0.0,0.5,0.5
0.5,0.0,0.5,0.0
0.0,0.3333333333333333,0.3333333333333333,0.3333333333333333
0.5,0.5,0.0,0.0
0.25,0.25,0.25,0.25
0.024887955916503408,0.0,0.9751120440834966,0.0
0.33333333333333337,0.0,0.33333333333333337,0.33333333333333337
0.0,0.0,0.5,0.5
0.0,0.5,0.5,0.0
0.9832931699908355,0.0167068300091645,0.0,0.0
0.5,0.5,0.0,0.0
0.0,0.5,0.5,0.0
0.035872426725643065,0.0,0.0,0.9641275732743569
0.0,0.0,0.5,0.5
0.5,0.5,0.0,0.0
0.5,0.0,0.5,0.0
0.0,0.3333333333333333,0.3333333333333333,0.3333333333333333
0.5,0.5,0.0,0.0
0.0,0.3333333333333333,0.3333333333333333,0.3333333333333333
0.5,0.5,0.0,0.0
0.3333333333333333,0.0,0.3333333333333333,0.3333333333333333
0.0,0.33333333333333337,0.33333333333333337,0.33333333333333337
0.0,0.5,0.0,0.5
0.0,0.3333333333333333,0.3333333333333333,0.3333333333333333
0.5,0.0,0.5,0.0
0.0953167069203883,0.8093665861592234,0.0953167069203883,0.0
0.0,0.645655559634171,0.17717222018291448,0.17717222018291448
0.15520552556987982,0.7657409324433833,0.07905354198673689,0.0
0.0,0.5,0.5,0.0
0.7059495153151365,0.1470252423424317,0.1470252423424317,0.0
0.0,0.3333333333333333,0.3333333333333333,0.3333333333333333
0.0,0.33333333333333337,0.33333333333333337,0.33333333333333337
0.0,0.3333333333333333,0.3333333333333333,0.3333333333333333
0.5,0.5,0.0,0.0
0.5,0.5,0.0,0.0
0.5,0.0,0.5,0.0
0.0,0.3333333333333333,0.3333333333333333,0.3333333333333333
0.0,0.5,0.0,0.5
0.5,0.5,0.0,0.0
0.5,0.0,0.5,0.0
0.5,0.5,0.0,0.0
0.8598532352401601,0.14014676475983995,0.0,0.0
0.5,0.5,0.0,0.0
0.5,0.5,0.0,0.0
0.5,0.5,0.0,0.0
0.5,0.5,0.0,0.0
0.5,0.5,0.0,0.0
0.5,0.5,0.0,0.0
0.5,0.5,0.0,0.0
0.5,0.5,0.0,0.0
0.5,0.5,0.0,0.0
0.5,0.5,0.0,0.0
0.5,0.5,0.0,0.0
0.5,0.5,0.0,0.0
0.5,0.5,0.0,0.0
0.9400870375996263,0.05991296240037379,0.0,0.0
0.5,0.5,0.0,0.0
0.5,0.5,0.0,0.0
0.5,0.5,0.0,0.0
0.5,0.5,0.0,0.0
0.5,0.5,0.0,0.0
0.9603656820085891,0.03963431799141091,0.0,0.0
0.5,0.5,0.0,0.0
0.5,0.5,0.0,0.0
0.0,0.5,0.0,0.5
0.5,0.5,0.0,0.0
0.0,0.0,0.1351981661658606,0.8648018338341393
0.3333333333333333,0.0,0.3333333333333333,0.3333333333333333
0.5,0.5,0.0,0.0
0.25,0.25,0.25,0.25
0.0,0.0,0.5,0.5
0.0,0.5,0.0,0.5
0.0,0.0,0.5,0.5
0.5,0.0,0.5,0.0
0.0,0.5,0.5,0.0
0.0,0.5,0.5,0.0
0.0,0.0,0.5,0.5
1.0,0.0,0.0,0.0
0.0,0.0,0.5,0.5
0.0,0.0,0.5,0.5
0.0,0.037353033516169414,0.605563992675551,0.3570829738082795
0.5,0.5,0.0,0.0
0.5,0.5,0.0,0.0
0.0,0.5,0.5,0.0
0.0,0.9535586625697442,0.0,0.046441337430255816
0.0,0.0,0.5,0.5
0.5,0.5,0.0,0.0
0.3333333333333333,0.3333333333333333,0.3333333333333333,0.0
0.0,0.0,0.5,0.5
0.5,0.5,0.0,0.0
0.25,0.25,0.25,0.25
0.25,0.25,0.25,0.25
0.5,0.5,0.0,0.0
0.0,0.3333333333333333,0.3333333333333333,0.3333333333333333
0.0,0.33333333333333337,0.33333333333333337,0.33333333333333337
0.0,0.33333333333333337,0.33333333333333337,0.33333333333333337
0.0,0.0,0.5,0.5
0.3333333333333333,0.3333333333333333,0.3333333333333333,0.0
0.0,0.33333333333333337,0.33333333333333337,0.33333333333333337
0.3333333333333333,0.3333333333333333,0.3333333333333333,0.0
0.25,0.25,0.25,0.25
0.5,0.5,0.0,0.0
0.0,0.5,0.0,0.5
0.0,0.9365598379105465,0.031720081044726685,0.031720081044726685
0.0,0.5,0.5,0.0
0.5,0.5,0.0,0.0
0.5,0.5,0.0,0.0
0.3333333333333333,0.3333333333333333,0.3333333333333333,0.0
0.5,0.0,0.5,0.0
0.25,0.25,0.25,0.25
0.5,0.5,0.0,0.0
0.3333333333333333,0.3333333333333333,0.3333333333333333,0.0
0.0,0.915844963578583,0.042077518210708514,0.042077518210708514
0.5,0.5,0.0,0.0
0.0,0.0,0.5,0.5
0.0,0.5,0.0,0.5
0.5,0.5,0.0,0.0
0.33333333333333337,0.0,0.33333333333333337,0.33333333333333337
0.0,0.33333333333333337,0.33333333333333337,0.33333333333333337
0.3333333333333333,0.3333333333333333,0.3333333333333333,0.0
0.0,0.0,0.5,0.5
0.3333333333333333,0.3333333333333333,0.3333333333333333,0.0
0.25,0.25,0.25,0.25
0.0,0.5,0.5,0.0
0.25,0.25,0.25,0.25
0.33333333333333337,0.33333333333333337,0.33333333333333337,0.0
0.25,0.25,0.25,0.25
0.3333333333333333,0.3333333333333333,0.0,0.3333333333333333
0.25,0.25,0.25,0.25
0.5,0.5,0.0,0.0
0.5,0.5,0.0,0.0
0.5,0.0,0.5,0.0
0.33333333333333337,0.33333333333333337,0.33333333333333337,0.0
0.0,0.5,0.0,0.5
0.5,0.5,0.0,0.0
0.5,0.0,0.5,0.0
0.3333333333333333,0.3333333333333333,0.0,0.3333333333333333
0.5,0.5,0.0,0.0
0.0,0.5,0.0,0.5
0.0,0.33333333333333337,0.33333333333333337,0.33333333333333337
0.5,0.5,0.0,0.0
0.0,0.1771416136096969,0.0,0.8228583863903031
0.25,0.25,0.25,0.25
0.0,0.5,0.5,0.0
0.0,0.5,0.5,0.0
0.0941635169187969,0.8116729661624061,0.0941635169187969,0.0
0.25,0.25,0.25,0.25
0.3333333333333333,0.3333333333333333,0.3333333333333333,0.0
0.0,0.0,0.5,0.5
0.3333333333333333,0.3333333333333333,0.3333333333333333,0.0
0.0,0.0,0.5,0.5
0.0,0.5,0.5,0.0
0.0,0.5,0.0,0.5
0.5,0.5,0.0,0.0
0.9397187693266394,0.06028123067336065,0.0,0.0
0.5,0.0,0.5,0.0
0.0,0.5,0.0,0.5
0.0,0.0,0.9165569369113885,0.08344306308861146
0.5,0.5,0.0,0.0
0.3333333333333333,0.3333333333333333,0.3333333333333333,0.0
0.0,0.0,0.5,0.5
0.07411307858574084,0.9258869214142592,0.0,0.0
0.0,0.03721722407886144,0.0,0.9627827759211386
0.0,0.0,0.5,0.5
0.5,0.5,0.0,0.0
0.0,0.0,0.5,0.5
0.0,0.3333333333333333,0.3333333333333333,0.3333333333333333
0.0,0.5,0.5,0.0
0.0,0.9804382793072409,0.019561720692759108,0.0
0.5,0.5,0.0,0.0
0.40000000000000013,0.2,0.2,0.2
0.5,0.5,0.0,0.0
0.3333333333333333,0.3333333333333333,0.0,0.3333333333333333
0.02253054249543767,0.0,0.9774694575045624,0.0
0.0,0.0,0.5,0.5
0.0,0.5,0.5,0.0
0.0,0.3333333333333333,0.3333333333333333,0.3333333333333333
0.5,0.5,0.0,0.0
0.5,0.5,0.0,0.0
0.36180821926744205,0.6381917807325579,0.0,0.0
0.0,0.5,0.5,0.0
0.0,0.0,0.5,0.5
0.5,0.5,0.0,0.0
0.0,0.5,0.5,0.0
0.5,0.5,0.0,0.0
0.5,0.5,0.0,0.0
0.08827485284290155,0.0,0.9117251471570984,0.0
0.10150559200840635,0.7969888159831872,0.10150559200840635,0.0
0.5,0.5,0.0,0.0
0.5,0.0,0.5,0.0
0.3333333333333333,0.3333333333333333,0.3333333333333333,0.0
0.07015167946666323,0.9298483205333367,0.0,0.0
0.33333333333333337,0.33333333333333337,0.33333333333333337,0.0
0.21892517468630143,0.21892517468630143,0.5621496506273972,0.0
0.5,0.5,0.0,0.0
0.9689259740770209,0.031074025922979157,0.0,0.0
0.5,0.5,0.0,0.0
0.0,0.5,0.5,0.0
0.5,0.0,0.5,0.0
0.0,0.5,0.5,0.0
0.5,0.5,0.0,0.0
0.7958615986352692,0.20413840136473083,0.0,0.0
0.5,0.5,0.0,0.0
0.8089819631939568,0.09550901840302158,0.09550901840302158,0.0
0.5,0.0,0.5,0.0
0.5,0.0,0.5,0.0
0.5,0.5,0.0,0.0
0.5,0.5,0.0,0.0
0.006091286028230759,0.3313029046572564,0.3313029046572564,0.3313029046572564
0.5,0.5,0.0,0.0
0.0,0.0,0.5,0.5
0.0,0.3333333333333333,0.3333333333333333,0.3333333333333333
0.5,0.5,0.0,0.0
0.0,0.08522951238340354,0.9147704876165964,0.0
0.0,0.5,0.0,0.5
0.0,0.06981264283084004,0.86037471433832,0.06981264283084004
0.0,0.5,0.5,0.0
0.0,0.9693744637522477,0.0306255362477523,0.0
0.0332314343394402,0.0332314343394402,0.9335371313211196,0.0
0.0,0.5,0.5,0.0
0.3333333333333333,0.0,0.3333333333333333,0.3333333333333333
0.5,0.0,0.5,0.0
0.0,0.0,0.8031864936652511,0.1968135063347489
0.0,0.0,0.5,0.5
0.0,0.0,0.26768715622176853,0.7323128437782315
0.10278502969629764,0.8972149703037023,0.0,0.0
0.5,0.5,0.0,0.0
0.3333333333333333,0.3333333333333333,0.3333333333333333,0.0
0.0,0.5,0.0,0.5
0.0,0.0,0.5,0.5
0.5,0.5,0.0,0.0
0.33333333333333337,0.33333333333333337,0.33333333333333337,0.0
0.5,0.0,0.5,0.0
0.5,0.5,0.0,0.0
0.5,0.5,0.0,0.0
0.3333333333333333,0.3333333333333333,0.3333333333333333,0.0
0.08666445246034604,0.913335547539654,0.0,0.0
0.0,0.5,0.5,0.0
0.33333333333333337,0.33333333333333337,0.33333333333333337,0.0
0.0,0.5,0.5,0.0
0.3333333333333333,0.3333333333333333,0.3333333333333333,0.0
0.0,0.5,0.5,0.0
0.0,0.06062303175299325,0.9393769682470068,0.0
0.5,0.5,0.0,0.0
0.0,0.5,0.5,0.0
0.3333333333333333,0.3333333333333333,0.3333333333333333,0.0
0.3333333333333333,0.3333333333333333,0.3333333333333333,0.0
0.5,0.5,0.0,0.0
0.15360933020380707,0.15360933020380707,0.692781339592386,0.0
0.5,0.5,0.0,0.0
0.5,0.5,0.0,0.0
0.5,0.0,0.5,0.0
0.08043926524143713,0.8391214695171257,0.08043926524143713,0.0
0.0,0.5,0.5,0.0
0.5,0.5,0.0,0.0
0.5,0.5,0.0,0.0
0.0,0.3333333333333333,0.3333333333333333,0.3333333333333333
0.5,0.5,0.0,0.0
0.0,0.3333333333333333,0.3333333333333333,0.3333333333333333
0.0,0.5,0.5,0.0
0.5,0.5,0.0,0.0
0.0,0.0,0.5,0.5
0.0,0.3333333333333333,0.3333333333333333,0.3333333333333333
0.0,0.3333333333333333,0.3333333333333333,0.3333333333333333
0.0,0.5,0.5,0.0
0.0,0.5,0.5,0.0
0.5,0.0,0.5,0.0
0.33333333333333337,0.0,0.33333333333333337,0.33333333333333337
0.5,0.0,0.5,0.0
0.5,0.0,0.5,0.0
0.0,0.0,0.5,0.5
0.0,0.0,0.5,0.5
0.0,0.13764382789729765,0.7247123442054046,0.13764382789729765
0.5,0.5,0.0,0.0
0.5,0.5,0.0,0.0
0.12010622123201195,0.7597875575359763,0.12010622123201195,0.0
0.0,0.5,0.0,0.5
0.0,0.812291912143729,0.047083258932660944,0.14062482892361008
0.5,0.5,0.0,0.0
0.3333333333333333,0.3333333333333333,0.3333333333333333,0.0
0.5,0.0,0.5,0.0
0.5,0.5,0.0,0.0
0.5,0.0,0.5,0.0
0.33333333333333337,0.33333333333333337,0.33333333333333337,0.0
0.5,0.5,0.0,0.0
1.0,0.0,0.0,0.0
0.3333333333333333,0.3333333333333333,0.3333333333333333,0.0
0.5,0.0,0.5,0.0
0.3333333333333333,0.3333333333333333,0.3333333333333333,0.0
0.5,0.0,0.5,0.0
0.0,0.5,0.5,0.0
0.9871886607499772,0.012811339250022702,0.0,0.0
0.5,0.0,0.5,0.0
0.5,0.0,0.5,0.0
0.0,0.5,0.5,0.0
0.5,0.5,0.0,0.0
0.5,0.0,0.5,0.0
0.5,0.5,0.0,0.0
0.5,0.5,0.0,0.0
0.5,0.5,0.0,0.0
0.5,0.0,0.5,0.0
0.5,0.0,0.5,0.0
0.5,0.5,0.0,0.0
0.0912426824075676,0.0912426824075676,0.8175146351848649,0.0
0.034743145731322686,0.0,0.0,0.9652568542686772
0.5,0.5,0.0,0.0
0.0,0.0,0.8999436297485819,0.10005637025141809
0.0,0.0,0.5,0.5
0.5,0.5,0.0,0.0
0.0,0.5,0.0,0.5
0.0,0.5,0.0,0.5
0.0,0.3333333333333333,0.3333333333333333,0.3333333333333333
0.0,0.0,0.05123130742584322,0.9487686925741567
0.0,0.0,0.9716681901984998,0.028331809801500164
0.33333333333333337,0.33333333333333337,0.33333333333333337,0.0
0.0,0.3333333333333333,0.3333333333333333,0.3333333333333333
0.3333333333333333,0.3333333333333333,0.3333333333333333,0.0
0.0,0.0,0.5,0.5
0.0,0.5,0.5,0.0
0.0,0.5,0.0,0.5
0.0,0.5,0.0,0.5
0.5,0.5,0.0,0.0
0.5,0.5,0.0,0.0
0.5,0.0,0.5,0.0
0.0,0.5,0.5,0.0
0.0,0.0,0.5,0.5
0.5,0.5,0.0,0.0
0.0,0.5,0.5,0.0
0.0,0.6345900798790448,0.18270496006047754,0.18270496006047754
0.5,0.5,0.0,0.0
0.0,0.0,0.5,0.5
0.0,0.0,0.5,0.5
0.5,0.5,0.0,0.0
0.0,0.0,0.5,0.5
0.0,0.06755901516649988,0.06755901516649988,0.8648819696670003
0.0,0.5,0.5,0.0
0.0,0.5,0.5,0.0
0.0,0.07465317823604353,0.1500339832721608,0.7753128384917957
0.5,0.0,0.5,0.0
0.0,0.04494772910155234,0.0,0.9550522708984477
0.5159331598592867,0.4840668401407134,0.0,0.0
0.5,0.0,0.0,0.5
0.5,0.5,0.0,0.0
0.0,0.0,0.5,0.5
0.0,0.0,0.05696230425061707,0.9430376957493829
0.9417744646448718,0.058225535355128186,0.0,0.0
0.5,0.5,0.0,0.0
0.5,0.0,0.5,0.0
0.0,0.0,0.5,0.5
0.0,0.0,0.5,0.5
0.5,0.5,0.0,0.0
0.5,0.5,0.0,0.0
0.0,0.3333333333333333,0.3333333333333333,0.3333333333333333
0.5,0.5,0.0,0.0
0.09415430490419746,0.3019485650319342,0.3019485650319342,0.3019485650319342
0.0,0.0,0.959388302631595,0.04061169736840502
0.5,0.5,0.0,0.0
0.0,0.05333312142062327,0.05333312142062327,0.8933337571587535
0.0,0.33333333333333337,0.33333333333333337,0.33333333333333337
0.0,0.5,0.5,0.0
0.0,0.5,0.0,0.5
0.5,0.0,0.0,0.5
0.5,0.5,0.0,0.0
0.0,0.0,0.5,0.5
0.5,0.5,0.0,0.0
0.0,0.06313671176572602,0.873726576468548,0.06313671176572602
0.33333333333333337,0.33333333333333337,0.33333333333333337,0.0
0.0,0.5,0.0,0.5
0.0,0.0,0.5,0.5
0.5,0.5,0.0,0.0
0.026238021075848637,0.9737619789241514,0.0,0.0
0.0,0.5,0.5,0.0
0.0,0.3333333333333333,0.3333333333333333,0.3333333333333333
0.5,0.5,0.0,0.0
0.5,0.5,0.0,0.0
0.11677338402515955,0.766453231949681,0.11677338402515955,0.0
0.9192334380086526,0.0807665619913474,0.0,0.0
0.5,0.5,0.0,0.0
0.5,0.5,0.0,0.0
0.5,0.5,0.0,0.0
0.5,0.5,0.0,0.0
0.5,0.5,0.0,0.0
0.5,0.5,0.0,0.0
0.5,0.5,0.0,0.0
0.5,0.5,0.0,0.0
0.5,0.5,0.0,0.0
0.5,0.5,0.0,0.0
0.5,0.5,0.0,0.0
0.5,0.5,0.0,0.0
0.5,0.5,0.0,0.0
0.5,0.5,0.0,0.0
0.14497152523011841,0.8550284747698815,0.0,0.0
0.5,0.5,0.0,0.0
0.9776686894019034,0.02233131059809666,0.0,0.0
0.5,0.5,0.0,0.0
0.5,0.5,0.0,0.0
0.5,0.5,0.0,0.0
0.4627958348063057,0.5372041651936943,0.0,0.0
0.9709628787670366,0.02903712123296346,0.0,0.0
0.5,0.5,0.0,0.0
0.5,0.5,0.0,0.0
0.9581363563756299,0.04186364362437014,0.0,0.0
0.18640307428025052,0.8135969257197494,0.0,0.0
0.5,0.5,0.0,0.0
0.5,0.5,0.0,0.0
0.5,0.5,0.0,0.0
0.5,0.5,0.0,0.0
0.5,0.5,0.0,0.0
0.5,0.5,0.0,0.0
0.5,0.5,0.0,0.0
0.5,0.5,0.0,0.0
0.5,0.5,0.0,0.0
0.5,0.5,0.0,0.0
0.5,0.5,0.0,0.0
0.5,0.5,0.0,0.0
0.5,0.5,0.0,0.0
0.9500449220882314,0.04995507791176852,0.0,0.0
0.5,0.5,0.0,0.0
0.5,0.5,0.0,0.0
0.5,0.5,0.0,0.0
0.5,0.5,0.0,0.0
0.5,0.5,0.0,0.0
0.5,0.5,0.0,0.0
0.05849357260052649,0.9415064273994735,0.0,0.0
0.0,0.5,0.5,0.0
0.5,0.5,0.0,0.0
0.0,0.8798625163032558,0.12013748369674428,0.0
0.5,0.0,0.5,0.0
0.5,0.5,0.0,0.0
0.0,0.5,0.5,0.0
0.33333333333333337,0.33333333333333337,0.33333333333333337,0.0
0.0,0.5,0.5,0.0
0.33333333333333337,0.33333333333333337,0.33333333333333337,0.0
0.5,0.0,0.5,0.0
0.3333333333333333,0.3333333333333333,0.3333333333333333,0.0
0.5,0.0,0.5,0.0
0.5,0.0,0.5,0.0
0.5,0.0,0.5,0.0
0.5,0.0,0.5,0.0
0.5,0.5,0.0,0.0
0.5,0.0,0.5,0.0
0.9777868067499624,0.0,0.022213193250037552,0.0
0.018723331955602322,0.9812766680443976,0.0,0.0
0.5,0.5,0.0,0.0
0.5,0.0,0.5,0.0
0.33333333333333337,0.33333333333333337,0.33333333333333337,0.0
0.5,0.5,0.0,0.0
0.3333333333333333,0.3333333333333333,0.3333333333333333,0.0
0.0,0.0,0.5,0.5
0.5,0.5,0.0,0.0
0.0,0.1269106587648185,0.7461786824703631,0.1269106587648185
0.0,0.5,0.5,0.0
0.5,0.5,0.0,0.0
0.0,0.5,0.0,0.5
0.12322725172145797,0.0,0.0,0.876772748278542
0.5,0.5,0.0,0.0
0.0,0.0,0.5,0.5
0.0,0.030451547079271342,0.0,0.9695484529207286
0.33333333333333337,0.33333333333333337,0.33333333333333337,0.0
0.0,0.33333333333333337,0.33333333333333337,0.33333333333333337
0.3333333333333333,0.3333333333333333,0.3333333333333333,0.0
0.07684625957413513,0.4615768702129324,0.07684625957413513,0.3847306106387973
0.5,0.5,0.0,0.0
0.0,0.0,0.5,0.5
0.25861289028352563,0.7413871097164744,0.0,0.0
0.0,0.0,0.5,0.5
0.5,0.5,0.0,0.0
0.5,0.5,0.0,0.0
0.7520798127451748,0.0,0.24792018725482526,0.0
0.03725203095881801,0.0,0.0,0.962747969041182
0.5,0.5,0.0,0.0
0.9326090749105312,0.03369546254473441,0.03369546254473441,0.0
0.3333333333333333,0.3333333333333333,0.0,0.3333333333333333
0.5,0.5,0.0,0.0
0.0,0.0,0.5,0.5
0.19999999999999998,0.19999999999999998,0.4,0.19999999999999998
0.5,0.5,0.0,0.0
0.0,0.5,0.0,0.5
0.0,0.5,0.0,0.5
0.0,0.0,0.5,0.5
0.0,0.5,0.5,0.0
0.0,0.0,0.5,0.5
0.5,0.0,0.5,0.0
0.0,0.0,0.5,0.5
0.0,0.5,0.5,0.0
0.0,0.0,0.5,0.5
0.5,0.0,0.5,0.0
0.0,0.3778316327802468,0.0,0.6221683672197532
0.0,0.0,0.5,0.5
0.0,0.5,0.0,0.5
0.5,0.5,0.0,0.0
0.5,0.5,0.0,0.0
0.0,0.5,0.5,0.0
0.0,0.5,0.0,0.5
0.5,0.5,0.0,0.0
0.5,0.5,0.0,0.0
0.5,0.5,0.0,0.0
0.5,0.5,0.0,0.0
0.5,0.5,0.0,0.0
0.5,0.5,0.0,0.0
0.5,0.5,0.0,0.0
0.04331551943435032,0.9566844805656497,0.0,0.0
0.5,0.5,0.0,0.0
0.5,0.5,0.0,0.0
0.5,0.5,0.0,0.0
0.7795947851269389,0.220405214873061,0.0,0.0
0.04500247953502397,0.954997520464976,0.0,0.0
0.5,0.5,0.0,0.0
0.5,0.5,0.0,0.0
0.5,0.5,0.0,0.0
0.5,0.5,0.0,0.0
0.5,0.5,0.0,0.0
0.5,0.5,0.0,0.0
0.5,0.5,0.0,0.0
0.5,0.5,0.0,0.0
0.5,0.5,0.0,0.0
0.5,0.5,0.0,0.0
0.5,0.5,0.0,0.0
0.04925080887673646,0.9507491911232635,0.0,0.0
0.5,0.5,0.0,0.0
0.3333333333333333,0.3333333333333333,0.3333333333333333,0.0
0.5,0.5,0.0,0.0
0.5,0.0,0.5,0.0
0.0,0.5,0.5,0.0
0.5,0.5,0.0,0.0
0.5,0.0,0.5,0.0
0.3333333333333333,0.3333333333333333,0.3333333333333333,0.0
0.5,0.5,0.0,0.0
0.3333333333333333,0.3333333333333333,0.3333333333333333,0.0
0.0,0.5,0.5,0.0
0.5,0.5,0.0,0.0
0.5,0.5,0.0,0.0
0.0,0.5,0.5,0.0
0.0,0.5,0.5,0.0
0.2233906315590852,0.2233906315590852,0.5532187368818297,0.0
0.0,0.5,0.5,0.0
0.33333333333333337,0.33333333333333337,0.33333333333333337,0.0
0.3333333333333333,0.3333333333333333,0.3333333333333333,0.0
0.5,0.5,0.0,0.0
0.5,0.5,0.0,0.0
0.0372006364120699,0.6428638779655186,0.3199354856224116,0.0
0.027991615568093944,0.08090883147881303,0.891099552953093,0.0
0.5,0.0,0.5,0.0
0.5,0.5,0.0,0.0
