---flow_allocation with alpha---
0.014760938680833554
0.05608133648025021
0.0006976657078422604
0.03266554016893889
0.06716329174327779
0.03591734114017937
0.02107728315821571
0.029566790163012537
0.052029838129498004
0.05474905338732161
0.032312424932705856
0.030545309795610504
0.011591010349493348
0.045803948115168816
0.023100543632540015
0.0181073859028193
0.00046910747884975793
0.027120738199665796
0.033887698931887096
0.07360637186944297
0.008663050334755383
0.04428457722034763
0.05027194566299182
0.03498806348693285
0.07106566535660717
0.014401515477243937
0.06948760021326741
0.05015142946163171
0.013431353601716581
0.03107113940950659
0.028738440909553884
0.039406757275867364
0.0672302902680737
0.026316423952363624
0.06508462240088976
0.04870169609212894
0.06865501860048019
0.05753559450927918
0.064940685300413
0.05524657875242695
0.06396884707864177
0.00392785260090384
0.066684481889565
0.06898774290115949
0.0596154644032676
0.023853800319767884
0.06737386775631994
0.004217974378298183
0.022441073815034712
0.0737424989299387
0.006370292489915558
0.06477387132957858
0.023152112948480845
0.04251184198954692
0.04505965960372082
0.04682545155222433
0.015639688971525137
0.06574521162672292
0.059547801978969174
0.06001304430868188
0.0680847990060969
0.06762364519082055
0.05332073815343623
0.035919148422158445
0.022563076413614346
0.04056400142079146
0.05686992645225174
0.06647482795916525
0.04421999824040534
0.046891507708559724
0.070152148861967
0.06467132651891862
0.027625325795729194
0.005658037774921965
0.04814770238600375
0.0348589101374615
0.035972048303352246
0.06658521969311193
0.00656769184978971
0.013997188693135312
0.022849366476588247
0.0366656241136342
0.047624215784101975
0.004713982825248537
0.03789711988541922
0.012688925853040916
0.07330841930520814
0.036480066968927964
0.03654817199289474
0.053758989280040956
0.03712996280235735
0.004924750262647237
0.053396627399070036
0.06019573101012234
0.04828423608494478
0.03569715241559033
0.05134884966936729
0.026055240355576662
0.043986025302395246
0.058578347340828535
0.0543651120062709
0.050021002716031215
0.019303676559317952
0.014531035815606963
0.07138643024541468
0.034275683645324684
0.05725650498965969
0.01303742053315295
0.06393522794550031
0.06782179706233916
0.051613308503700016
0.05215652582998361
0.06752939543561151
0.06444938122689584
0.003237111549289384
0.04737173756954181
0.05767465563674299
0.015513555442707603
0.07288297037401033
0.028874833529850628
0.040932838166077214
0.055052249835543694
0.007126983012903679
0.03856520287688706
0.02726853144975302
0.06387147976201882
0.06652682880978271
0.051332483624547544
0.03264605656270523
0.041800702349092764
0.024762851168170976
0.009404774534374903
0.06138613970144521
0.009818560964311787
0.03701332488059113
0.04681275724048658
0.06889074902800667
0.060346509963805625
0.0626744459069104
0.005816725984678591
0.04251109879093716
0.04842263515707136
0.03377353126951983
0.07336008359566114
0.01039217751114963
0.0511141611952267
0.07252781180264176
0.07202397662601456
0.050881617485312315
0.07309865841322187
0.04751127356956644
0.038208489674183437
0.008071177473680899
0.0011987425664530288
0.020649727268180047
0.06545478325684997
0.007050424058646698
0.029426324703684368
0.022769047545940405
0.03125116037002792
0.05091538415167656
0.029835118056112723
0.04376102791682616
0.026356865574976115
0.054097964378952965
0.07183067583127756
0.01117807131350482
0.025960162570154755
0.024156652831164353
0.024257901193629118
0.012140871281215352
0.026002384734349702
0.020048319150500635
0.04580199329996695
0.026601564178282463
0.056275989970223594
0.02610206647840505
0.02940853865159535
0.036333357165945546
0.057039248487873444
0.009767678599939534
0.06529679914939908
0.044089458078639836
0.02959038810199653
0.008593694044642887
0.037403630476039604
0.06447779981393424
0.04375605789138369
0.020756663958465708
0.06825942670524292
0.009764068646394586
0.016185476142133073
0.048403144174176564
0.06592967425933262
0.044793631384730755
0.05961286966271192
0.015610342769348499
0.033401700521894236
0.05650616484982969
0.018569233124242728
0.016773727062588253
0.0015656549252641202
0.07169048330841153
0.019483301946385697
0.05552876646972487
0.04137707268694839
0.07059839997757707
0.0020002679748032997
0.03938244472283552
0.046166546049296174
0.00329734512257115
0.0700248092490532
0.034065192463885646
0.028164461984237582
0.020111535292297464
0.01647565462760992
0.006917836504582034
0.042961250316124536
0.029872932665277047
0.07096300989603012
0.040146021358996996
0.009998699029328699
0.07164831554709249
0.07366620212377695
0.006246124195833746
0.07203852247969822
0.0694077976488993
0.003170213715918024
0.012811255790958603
0.011243371362073451
0.034391880811587845
0.012354776934679153
0.04759427299445571
0.06873188340954965
0.031110736404418658
0.05869661181637592
0.05298219551128349
0.019457480866150907
0.045216098300663074
0.031589915091188414
0.0654997218765094
0.05565742927123048
0.03622760350769007
0.05072052964768713
0.03779158476074999
0.03474957511022298
0.05774527425799292
0.06289143961514357
0.005049815558723564
0.06631764514153057
0.044011239652251344
0.06912695893850719
0.025113019428278944
0.02874077746696969
0.015094431998436578
0.05521285726811218
0.0329119390926378
0.06480432771925666
0.04894664181358345
0.03749342011750742
0.01256601131472796
0.048329949254023806
0.03446182907875675
0.02748567176912632
0.006572941266272825
0.04344693614010162
0.024001700531441624
2.6900102264995202e-5
0.011134316647958227
0.004931933839681025
0.04895811620998532
0.012866068993635354
0.011656314086392549
0.06872446986510486
0.007287469652646019
0.05523139481755475
0.06260226527766427
0.008625936508399268
0.06541758644305605
0.024494304741484545
0.043693165400594335
0.025699601379151407
0.05445024605247729
0.05784488131335423
0.020942388000130208
0.05922788540619267
0.029507470742462433
0.036014379273298994
0.021239933003837093
0.05727347592069283
0.025462591100917288
0.011242970256124012
0.04018496090898504
0.05373668041259101
0.04753876361938396
0.010229653990850256
0.023099609562823274
0.04300224426623982
0.016189619981527962
0.054535178162585005
0.05157775576325745
0.057048558756313636
0.007720234664153324
0.04181427171725815
0.012000449159771373
0.004143793290759392
0.034630899385817086
0.003622823974471331
0.003385169160470185
0.038905183967961936
0.03213995582902568
0.04543470012102455
0.07060023492203542
0.01881402670206124
0.03480937216958184
0.026071293814380635
0.02583767956651843
0.06772147447084735
0.04967574546807661
0.052661476726608106
0.04391250765331765
0.027481952087746928
0.030849416339400623
0.01808681423906762
0.06719348994981601
0.04860180503531377
0.04457907842925199
0.044169258798842655
0.05720121230400888
0.009345890336832006
0.04412351335687115
0.049242636796368484
0.032890186241021226
0.03231698647553775
0.03799603537879875
0.034004655894247594
0.05303268230220216
0.038603181616761746
0.05090828780366074
0.00568885617424544
0.06044858451231798
0.014059090867166741
0.04619707804975092
0.00430727052113579
0.043305973678229207
0.05074471126498376
0.05362315913015606
0.008770412105139182
0.03531217276948429
0.035703488045426175
0.03357976943346164
0.04681555391714094
0.05023402778057154
0.014083792539073674
0.007888481551414004
0.018006114488288472
0.07036376682839503
0.05544338807161824
0.03274305781251916
0.07168305501064445
0.07183019727038616
0.022076367999986853
0.026750342212631763
0.011598172165376777
0.031081441838869992
0.005132680451755307
0.024743101080053665
0.05802442371298416
0.0328168788267861
0.033767400342030594
0.045267996800107235
0.03897490263655289
0.016889947280917476
0.015795617756766158
0.07335522422013575
0.00033449841534570674
0.04145695823875431
0.03477894713071361
0.04828002954393021
0.06519060657980583
0.032044693627075294
0.0324648129206001
0.04669078230438622
0.03442788906085573
0.049597345391407574
0.03104320768210337
0.028733905185035977
0.023848743618557024
0.06018615979229435
0.01990593391511101
0.010063115722725922
0.05097028310803906
0.03308202184643948
0.014266037562928442
0.00045248371193146647
0.0075155802658406
0.06497271845140955
0.053376176528144526
0.005444185510043156
0.022907400513934858
0.04885400662508123
0.058193561332077384
0.04240492558507939
0.038205915219445885
0.06736705356559268
0.006425794764950968
0.020143171025675158
0.07219221982494466
0.05963104759992396
0.007182409677162412
0.07310648320652519
0.023626501415923394
0.048266231499269514
0.054004097288040516
0.06294918965103632
0.06347592013967403
0.07031419566554024
0.010987082179952286
0.00412560521063829
0.035841997767469845
0.01847665326069905
0.012148774451543259
0.041262023513575
0.05646004873063594
0.04712168904274431
0.06778448037780173
0.059194856405942325
0.03706029945872494
0.024917086087597923
0.012380373948831845
0.006017931793908784
0.060603208550620014
0.06710709080622425
0.009127927519741699
0.035158282708965594
0.048775429508544854
0.06911187827689096
0.04876614782466658
0.06004005579760799
0.004440977760153106
0.015071265594129222
0.05907737016814511
0.03396845861803801
0.0031222022558528456
0.06655920774177015
0.014585821355804445
0.05408182977687647
0.0651747781091666
0.02657540100538735
0.0029152016182565662
0.03853239241022298
0.002284086026421222
0.03973576281724989
0.046370323547015986
0.03091624796723826
0.024938824185892224
0.007818575700046643
0.0689638517398952
0.01967615184271057
0.04349420762884628
0.015502403775230565
0.06443002671223212
0.05610540375929918
0.039036301353461575
0.05176094592182068
0.054301861747416295
0.005189067096253032
0.048527888124452016
0.014917877146567988
0.029701757243544152
0.05293317759801414
0.008388816502330705
0.003790633794559517
0.06453834929272928
0.009546962444079054
0.017253316998216514
0.04603614327784438
0.07018032770751836
0.024668949960200758
0.040245011541070554
0.035603860704246725
0.07193548435482458
0.045104068947943506
0.047763820018242156
0.01786106535614499
0.04609989976006965
0.06986585142233195
0.035326348868028365
0.043075570122127795
0.04985922423850689
0.025381123255297025
0.06486475179481235
0.027159715555042176
0.05710388648110484
0.011651336684288938
0.0113853656344227
0.04145227590309627
0.026042905656069436
0.02967407632261966
0.05708856146758835
0.043393874894445406
0.03919840348199338
0.04046386785624134
0.06125163550640008
0.011987652496860313
0.05429308167649548
0.011687539492994375
0.059182823227459165
0.011507018763680873
0.028013522588174525
0.010560371839699692
0.06754127186004548
0.04168588554054526
0.011058801767877222
0.009782594208762803
0.029201699839502805
0.04124287093500996
0.02407424999374471
0.07269048562241184
0.05381359501412316
0.033502567142145064
0.062303114005994344
0.059611167498154066
0.039511598994389524
0.055077646757762985
0.061020327387226486
0.06683450842381208
0.020859035417588906
0.05041724191328346
0.04032410502388667
0.031379748482839497
0.012966169824251668
0.036027597327977626
0.06929186419827187
0.07072463309131997
0.06372233750502579
0.04739658308634094
0.033627001272652675
0.061568085048441204
0.0033102632237662134
0.01858952908528433
0.014620234402101006
0.04332520002340563
0.03026323180614703
0.06908280040076324
0.03478509465569041
0.05267518809550042
0.00945889064257401
0.06294214493964849
0.058656138842953585
0.05466717521492549
0.0361390872623514
0.059470485348991235
0.06961142115881784
0.06514450244768642
0.042183445944791016
0.022252887812715033
0.042443920460025986
0.027243433282309864
0.043037161691741765
0.03359873482925027
0.059268484704937015
0.034926950615643305
0.05357369677305309
0.021741143011181425
0.019048657084995358
0.025344710211749125
0.010172358541700195
0.03379253262653152
0.06500312873695552
0.04188265336601764
0.022597033029002928
0.03838559039897632
0.048271281745901874
0.06671325455633807
0.03990133013235178
0.004230121433987681
0.037354146911035856
0.061107864380798946
0.07322617875433356
0.05142453052432392
0.011417475318278579
0.031093229743370282
0.06866876224226498
0.05051144740852566
0.04582638976251925
0.034733516118923155
0.05995961330788606
0.062357876494125775
0.06779398243943154
0.02883149011316254
0.01381284316502118
0.055391206492802866
0.036788320118360904
0.049193676974305614
0.05717326766744868
0.06698644920162479
0.06510108157605639
0.042731504204947146
0.026259812688534213
---flow_allocation with ell_k_beta---
0.014760938681426456
0.056081336482502825
0.0006976657078702835
0.032665540170250966
0.06716329174597553
0.03591734114162206
0.02107728315906232
0.029566790164200142
0.05202983813158788
0.05474905338952071
0.03231242493400374
0.03054530979683742
0.011591010349958925
0.04580394811700862
0.023100543633467894
0.018107385903546616
0.00046910747886860055
0.027120738200755154
0.033887698933248264
0.07360637187239952
0.008663050335103352
0.044284577222126406
0.05027194566501109
0.03498806348833821
0.07106566535946165
0.014401515477822402
0.06948760021605853
0.05015142946364614
0.013431353602256077
0.031071139410754622
0.028738440910708218
0.039406757277450216
0.06723029027077414
0.026316423953420674
0.06508462240350402
0.04870169609408514
0.06865501860323786
0.0575355945115902
0.06494068530302147
0.055246578754646045
0.06396884708121121
0.00392785260106161
0.0666844818922435
0.0689877429039305
0.05961546440566217
0.023853800320726017
0.06737386775902614
0.004217974378467606
0.0224410738159361
0.07374249893290072
0.0063702924901714334
0.06477387133218035
0.023152112949410796
0.04251184199125449
0.045059659605530725
0.04682545155410517
0.015639688972153336
0.06574521162936371
0.059547801981361025
0.06001304431109242
0.06808479900883166
0.06762364519353678
0.05332073815557796
0.03591914842360121
0.022563076414520638
0.04056400142242079
0.056869926454536035
0.06647482796183535
0.04421999824218152
0.04689150771044322
0.0701521488647848
0.06467132652151628
0.02762532579683882
0.005658037775149231
0.048147702387937696
0.03485891013886167
0.03597204830479713
0.06658521969578646
0.006567691850053514
0.013997188693697536
0.022849366477506038
0.036665624115106946
0.047624215786014897
0.004713982825437883
0.03789711988694143
0.012688925853550592
0.07330841930815273
0.03648006697039326
0.03654817199436277
0.05375898928220029
0.03712996280384875
0.004924750262845049
0.05339662740121482
0.06019573101254023
0.04828423608688421
0.035697152417024175
0.051348849671429816
0.02605524035662322
0.043986025304162034
0.058578347343181444
0.05436511200845458
0.05002100271804041
0.019303676560093325
0.014531035816190632
0.07138643024828205
0.03427568364670144
0.05725650499195951
0.013037420533676625
0.0639352279480684
0.06782179706506336
0.05161330850577316
0.05215652583207858
0.06752939543832397
0.06444938122948457
0.0032371115494194093
0.04737173757144458
0.05767465563905961
0.015513555443330735
0.07288297037693782
0.028874833531010443
0.040932838167721364
0.055052249837754974
0.007126983013189948
0.038565202878436115
0.027268531450848316
0.06387147976458434
0.06652682881245489
0.051332483626609415
0.03264605656401653
0.04180070235077177
0.024762851169165625
0.009404774534752663
0.0613861397039109
0.009818560964706168
0.03701332488207784
0.04681275724236691
0.0688907490307738
0.06034650996622956
0.06267444590942785
0.005816725984912232
0.0425110987926447
0.048422635159016354
0.033773531270876414
0.0733600835986078
0.010392177511567052
0.0511141611972798
0.07252781180555498
0.07202397662890755
0.05088161748735607
0.07309865841615802
0.047511273571474825
0.03820848967571815
0.008071177474005094
0.0011987425665011787
0.020649727269009484
0.0654547832594791
0.007050424058929892
0.029426324704866336
0.022769047546854968
0.031251160371283185
0.050915384153721675
0.029835118057311108
0.043761027918583904
0.026356865576034793
0.05409796438112592
0.07183067583416278
0.01117807131395381
0.025960162571197497
0.024156652832134654
0.024257901194603484
0.012140871281703014
0.026002384735394138
0.020048319151305914
0.04580199330180668
0.02660156417935097
0.05627598997248403
0.02610206647945349
0.029408538652776598
0.03633335716740495
0.05703924849016454
0.009767678600331873
0.06529679915202186
0.04408945808041077
0.029590388103185088
0.00859369404498807
0.037403630477542
0.06447779981652411
0.04375605789314124
0.02075666395929944
0.0682594267079847
0.009764068646786778
0.016185476142783196
0.04840314417612077
0.06592967426198082
0.044793631386529975
0.059612869665106386
0.01561034276997552
0.033401700523235885
0.05650616485209937
0.018569233124988597
0.016773727063262002
0.0015656549253270078
0.07169048331129113
0.019483301947168283
0.055528766471955295
0.04137707268861038
0.07059839998041278
0.0020002679748836443
0.0393824447244174
0.046166546051150545
0.0032973451227035944
0.07002480925186588
0.03406519246525394
0.028164461985368865
0.020111535293105283
0.016475654628271698
0.006917836504859902
0.04296125031785016
0.02987293266647695
0.07096300989888049
0.04014602136060954
0.009998699029730317
0.07164831554997038
0.07366620212673589
0.006246124196084634
0.0720385224825918
0.0694077976516872
0.0031702137160453617
0.012811255791473191
0.011243371362525062
0.03439188081296926
0.012354776935175407
0.047594272996367426
0.0687318834123104
0.031110736405668284
0.058696611818733584
0.05298219551341162
0.019457480866932456
0.04521609830247927
0.03158991509245728
0.06549972187914033
0.055657429273466064
0.03622760350914522
0.05072052964972443
0.03779158476226796
0.03474957511161877
0.05774527426031237
0.06289143961766973
0.0050498155589264
0.06631764514419436
0.044011239654019145
0.06912695894128382
0.025113019429287658
0.02874077746812412
0.015094431999042875
0.055212857270329915
0.03291193909395977
0.06480432772185965
0.04894664181554949
0.03749342011901342
0.012566011315232698
0.04832994925596507
0.03446182908014098
0.027485671770230338
0.00657294126653684
0.043446936141846755
0.0240017005324057
2.6900102266075697e-5
0.01113431664840546
0.004931933839879125
0.04895811621195182
0.012866068994152146
0.011656314086860749
0.0687244698678653
0.007287469652938735
0.05523139481977323
0.06260226528017881
0.008625936508745746
0.06541758644568367
0.024494304742468408
0.04369316540234936
0.025699601380183682
0.05445024605466439
0.057844881315677686
0.0209423880009714
0.05922788540857168
0.029507470743647658
0.03601437927474558
0.021239933004690237
0.05727347592299333
0.025462591101940043
0.011242970256575608
0.04018496091059914
0.05373668041474945
0.047538763621293445
0.01022965399126115
0.023099609563751115
0.04300224426796709
0.01618961998217825
0.054535178164775516
0.05157775576532918
0.0570485587586051
0.007720234664463422
0.0418142717189377
0.012000449160253395
0.004143793290925836
0.0346308993872081
0.0036228239746168493
0.003385169160606157
0.03890518396952464
0.03213995583031664
0.04543470012284953
0.0706002349248712
0.018814026702816945
0.03480937217098003
0.026071293815427842
0.025837679567556254
0.06772147447356752
0.04967574547007193
0.05266147672872336
0.043912507655081486
0.027481952088850795
0.03084941634063975
0.018086814239794115
0.06719348995251496
0.04860180503726596
0.04457907843104259
0.0441692588006168
0.05720121230630648
0.009345890337207402
0.04412351335864345
0.049242636798346416
0.03289018624234232
0.03231698647683582
0.037996035380324936
0.03400465589561345
0.05303268230433232
0.03860318161831232
0.050908287805705575
0.005688856174473944
0.060448584514746016
0.014059090867731452
0.04619707805160652
0.0043072705213088
0.043305973679968676
0.05074471126702203
0.05362315913230994
0.008770412105491463
0.03531217277090267
0.03570348804686028
0.03357976943481043
0.046815553919021376
0.050234027782589286
0.014083792539639378
0.00788848155173086
0.01800611448901172
0.07036376683122132
0.05544338807384524
0.03274305781383435
0.07168305501352375
0.07183019727327136
0.022076368000873592
0.026750342213706244
0.01159817216584264
0.031081441840118438
0.005132680451961471
0.024743101081047523
0.05802442371531483
0.03281687882810425
0.033767400343386926
0.04526799680192551
0.03897490263811839
0.01688994728159589
0.01579561775740062
0.07335522422308222
0.00033449841535914256
0.04145695824041951
0.03477894713211058
0.04828002954586947
0.06519060658242434
0.03204469362836244
0.03246481292190411
0.04669078230626164
0.0344278890622386
0.049597345393399744
0.031043207683350282
0.02873390518619013
0.023848743619514955
0.06018615979471185
0.01990593391591057
0.010063115723130128
0.05097028311008638
0.033082021847768275
0.014266037563501466
0.0004524837119496414
0.007515580266142479
0.06497271845401931
0.053376176530288484
0.005444185510261832
0.02290740051485498
0.04885400662704354
0.05819356133441484
0.04240492558678267
0.038205915220980505
0.06736705356829861
0.006425794765209073
0.020143171026484247
0.0721922198278444
0.05963104760231915
0.007182409677450908
0.07310648320946164
0.0236265014168724
0.04826623150120822
0.0540040972902097
0.0629491896535648
0.06347592014222365
0.07031419566836455
0.010987082180393603
0.004125605210804003
0.03584199776890951
0.018476653261441198
0.012148774452031238
0.041262023515232366
0.056460048732903764
0.047121689044637045
0.06778448038052443
0.05919485640832001
0.03706029946021354
0.02491708608859877
0.012380373949329128
0.0060179317941505064
0.06060320855305426
0.06710709080891973
0.00912792752010834
0.0351582827103778
0.04877542951050401
0.06911187827966697
0.04876614782662537
0.060040055800019615
0.004440977760331487
0.015071265594734588
0.059077370170518076
0.03396845861940242
0.0031222022559782552
0.06655920774444364
0.014585821356390314
0.054081829779048775
0.06517477811178446
0.026575401006454804
0.002915201618373661
0.03853239241177071
0.0022840860265129666
0.03973576281884596
0.04637032354887854
0.03091624796848007
0.02493882418689394
0.007818575700360693
0.06896385174266526
0.019676151843500904
0.043494207630593314
0.01550240377585325
0.06443002671482008
0.05610540376155276
0.03903630135502955
0.05176094592389976
0.05430186174959744
0.005189067096461461
0.048527888126401235
0.014917877147167193
0.02970175724473718
0.0529331776001403
0.008388816502667658
0.003790633794711775
0.06453834929532158
0.009546962444462527
0.017253316998909526
0.04603614327969351
0.0701803277103373
0.024668949961191636
0.04024501154268707
0.035603860705676824
0.071935484357714
0.045104068949755195
0.047763820020160684
0.017861065356862414
0.046099899761921345
0.06986585142513826
0.03532634886944732
0.04307557012385801
0.049859224240509585
0.025381123256316508
0.06486475179741777
0.027159715556133102
0.057103886483398536
0.011651336684756937
0.011385365634880016
0.041452275904761283
0.026042905657115503
0.02967407632381158
0.05708856146988143
0.04339387489618841
0.039198403483567866
0.04046386785786665
0.061251635508860376
0.01198765249734182
0.05429308167867626
0.011687539493463827
0.05918282322983636
0.011507018764143074
0.028013522589299743
0.01056037184012387
0.0675412718627584
0.04168588554221966
0.01105880176832142
0.00978259420915574
0.02920169984067575
0.041242870936666565
0.0240742499947117
0.07269048562533159
0.05381359501628469
0.03350256714349076
0.06230311400849687
0.05961116750054847
0.03951159899597658
0.055077646759975285
0.061020327389677484
0.06683450842649662
0.02085903541842675
0.05041724191530857
0.04032410502550637
0.031379748484099926
0.01296616982477248
0.036027597329424746
0.06929186420105511
0.07072463309416077
0.06372233750758531
0.047396583088244716
0.033627001274003365
0.061568085050914205
0.0033102632238991765
0.018589529086031013
0.014620234402688257
0.04332520002514587
0.030263231807362612
0.06908280040353809
0.03478509465708762
0.05267518809761622
0.009458890642953945
0.06294214494217668
0.058656138845309624
0.054667175217121305
0.036139087263802994
0.059470485351379984
0.06961142116161392
0.06514450245030308
0.0421834459464854
0.022252887813608867
0.04244392046173083
0.027243433283404152
0.04303716169347043
0.03359873483059983
0.059268484707317645
0.03492695061704621
0.05357369677520499
0.021741143012054702
0.019048657085760486
0.025344710212767147
0.010172358542108788
0.033792532627888866
0.0650031287395665
0.04188265336769994
0.022597033029910583
0.03838559040051815
0.04827128174784079
0.06671325455901773
0.0399013301339545
0.004230121434157592
0.03735414691253626
0.06110786438325346
0.07322617875727483
0.05142453052638949
0.011417475318737184
0.031093229744619203
0.06866876224502319
0.05051144741055455
0.04582638976435996
0.034733516120318296
0.05995961331029446
0.0623578764966305
0.06779398244215461
0.028831490114320613
0.013812843165576
0.05539120649502776
0.03678832011983858
0.049193676976281575
0.057173267669745155
0.06698644920431543
0.0651010815786713
0.042731504206663544
0.02625981268958899
---flow_allocation with per_flow_loss---
0.01600826
0.06082029297897014
0.0007566194927183254
1.6653345369377348e-15
0.011317311820489909
0.03895241
0.022858345
0.03206522799870422
0.056426437
1.2910741920002522e-11
0.01701276243397691
0.03312643317135664
0.01257046799965575
0.04967445
0.02505257397282066
0.019637486999882672
0.0005087463377840061
0.029412480944549218
0.03675125995303314
1.783140246569559e-9
0.009395090977028314
0.04802668999960361
2.65245561625882e-10
0.037944606980470835
0.07707082
0.01561846463185887
0.075359406
5.419276138951545e-15
3.151960810410248e-11
0.033696697
0.031166882
1.6931747670589914e-11
1.8129386880616494e-12
1.489438954116462e-10
2.94969798586564e-10
2.3976883672949256e-10
0.007506763356129778
6.10464456762827e-12
0.07042826964265524
1.4576920920328362e-10
6.791811280049131e-10
0.0042597615911302445
1.9777093157591352e-9
4.3143429107050935e-10
0.06465305961401413
0.007357000524026134
1.1218917461697231e-10
1.3344284011118646e-11
0.024337377980685745
0.07997384866010147
0.006908591699999999
0.07024736
0.025108500992854017
0.04610415597746734
0.04886726792591244
0.050782271999999996
0.016961266
5.715289075336472e-10
0.06457968
0.06508423599982767
0.073838066
0.0733379439809784
0.057826419999999996
0.038954369999999995
0.02446969
0.04399172
0.061675519989882056
0.07209205
0.047956654
0.05085391
0.07608010993857789
0.07013615
0.029959707000000002
0.0061361504
0.052216254999999996
2.8864224205227274e-10
0.03901174
0.07221176999739932
0.0071226716
0.015179972
0.024780172
0.03976392398624726
0.05164853299022269
0.005112321393788963
0.041099483
0.013761158999999999
0.07950309
0.039562687
0.03963654699485216
0.058301704
0.0402675
0.0053408990000000005
0.057908721999999996
0.06528236
0.052364325999999996
0.038713615
1.3739009929736312e-15
2.2863655413374318e-15
0.047702909843539296
0.06352830449329662
0.0589590449998955
2.060851489460447e-15
1.7486012637846216e-15
0.015758929978335688
0.07741869
1.6486811915683575e-14
0.062094765
0.014139101999999999
0.06933784999355377
0.07355284000000001
0.01816365000866902
0.056563829998751355
0.07323572969498279
0.06989544961053408
2.3962515175238175e-10
0.05137471996437848
9.484247137647728e-10
0.016824474
0.00485187213355652
1.8062459167245137e-10
0.044391724
2.9891221442479576e-11
0.007729223698160619
0.041824019999999996
0.029572763
0.06926871499900461
0.07214844499864519
0.055670155
0.035404697
0.021100568481633965
0.026855349
0.010199492
0.06657335999948079
0.010648244
0.040141006
0.050768505
0.050875707698509215
0.06226819852330057
3.2320879306269035e-10
0.006308248
0.04610335
0.05251441996752307
0.036627444996662595
0.03309564068923862
0.011270332
0.055433383999999995
0.0786565199709727
0.07811010999642447
3.1502578323738817e-15
0.07927560393764027
0.051526047
0.04143716399963129
0.008753203999785387
0.0013000377636426344
0.022394659999999997
0.0059067149552657905
0.007646195262154927
0.031912893
0.024693065991786983
0.03389192999029996
0.05521780998061314
8.479703050845444e-11
5.716527251564685e-11
0.028584059816247512
0.05866932299666518
0.07790047495818295
1.251856257544759e-11
0.0021921603259837004
0.026197926
0.026307729999999998
0.01316679291749381
0.028199624997756294
2.761679773755077e-15
0.04967233
0.028849436
0.06103139498797012
0.028307729934280875
0.03189360389789579
0.03940357998380278
0.06185914999708806
1.6868988844676025e-10
0.07081447597072738
0.04781508289625481
0.032090819945856816
0.00931987380186316
0.04056429264677718
0.06992626980832235
0.04745350996411726
0.022510632815707723
0.07402744999714653
0.01058914699905368
0.017553172985044756
0.05249328198943554
6.546289899045377e-11
0.048578760000000006
0.064650246
0.01692944
0.036224193999999994
0.061281019998482546
0.02013836095163726
0.018191132
0.0016979551
0.077748436
0.02112966999110234
0.06022103
0.044873497
0.07656407
0.0021692936
0.04271032
0.050067687999131416
0.0035759755873429402
0.07594200999336545
0.036943752
0.030544401000000002
0.02181099
0.017867872
0.007502403511700058
7.706557614284293e-12
0.032397239999999994
0.07695949
0.04353842
0.010843604
0.07770270499945524
0.06640425790312555
0.006773931
0.07812588499999999
0.07527286
0.0034381015
0.013893826000000001
0.012193453
0.037298046
0.013398773999999999
0.05161606
0.07453983
0.03373963996596858
0.063656563
0.05745927
0.021101666999999998
0.04903692599953531
0.03425931
2.991155934051193e-11
1.2525612491653959e-11
0.03928888988366136
0.05500648987655535
4.2049697057677804e-15
0.03768596043305082
0.019961150689054213
0.0462445566575163
0.005476532498562734
0.07192158494701824
0.047730255
0.07496828999999999
0.027235106999999998
0.031169416
1.0203168761269144e-9
0.04176434438622163
0.035693046986709234
0.07028038993920005
7.244356572955191e-10
0.04066166993265943
2.144302672923981e-9
0.052413902
0.0373739049370019
1.0172071518432801e-13
0.007128364598842489
7.072977759037258e-10
0.02602988
2.9173200437736877e-5
0.012075183000000001
0.0053486896
0.053095149985139846
2.5758667074327057e-10
0.01264129
0.074531789989996
0.0079032717
0.05989853
0.06789225
0.009354841000000001
0.07094547
0.02656411
0.04738530293996658
0.02787125589716688
0.050679413379418004
0.06273285991888561
0.02271205099876018
0.06423273
0.03200089598913096
0.039057648
0.023034738976347766
1.0847103076860876e-10
0.027614217997547142
0.012193017989638491
0.04358065
0.05827751
9.014962387698944e-12
0.011094075
0.025051560953270366
0.046635998
0.017557667
0.059143482
0.055936152999999995
0.061869247
0.008372605995463387
0.04534763999256621
0.013014504999999999
0.00449395
0.03755726199116277
0.003928957978289846
0.0036712209449966658
0.04219273
0.03485582989160422
0.049274
0.07656605998893354
0.008822621624026085
0.037750816
0.028274357
8.23646706393788e-15
0.07344403996644243
0.053873419995129526
0.05711144999936106
0.04762318
0.029804218
0.033456238
0.019615176997378532
0.07287144000000001
0.05270873
0.048346077
0.047901626999999995
0.062034799999999994
0.010135631999999999
0.04785201597219525
0.0534037129116634
0.035669455999999995
0.03504782
0.041206757000000004
0.036878100000000004
0.057514023000000004
1.994578113784229e-12
0.05521011398701714
0.006169572982643745
6.924055356849479e-10
0.015247104999999999
0.05010079998394975
0.0046712413
0.046965392998898646
0.05503271498711325
0.058154396
0.009511525
0.038296104
0.038720486
0.03641730994584368
0.05077153799913875
0.0544788779388667
0.015273893950439101
0.008555069965713712
0.019527657991650498
0.06926489607890832
0.06012843687536387
1.6854573292590658e-14
0.07774038
0.06063869147713621
1.1236634712974425e-9
0.029010786
0.012578235
2.1354994161892904e-11
0.005566399597717355
0.026833929602010434
0.0629275738516009
0.035589954
0.036620796
0.04909321
0.04226834
0.01831717299998091
0.017130371000000002
0.0795538499638154
0.00036276403
0.044960133
0.037717820000000006
0.05235976399778401
0.07069931
0.034752518
0.035208138
0.05063622299455363
0.037337097
0.053788395
5.647651096785111e-11
0.031161963
0.025863998
0.06527198
0.021588015
0.010913463965171382
0.055277347953374245
0.035877502
0.015471539
0.00049071926
0.008150658
0.07046300999919328
0.057886543000000006
0.005904227299999999
0.024843109999999998
0.052982243
0.063111004
0.04598820499418076
0.041434372000000004
0.07305967
0.0069687840000000004
0.021845298998997568
0.07829256999999999
1.0161160524102542e-9
2.449471268178849e-10
0.07928409
0.025622976000000002
0.052344799999198124
0.05856752398784184
0.06826848999287788
0.06883972999187413
0.07625585
0.011915507
0.004474224999685365
0.03887069999787288
0.020037957999999998
0.013175364
0.044748725340956544
0.061231007
0.051103541999999995
0.07351237000000001
0.06419691
0.04019195
0.027022617
0.013426534
0.006526456
2.957504241507536e-10
0.07277773996013076
9.401246826162835e-9
0.038129210000000004
0.052897026
0.07495193499810861
0.0528869588967988
5.309992723301349e-11
0.004816246821876419
0.01634480999030411
0.064069496
0.03683884382552676
0.0033860329686831916
0.07218355999777255
0.015818345
5.588207743767448e-10
0.07068214399999999
0.028821062
0.0031615405
0.041788437000000005
0.0024770947
0.043093494
0.050288685
0.03352871698072064
0.027046192
0.008479256942483632
1.1884122158578592e-9
0.021338816
0.047169533
0.016812379995458634
0.010108172328677889
5.325042490289533e-11
0.0423349267145723
0.056134822986210024
0.05889044994788399
0.005627550837599708
0.019944079197370936
0.016178460000000002
0.032211599998754364
2.571304009990616e-9
0.009097684
0.004110948
0.06999193599999999
0.010353695
0.018711248
0.049926266
0.07611067
0.0267535127367016
0.043645774999958836
0.02712487063482018
0.07484914264651792
0.04891543
0.051799934
0.019370351999155128
0.049995409884474915
1.9197102241186315e-11
1.140403674271262e-10
0.046715519999999996
0.05407240278074896
4.0446388599457705e-10
0.07034592
0.029454752
0.0619292499946623
0.012635891929728315
0.012347446
0.044955055
0.02824357
0.032181579999999994
0.06191263
0.047060722
0.042510727000000005
3.1323418164808103e-10
0.06642749
5.135595594618625e-10
8.971340545449458e-10
0.012675154
0.06418386
2.1888118054147476e-11
0.03038070695567586
0.01145273896665059
0.07324860996379587
0.045208405
0.011993287
0.0106092379895204
0.031669287
0.04472795498720846
0.02610856
0.07883293996287899
0.058360923999999995
0.036333584
0.06756782
0.0646484
0.042850387992716295
0.05973179
0.066176636
0.072482124
0.022621655
0.054677574
0.019007167229790723
0.034031384000000005
0.014061830499999999
0.039071983000000005
0.07514712992898363
0.07670096998220391
0.06910696999861549
0.051401665
0.036468533
0.06677068
0.0035899854
0.020160372
0.015855666
0.04698624399685299
0.03282052
0.0749204
0.037724487
0.05712632
0.010258181
0.06826085000000001
0.06361267
0.05928663299374846
0.039192894000000006
0.06449582997533433
1.7465263957294752e-10
0.07064929726000763
1.696695769992651e-10
1.1962653090336062e-14
0.046030494966932387
8.849376093023054e-12
0.04667386598014358
0.03643787799118888
0.06427675998195095
0.03787832951400914
0.058100753522176744
2.1285057050235423e-14
0.0206582969904528
1.4738210651898953e-14
0.01103193795028423
0.03664805197729831
0.07049598999911637
0.04542179990105805
8.859533245919593e-11
8.53538906220308e-11
0.05235027699617727
0.0010834779981250126
0.043273052
4.190534464570961e-11
1.2476747343614925e-9
0.06627156999687588
0.07941389999968143
0.05576998
0.012382268979268874
6.913003988695543e-10
0.06263238437609644
0.05477973996581004
0.049698788
4.586608870482678e-14
0.06502629
0.06762721000000001
0.07352267499942561
0.031267794
0.014980048999999999
0.06007184597801772
1.9229377812290949e-10
0.053350616000000003
0.06200449398394909
0.07264690386899048
0.07060222000000001
0.04634237999999481
0.028478806
---weights per flow per tunnel---
0.9202525559490282,0.07974744405097178,0.0,0.0
0.9999999893864777,5.765514005894564e-9,4.847704182710614e-9,3.040799698649065e-13
0.333333322587444,1.630546534185253e-11,0.3333333489939775,0.3333333284022732
0.9999999999999715,2.8547224375347e-14,0.0,0.0
2.69462810506929e-13,0.07208722618989817,0.07208722564720582,0.8558255481626266
0.8652176385535021,0.06728513201055523,2.623122777148728e-15,0.06749722943593987
0.6377703251913172,0.3622296748086354,1.4177451189635605e-14,3.321790922093243e-14
1.272481221572448e-12,0.48705732648974354,0.2564713381876785,0.2564713353213054
0.9999999930264859,2.526640982370805e-9,2.3255581137888942e-9,2.1213150748033928e-9
0.9999999997825576,1.4388559759505427e-13,2.172985753671427e-10,0.0
0.195327827309088,0.6093443446760829,0.19532782701760956,9.972194693746677e-10
2.434730088327063e-9,2.8063880948835376e-8,0.9999999695013889,0.0
0.2499999961425464,0.25000000717559,0.24999999978749254,0.24999999689437116
0.9999999999996001,9.98691399196694e-14,3.001077012252496e-13,0.0
0.9999999872808726,8.3446272361452e-9,7.74386970349128e-13,4.373725785697259e-9
0.9999999878036753,5.430499478109725e-9,2.3926938425367744e-9,4.373131371653406e-9
0.9999944234076436,2.8892789969474073e-6,3.510747654587989e-11,2.6872782520649018e-6
0.9999999938285928,6.1714070696025685e-9,0.0,0.0
0.9999999972266614,2.7733385381145464e-9,0.0,0.0
2.233759003494867e-8,0.9999999776622238,1.8623613362736172e-13,0.0
0.9999999557665509,2.6315937704210694e-8,1.0493550648177591e-12,1.7916461994651584e-8
0.24999988533420664,0.2499998871228882,0.25000034055303405,0.2499998869898709
0.9999999951348943,4.865105661814605e-9,0.0,0.0
0.9999999979497458,1.2610666291850389e-9,7.89187702384428e-10,0.0
0.7541986537273596,0.2458013462726404,0.0,0.0
0.4999999952251089,0.500000004774891,0.0,0.0
0.9999999995793255,4.206745293826098e-10,0.0,0.0
0.9999999999999187,8.117537303362209e-14,0.0,0.0
0.9999999978361315,2.163868547062559e-9,0.0,0.0
0.2451952481259753,0.7548047518740247,0.0,0.0
0.5385864492347439,0.4614135507652562,0.0,0.0
0.9999999996038124,3.961877258238267e-10,0.0,0.0
2.4864904028473323e-11,0.999999999975135,0.0,0.0
0.9999999947812598,5.218740280485744e-9,0.0,0.0
0.9999999958210324,4.178967731368742e-9,0.0,0.0
0.9999999954603905,4.539609561797338e-9,0.0,0.0
0.09158696024683977,0.9084130397531602,0.0,0.0
0.9999999999021651,9.78348558568161e-11,0.0,0.0
0.5000000010379091,0.49999999896209085,0.0,0.0
0.9999999975670664,2.4329335806311277e-9,0.0,0.0
9.790095571010709e-9,0.9999999902099045,0.0,0.0
0.49999998063599776,0.5000000193640022,0.0,0.0
0.9999999726531364,2.734686344101237e-8,0.0,0.0
5.7665037058959675e-9,0.9999999942334964,0.0,0.0
0.49999999879421253,0.5000000012057875,0.0,0.0
0.7156108319618295,0.2843891680381706,0.0,0.0
0.9999999984645724,1.5354274692483954e-9,0.0,0.0
0.9999999970828337,2.917166345033632e-9,0.0,0.0
0.9999999931690303,4.426060163926018e-9,2.4046257485006848e-9,2.837271740396797e-13
0.9999999789422577,2.1057742254991043e-8,0.0,0.0
0.259975904227901,8.534889495610181e-14,6.083798313045186e-13,0.7400240957714052
2.3765210229978337e-10,0.9999999997623479,0.0,0.0
1.6867994826511775e-12,2.7200374502249426e-14,0.5000000012769277,0.49999999872135825
6.059762828656746e-9,4.45319056857925e-13,0.999999993939686,1.0601604816856592e-13
0.9999999682426207,1.3416597738758555e-8,7.373532970156639e-9,1.0967248585467058e-8
0.4999999984624336,4.134504347256542e-9,0.4999999974030501,1.2058830811701068e-14
4.76641369566535e-13,6.650894180637473e-12,0.9999999999917428,1.1296352324557592e-12
0.9999999919842546,8.015724219674663e-9,2.113518983393017e-14,0.0
8.188345924879824e-9,4.282341231969316e-9,0.9999999875292913,2.1425270942101222e-14
0.33333333429480433,0.3333333333297288,0.33333333237546686,0.0
1.9173358831651497e-13,3.996118573996057e-12,0.9999999999950849,7.271413993266126e-13
0.33333333310493823,0.33333333335971843,0.3333333335353433,0.0
0.029650786142834187,0.48517461171450127,3.272956830852416e-13,0.48517460214233726
0.5574765351691113,1.5422700197826903e-13,0.44252346483032096,4.1334037685995594e-13
7.068733064478172e-13,0.44469588372630353,0.555304116272719,2.706554499410173e-13
0.49999999904517384,0.5000000009548262,0.0,0.0
0.4999999996095827,0.5000000003904173,0.0,0.0
0.49999999907000914,0.5000000009298493,1.4140088763823962e-13,0.0
0.24021518141299378,0.25976592176044816,9.023913728410602e-14,0.5000188968264679
1.169012900555066e-13,2.125498380365144e-13,0.5000000028175111,0.4999999971821593
0.6763856997181351,0.3236143002818649,0.0,0.0
0.33333333358821204,0.33333333338811644,0.33333333302367163,0.0
0.9999999965184975,4.808959672707301e-13,3.4471552544263345e-9,3.386632115550881e-11
0.9999999967667308,3.2332691201835366e-9,0.0,0.0
0.9999998739452519,6.544946746192213e-13,4.481337569952793e-14,1.260540487886998e-7
0.9999999923648789,7.635121132710082e-9,0.0,0.0
0.5000000007595119,0.49999999924037,2.139965020500095e-14,9.679655692343717e-14
0.9999999979589536,2.04079166732145e-9,1.7106716181784443e-13,8.374059140050577e-14
0.9999999888589693,8.674473576011507e-12,2.369571423099706e-9,8.762784765764961e-9
0.12085027499747507,0.8791497250024402,7.346006971096159e-14,1.1473885730625308e-14
0.9237631166947308,0.07623688330502087,2.423702917244811e-13,5.9060444760943315e-15
0.333333333829525,0.333333333636697,0.33333333253377806,0.0
0.33333333374705093,0.33333333391244135,0.3333333323404836,2.4221543977013972e-14
0.5000000000041827,0.49999999999402667,1.7907551844344488e-12,0.0
0.45251858561394503,0.5220425853431633,0.02543882904286658,2.5145318804082534e-14
0.39844255914997684,0.30077876971625056,0.3007786711337726,0.0
1.9217044911832934e-12,0.49999997636540255,0.5000000236326607,1.5095942228662837e-14
4.2157461546117455e-12,0.5083291475432097,0.4916708524525463,2.8243454151500672e-14
0.49858106015235143,4.014062475461083e-13,0.5014189398472171,3.0164854857768496e-14
0.9999999744453312,2.5554668871123434e-8,0.0,0.0
0.9999999999999386,6.125979299666653e-14,0.0,0.0
0.5000000014518949,0.49999999853696603,1.1139075049453065e-11,0.0
0.9999999830246127,1.6974907267160212e-8,4.387191680887551e-13,4.133183216445514e-14
0.02201419820709437,0.4889929010914857,0.48899290070140433,1.5679862861273634e-14
0.9999999924255679,7.574432119236409e-9,0.0,0.0
0.33333333344202454,0.3333333333819166,0.3333333331760588,0.0
0.999999999999977,2.295676015237255e-14,0.0,0.0
0.9999999999999278,7.21091551142905e-14,0.0,0.0
0.9999999961466902,3.853309778768378e-9,0.0,0.0
0.50000000169602,0.49999999830397995,0.0,0.0
0.999999999335747,6.642529133153598e-10,0.0,0.0
3.5499287613489454e-14,0.9999999999999645,0.0,0.0
0.9999999999999954,4.43114692956023e-15,0.0,0.0
0.9999999958133884,4.186611642496636e-9,0.0,0.0
0.999999999999613,3.8701404968921723e-13,0.0,0.0
0.9999999999995565,4.4346103546709323e-13,0.0,0.0
0.9999999999998741,1.2598554880899493e-13,0.0,0.0
0.9999999999992321,7.679731151945611e-13,0.0,0.0
0.9999999995057783,4.942217332176947e-10,0.0,0.0
0.9999999999999288,7.112860129159239e-14,0.0,0.0
0.32449743818513316,0.6755025618148669,0.0,0.0
0.9999999996315994,3.6840062259765143e-10,0.0,0.0
0.9999999955355394,4.464460600923759e-9,0.0,0.0
0.9999999940612435,5.938756540818559e-9,0.0,0.0
6.825658902588122e-8,0.999999931743411,0.0,0.0
0.9999999990582066,9.417934570784692e-10,0.0,0.0
1.5163089427548695e-8,0.9999999848369104,0.0,0.0
0.9999999993458295,6.541705128837615e-10,0.0,0.0
0.9386162905523234,0.06138370944767654,0.0,0.0
0.9999999942319736,5.768026340447135e-9,0.0,0.0
0.9999999963851425,1.6856595639145263e-13,1.8720595667311106e-9,1.7426293684822436e-9
0.9999999994993451,5.006548574789675e-10,0.0,0.0
3.0034434981077627e-9,8.085392982147871e-14,0.4999999990419107,0.49999999795456496
0.5000000009138285,0.49999999908605824,1.8171232745556202e-14,9.509672751137094e-14
0.9999999999996964,3.035777256710951e-13,0.0,0.0
0.3333333330893609,1.7059228502731713e-9,0.3333333331039954,0.3333333321007208
0.9999999961491571,1.9719288727360115e-9,1.8788412435205442e-9,7.299507742457795e-14
0.9920386060722711,0.007961393927574837,1.4385526620617352e-13,1.007255723467962e-14
0.339509821905697,0.6604901780939886,3.0419623075304696e-13,1.012257743781275e-14
1.9548378078335172e-13,0.6823805632406721,0.31761943675913246,0.0
0.9999999999990622,3.1396607590641974e-13,1.9025535553830823e-13,4.3357868708980193e-13
7.337107684295638e-13,0.9999999999986066,6.598013871437226e-13,0.0
4.1523751236005924e-13,0.5000000007241547,0.49999999927537203,5.791551229283593e-14
0.999999999997774,4.645892207461547e-13,1.7614582934520083e-12,0.0
9.158191806370632e-13,7.662096909124282e-13,0.9999999999982891,2.8850970745756574e-14
0.9999998058758924,9.762932273585282e-8,2.4351869384496093e-14,9.649476058796136e-8
0.40394230435630873,9.486302053681129e-15,0.5960576956419726,1.7090852222673079e-12
0.9514456143375606,0.048554385662439484,0.0,0.0
4.7551312376386e-9,0.9999999952448687,0.0,0.0
2.350516038541805e-13,0.9999999775142703,2.2485494608722978e-8,0.0
2.7324440816590016e-14,0.9999999999984278,8.43094901225926e-13,7.016098185256542e-13
0.49999999926711863,0.5000000007327816,8.819793495285947e-14,1.1555499606613306e-14
0.9999999948425795,5.15742039673271e-9,0.0,0.0
0.17218132562405147,0.6556373499601994,0.1721813244157491,0.0
0.9335429433449041,0.03708564915193298,4.017248649592328e-15,0.029371407503158836
0.645058879388021,0.3549411206119791,0.0,0.0
0.009291806543675913,0.9907081934561383,9.873576915765332e-14,8.71155406559799e-14
0.9999999943694602,5.630065162442534e-9,7.211794151318502e-14,4.0234965654291125e-13
0.9999999999999846,1.548535884976295e-14,0.0,0.0
0.29827726654835685,0.2982772656084488,0.2982772667406233,0.10516820110257107
0.838997535632255,0.16100246436773474,3.908357206005055e-15,6.3471394468108445e-15
0.3333333391529031,0.33333333055351905,0.33333333029343104,1.468443704901484e-13
2.2449530261100846e-8,0.9999999775473997,2.2082497839945337e-12,8.617435121188766e-13
0.3333332789645826,0.3333334467667521,0.33333327426866527,0.0
1.0161944403251483e-9,0.9999999984436828,5.39861480311636e-10,2.61191089143009e-13
0.0797547468899555,0.9202452531096909,3.535341386386705e-13,0.0
0.33333335120268376,0.333333309113984,0.33333333968253975,7.925890493726735e-13
0.9999999993974608,5.908379707060125e-10,1.1701434338600512e-11,0.0
2.742956691331905e-8,0.9999999725697608,3.4448647330649973e-13,3.2773066825764966e-13
0.4999999998115369,0.5000000001882776,1.0749396250577293e-13,7.80070279769619e-14
0.4999999995434579,5.766562814974875e-14,0.5000000004564268,5.75759232004649e-14
0.9999999973792673,2.62073266010342e-9,0.0,0.0
0.9999999987954784,1.2045216228528188e-9,0.0,0.0
1.2318225476588486e-11,0.5000000014568377,0.49999999853084415,0.0
1.4260156809320712e-13,9.150513984525877e-9,0.9999999908492386,1.0482836493371212e-13
0.3333333311319474,0.33333333870836124,5.533380802826777e-10,0.33333332960635337
0.9999999989673398,1.0326601431015762e-9,0.0,0.0
0.037472934753233204,0.03747293479133444,0.9250541304554324,0.0
0.14686747149336032,0.8531325285066261,5.669883908338622e-15,7.836925102139867e-15
0.23980108431553865,0.7601989156844613,0.0,0.0
0.3333333326629273,0.33333333573998014,7.769206338749711e-13,0.3333333315963156
0.9999999983242185,1.8984088093404127e-12,1.672993597902614e-9,8.895742623524547e-13
0.9999999999999947,5.3383333930406575e-15,0.0,0.0
0.9999999996000127,1.883889033870838e-11,7.178395170518334e-14,3.810766217736626e-10
0.8930338748864437,0.10696612511354525,5.24487630266227e-15,5.713086799543733e-15
0.9999999990722727,9.273727099145914e-10,1.7786948741895603e-13,1.7675444317590419e-13
4.321578711187678e-13,1.552341149095731e-12,0.9999999957535611,4.2444543159242325e-9
0.3333333322953474,0.3333333333430055,0.333333334361647,0.0
0.4138401111746169,0.29307994027428463,8.388369883424102e-9,0.29307994016272865
0.9999999998029913,1.9690873585175103e-10,1.0000424371726634e-13,0.0
6.261910299145051e-10,0.9999999840754367,3.514885738567623e-9,1.1783486529863113e-8
8.032234715028734e-9,0.9999999843117209,7.656044351226748e-9,0.0
0.33333333402488213,0.3333333336865475,0.33333333228842144,1.4905398467558098e-13
0.33333333252093234,0.3333333349667614,1.8375784491420015e-12,0.33333333251046865
0.33333332772545426,8.53768740004525e-13,0.3333333303381118,0.3333333419355802
0.9999999844860112,1.551398869991933e-8,0.0,0.0
0.9999999959473569,4.052643185007542e-9,0.0,0.0
0.3333333389916405,0.3333333302853693,0.3333333307229902,0.0
0.33333335722167867,0.3333333186921183,0.33333332408589,3.130777096375947e-13
0.8862010399421912,0.11379895526847132,1.2657417151867061e-9,3.523595761122168e-9
0.9999999998882206,1.1177940012007799e-10,0.0,0.0
0.9999999989301425,1.0208239740479823e-10,9.677751302413177e-10,0.0
0.33333333368436807,0.33333333298372864,3.098682132406681e-13,0.3333333333315934
0.9999999990844456,9.155544188373955e-10,0.0,0.0
0.33333333652983627,0.33333332890175726,0.33333333456839054,1.5766326960798025e-14
0.5927155962614316,1.3849462432296656e-12,1.970659379815612e-14,0.4072844037371638
0.9999999966296844,3.3703157143225706e-9,0.0,0.0
0.9999999999996817,2.295589983981741e-13,8.036921018449824e-14,8.28413943261546e-15
0.9999999967420373,6.261344718660023e-10,2.6316812399383712e-9,1.4686930273672828e-13
0.9999999881653453,7.209723778567913e-9,1.3232089025505417e-12,4.623607521116245e-9
0.9620407599407271,0.0379592400589595,5.3114000061963673e-14,2.6038481329561497e-13
0.3333329193842685,0.3333335482716062,0.3333335323441252,0.0
0.9999999739822698,2.60167447744411e-8,8.031755181330806e-13,1.8220662561364602e-13
0.33333333179063296,0.33333333442860275,0.33333333378076413,0.0
0.4865664289972999,7.992245422019475e-14,0.5134335710024738,1.4628144750393488e-13
0.9999999693794349,8.304247595216748e-13,3.061973475006342e-8,0.0
0.07742476326264196,6.5318020206784244e-12,0.9225752367307426,8.369139209354905e-14
0.9999999999891056,5.626571139324381e-12,7.089433299720139e-13,4.5591294001181364e-12
1.3749083192263168e-12,0.3152760798324483,0.684723920165998,1.7875939277000861e-13
0.4999999998405538,0.5000000001594461,0.0,0.0
0.4999999920934081,0.5000000079065918,0.0,0.0
0.49999999992579236,0.4999999999838436,9.036399160850718e-11,0.0
0.3333333336101456,0.33333333473386345,0.33333333165584195,1.4900187493407376e-13
0.5000000028204696,2.2112492350377998e-13,0.49999999717914323,1.6607164729196293e-13
0.5000000030315462,0.4999999969684537,0.0,0.0
0.33333333366918694,0.33333333323918063,0.3333333330916325,0.0
8.098372542557433e-8,5.784319726502289e-12,0.9999999039101901,1.510030015795367e-8
1.6540676380005418e-10,0.9999999998345932,0.0,0.0
5.972765426557402e-13,0.9999999999971216,4.94404665921262e-14,2.2317237028351565e-12
0.8077516321101409,3.250954599211464e-14,0.19224836788982366,2.997041864303168e-15
0.999999999999827,1.7291371895429326e-13,0.0,0.0
6.072463820847424e-13,0.9999999999991968,1.849892191279899e-13,1.0901806083514922e-14
1.4425991871530936e-9,0.9999999985571961,1.1730500741286193e-13,8.731475548926492e-14
0.26703351693612176,3.548943046658404e-13,0.4248866253246128,0.30807985773891045
0.9999999999974566,1.9159678725345627e-12,4.983453506984803e-14,5.776488338121307e-13
0.9999999847096885,7.139264189965013e-9,8.151047192991616e-9,0.0
0.5247478692120499,0.23762606528898647,0.2376260653294516,1.6951196285124805e-10
2.097871562698135e-12,0.5000000101050487,0.49999998989285344,0.0
0.6715857299923402,1.0939337729558995e-13,4.2162505352070515e-12,0.32841427000333406
0.9999999256243146,3.461628847113983e-8,3.97593968086679e-8,0.0
0.49999987239484506,0.5000001275953808,3.848595494082115e-13,9.389212375515747e-12
0.43785413741412144,4.950412580916707e-13,0.5621458625849944,3.891011041171383e-13
4.793249997803801e-13,0.9999999999975884,1.0633770833003745e-12,8.689634696853938e-13
0.45673132125441995,0.5432686787455802,0.0,0.0
0.4999999992738757,0.5000000007261244,0.0,0.0
0.1275842965791719,0.4362078517333528,0.43620785168747533,0.0
1.0690674334241653e-9,0.43828835200229266,0.43828835024121715,0.1234232966874226
0.9999999999951916,3.716233961608928e-12,3.01312051291353e-13,7.907086459637938e-13
0.5000000005545704,0.4999999994454296,0.0,0.0
0.5000000003585843,0.49999999963892244,2.49332824143296e-12,0.0
5.299299199031595e-13,0.9999999995789155,4.205547300955184e-10,0.0
2.0751315313494394e-10,0.9999999997924868,0.0,0.0
0.9999992210221929,7.789777730441723e-7,3.400636164386478e-14,0.0
0.4999999994673354,0.5000000005323119,3.527052064752879e-13,0.0
0.9999999999998974,1.0256734488599003e-13,0.0,0.0
2.139681067828809e-13,0.5000000369412329,0.4999999630585532,0.0
0.7250735127359271,0.13746324389175466,0.1374632433723182,0.0
0.6780144201697647,0.32198557951979906,3.104363840868405e-10,0.0
0.33333333113945857,0.3333333339761399,0.33333333488440164,0.0
0.3333333337831021,0.3333333333685611,0.3333333328483369,0.0
0.7254545041516768,1.6797038099225135e-14,0.2745454958483064,0.0
0.9999999999999044,5.618752916990877e-14,3.948231951645629e-14,0.0
0.9999999878318218,1.2167592631519669e-8,5.85582036084362e-13,0.0
0.8719324060370954,0.12806759396289644,8.084492938614155e-15,0.0
6.232712707579296e-8,0.9999999376712935,1.5794588619796046e-12,0.0
0.6974856174896109,0.30251438250995527,4.3382265638457435e-13,0.0
1.9364804456213903e-8,0.9999999806314854,3.709992151661559e-12,0.0
0.4999999999160349,0.500000000083965,0.0,0.0
0.9999999863526993,1.3647300661851856e-8,0.0,0.0
0.3333333367078263,0.3333333275452318,0.33333333574694196,0.0
0.9999998426530061,8.541590330532992e-8,7.193109062492262e-8,0.0
0.9999999999973472,2.38934554062019e-12,2.6350893906248576e-13,0.0
0.49800087167531754,0.5019991283246825,0.0,0.0
0.9999999999971861,2.6433915457722942e-12,1.7037766344555937e-13,0.0
0.9999999991960652,1.3128679222230513e-12,7.994185917613109e-10,3.20330638288419e-12
0.9999999849888839,1.5011116113169632e-8,0.0,0.0
0.3333333324076646,0.33333333513613417,0.3333333324561701,3.1334929046628173e-14
0.49999878703126016,0.49999981363654356,1.3993050665690383e-6,2.7129673169290696e-11
0.9999999999996835,3.165239799573408e-13,0.0,0.0
1.9138828765512718e-12,0.999999999990742,1.1012833336841535e-12,6.2429980811470195e-12
1.6667074513648513e-9,0.99999999693583,1.3972436301983842e-9,2.1897703437835052e-13
8.227731989013855e-9,0.9999999815393346,1.0230289367693054e-8,2.6440703732814708e-12
0.33333333303024276,0.33333333408791843,0.3333333328810589,7.800594672911894e-13
0.3333333314174296,0.3333333315168974,0.3333333327311589,4.334513981141335e-9
0.9420959501817596,1.3053710203715954e-14,0.0579040498182273,0.0
0.999999999999856,8.697403322731387e-14,5.708148855112259e-14,0.0
0.02776859078840387,0.027768589027092925,0.9444628201842027,3.0040316793232563e-13
0.7885245489783189,0.21147545102166856,1.244330910768194e-14,0.0
1.367371960327943e-8,4.759140201355396e-13,0.9999999863255554,2.489862355656158e-13
0.33333333341032234,0.33333333376609614,0.33333333282309435,4.872153627071566e-13
0.3333333330813756,0.3333333342009683,0.333333332712135,5.521243675654747e-12
0.4999999991552568,0.5000000008447432,0.0,0.0
0.8582258190456373,0.1417741809543627,0.0,0.0
0.33333333416315397,0.33333333330769516,0.3333333325291508,0.0
0.3333333318089755,0.3333333378855461,0.33333333030444384,1.0345507816091322e-12
0.9999999982571531,1.5568301112553557e-9,1.8577388363998043e-10,2.4276753977838643e-13
0.5036752175822446,0.49632478241775546,0.0,0.0
0.9999999999993177,4.179198665661563e-13,2.644700344262219e-13,0.0
0.9999999986298092,6.472934538623787e-13,1.3695435595596762e-9,0.0
0.9999999982536549,1.746345118271663e-9,0.0,0.0
0.7571245844235313,0.12143771436828117,0.12143770120818752,0.0
0.5000000000493048,0.4999999999500471,6.482248277266041e-13,0.0
0.9999999999975162,2.4838286305581415e-12,0.0,0.0
2.0259968338021387e-13,0.999999999999681,1.162780017072039e-13,0.0
1.0802221992879512e-12,0.9999999998251419,1.737779497542418e-10,0.0
0.9999999997579843,2.41663296823425e-10,3.524221389913349e-13,0.0
0.33333333468015924,0.3333333322829928,0.333333333036848,0.0
0.9999999847524129,1.5247167965290742e-8,4.1911571813664026e-13,0.0
0.9999999999998617,8.519199597601357e-14,5.3304953545296916e-14,0.0
0.9999999999999463,2.6606435403288778e-14,2.7177771631557325e-14,0.0
0.9999999955624038,4.43718496758093e-9,4.111786899410591e-13,0.0
0.9999999999999356,3.1989883125825246e-14,3.24776779362525e-14,0.0
0.4999999962728113,0.49999999770051806,6.026670815453226e-9,0.0
2.4540023537529584e-8,0.9999999754591341,8.423208903361712e-13,0.0
0.1850733627628968,0.1850733577586965,0.6298532794784066,0.0
0.9999999397113384,6.028866162992794e-8,0.0,0.0
0.9999999875537139,1.2446286197513204e-8,0.0,0.0
0.33333334375952367,0.33333334000420906,0.33333331623626733,0.0
0.33333332869337196,0.333333342608669,0.3333333286979592,0.0
0.3333333323819269,0.3333333341042733,0.3333333335137999,0.0
0.5078231477546379,0.49217685224536206,0.0,0.0
0.9999999999990912,8.107379312330247e-13,9.824429225306473e-14,0.0
0.250000000016692,0.25000000011341894,0.25000000004970063,0.2499999998201885
0.43240005537603743,0.5675999446239626,0.0,0.0
2.5749612173284696e-13,2.6639329303841947e-9,0.9999999973351691,6.40544801807058e-13
0.3333333247777,0.33333333742138965,0.33333333780085933,5.1080025217061165e-14
2.9397369952120275e-13,0.999999999999706,0.0,0.0
0.30302333211577986,0.34848833431041304,0.3484883335737394,6.771183698957039e-14
1.9047533378912542e-13,0.33333333366618795,0.3333333336117266,0.33333333272189497
0.33333333267333537,0.33333333338187354,0.33333333337451465,5.702764193041841e-10
0.49999999981262994,9.947636010637155e-14,0.5000000001869765,2.9401060452634606e-13
0.4738232782522267,7.923359353038844e-14,1.6931801794265354e-9,0.5261767200545138
0.9999999922640482,7.735209701902223e-9,7.420003754471084e-13,0.0
0.3333333331479826,0.3333333328054536,0.3333333340423629,4.20086875792541e-12
0.9999999970281197,2.8080366681714263e-9,1.6384364719377935e-10,0.0
0.1979173525806668,0.19791735152993326,0.6041652958893998,0.0
0.4999999811649371,0.5000000188345828,2.7202482646569083e-13,2.0815773276762626e-13
0.9999999999987126,1.0618965336932906e-12,1.8100887665159265e-13,4.4569772161227634e-14
2.1042101506006372e-13,0.4624779433906264,0.5243758928380605,0.013146163771102708
0.49999999987403543,0.5000000001259646,0.0,0.0
0.5000000011050441,0.49999999889495594,0.0,0.0
0.49999999751586105,0.5000000004133771,2.070761936609559e-9,0.0
4.827254745955998e-13,0.48966770539225735,1.661039937393061e-13,0.5103322946070938
0.9999999999996931,1.8515064162415114e-13,8.656776384281521e-14,3.518813781827467e-14
0.5000000010310717,0.4999999989689284,0.0,0.0
0.3333333334142339,0.3333333334426038,0.3333333331431624,0.0
0.999999999974691,1.8003918285341145e-13,2.5128964164757396e-11,0.0
0.9999999999523571,4.764284741607246e-11,0.0,0.0
0.33333333268397447,0.3333333336661894,0.33333333364983614,0.0
0.4999999999217292,0.5000000000741861,4.0847047670848425e-12,0.0
0.9999999894380467,1.0561953276003201e-8,0.0,0.0
0.9999999999985962,6.434880363304993e-13,7.602892475185689e-13,0.0
0.9999999988881604,3.802110347872659e-10,7.316285822074425e-10,0.0
0.9999999999235073,7.568740373677477e-11,8.052466469242108e-13,0.0
0.9999999809698461,1.9018305877265336e-8,1.1847962652202612e-11,0.0
0.999999976018072,1.146621330180909e-8,1.2515714645263423e-8,0.0
0.8970886260321915,0.10291137396780412,4.412323088137719e-15,0.0
0.8481183448082198,0.15188165519176006,2.0122155590717824e-14,0.0
0.9999999999998577,7.886591941326803e-14,6.349098332622846e-14,0.0
8.113223855346858e-13,4.093855354496958e-9,0.9999999959053333,0.0
0.5000000001654915,1.5383709374015586e-12,0.4999999998329701,0.0
0.3333333429804987,0.333333328469672,0.3333333285498292,0.0
2.1717596626409073e-12,0.49999999976456744,0.5000000002332607,0.0
0.9999999859002858,1.4099714156759002e-8,0.0,0.0
0.999999990907098,9.092901879325376e-9,0.0,0.0
0.3333333328789698,0.3333333334410218,0.3333333336800084,0.0
0.3121669875873833,0.31216698718454333,0.37566602522807324,0.0
0.33333945040711915,0.33333027550161,0.33333027409127086,0.0
4.0897684959214724e-13,0.999999999999591,0.0,0.0
0.9999999999997936,9.414332372923229e-14,1.1228771462209085e-13,0.0
0.2801657860567061,0.28016578606274944,1.0234783526481867e-13,0.4396684278804422
0.9999999530669825,4.693301751831722e-8,0.0,0.0
0.7177902125804074,0.14111793526993072,1.5808472388354164e-13,0.14109185214950387
5.195283645939345e-14,0.2734308694586386,0.7265691303638292,1.774802904498156e-10
0.9999999993664686,6.335313666605028e-10,0.0,0.0
1.023159943657437e-9,0.9999996690652042,3.299112584673243e-7,3.77310298023023e-13
5.5696949863270615e-8,0.9999999443023315,2.68346899863232e-13,4.5030194374021865e-13
6.048780987811441e-9,6.013749440856252e-10,0.9999999904413059,2.908538115530436e-9
3.142626548599877e-12,5.037721007526737e-11,0.9999999999463903,8.995369620511618e-14
3.0532728342686247e-13,1.3262482976830572e-12,0.9999999999980769,2.9154150644976437e-13
4.522857242831714e-9,0.9999999954767986,3.4412858801390404e-13,0.0
1.2959863975248388e-7,0.9999997544743008,1.1557675659955409e-7,3.503028650240269e-10
0.33333333594065045,0.33333333618291466,0.3333333278764348,0.0
0.20215162499831713,0.7978483750012245,2.327986514919543e-13,2.2553299327096792e-13
0.4180770551687782,0.418077055379426,0.16384588945179582,0.0
0.9912339295232078,0.00876607047076756,2.9992517191977964e-13,5.72462120580178e-12
0.43787594316489864,3.022761611665838e-13,1.0408237973760546e-13,0.562124056834695
0.41227043003942937,0.5877295699605707,0.0,0.0
0.9999998486150957,1.5138490427327543e-7,0.0,0.0
0.33333333385011177,0.33333333229411954,0.3333333338557687,0.0
0.8940045758563657,5.228866056037718e-13,1.2164538037197706e-13,0.10599542414298983
7.067128460436718e-12,4.259810316857181e-13,0.9999999999923858,1.2122130889328582e-13
0.5000000000444861,0.49999999995551386,0.0,0.0
0.3333333325259319,0.3333333339420374,0.33333333353203065,0.0
0.9999999963532186,1.832230614716043e-9,3.5702684652347994e-13,1.81419383079318e-9
0.9999999983224669,1.6775332510182352e-9,0.0,0.0
0.8754819101639436,6.751780102448595e-14,0.12451808983584993,1.3888449916869568e-13
0.5858185098548819,3.6429626366438165e-14,2.9208595722291584e-9,0.4141814872242221
0.9999999999996626,3.37313403266029e-13,0.0,0.0
0.9999999999989105,6.508831869951263e-13,6.141336795902123e-14,3.7711217826971833e-13
8.265883991757807e-8,0.9999999173368336,2.5018433545967667e-12,1.824577132878355e-12
0.3333333333667972,1.0753830860019859e-9,0.333333332769966,0.33333333278785365
0.5609937843342601,0.4390062156650947,5.626880679281225e-13,8.25256924300505e-14
0.9062799536438845,2.770286825345371e-13,0.09372004635556688,2.7159503498496294e-13
0.9999998185974261,1.8126771667021573e-7,1.348569821949424e-10,0.0
0.33333332695831464,0.33333335653427393,0.3333333164951549,1.2256575774744252e-11
0.9999999906242566,9.373851342800614e-9,1.8921934575301767e-12,0.0
0.9999999999988708,9.642258050777235e-13,8.457604291737194e-14,8.037689971415038e-14
0.9999998218446174,1.2144981203528498e-7,5.6705570417342e-8,0.0
0.2882683152165889,4.1794151231587835e-13,0.7117316847805983,2.3948548263616088e-12
0.6670764394422123,2.0090304408503538e-13,9.267040712895543e-14,0.33292356055749406
0.5605704786560168,0.43942952134398316,0.0,0.0
0.500000000018973,0.499999999981027,0.0,0.0
0.33333333385146285,0.33333333357877204,0.33333333256976516,0.0
0.499999995924728,0.5000000040749746,1.90729078393532e-13,1.0684198280408856e-13
5.455995566996998e-13,0.8625754952319543,4.5220072772896047e-13,0.13742450476704784
0.5000000004535009,0.49999999954649904,0.0,0.0
0.9999999508319547,2.5902334661440663e-8,2.326571066629238e-8,0.0
8.552598362529195e-9,7.159623408560326e-9,1.128034557493174e-13,0.9999999842876655
3.1446478204440636e-8,0.9999999685535218,0.0,0.0
1.7223444061130543e-13,0.5477183251368042,1.4692457675614179e-13,0.4522816748628767
3.765117143982327e-14,2.377284776423051e-13,0.45414907451342384,0.5458509254863008
0.9999999997215223,2.7847766169211956e-10,0.0,0.0
0.10478419189286273,0.4476079039913233,7.230320386635971e-14,0.44760790411574175
2.5521253969248437e-9,6.416298190338251e-14,0.9999999974475059,3.0459915300873654e-13
0.33333333335710796,8.110930544492386e-14,0.33333333337566,0.33333333326715103
3.3887768791259096e-13,0.198363939922394,0.8016360600771869,8.017896658532778e-14
4.962385127473027e-13,7.253506215958891e-13,0.9999999999975677,1.2106879643839273e-12
8.082727068879531e-8,0.9999999191066279,6.610149052457428e-11,0.0
0.33333333325944065,0.3333333333568487,0.33333333248222496,9.014856348718202e-10
0.3333333337087615,0.3333333326037113,0.3333333336875272,0.0
2.362800830179751e-13,0.15084336008391905,0.8491566399157024,1.421978227982142e-13
0.33333333008594773,0.3333333299745423,0.3333333399395099,0.0
0.7111188884968165,1.3480516484903753e-13,4.4902844639661675e-14,0.2888811115030039
0.71271740502298,1.7281046689255855e-13,6.536111203879608e-14,0.2872825949767818
0.6589800857206951,0.34101991427930495,0.0,0.0
0.4958114653740205,0.5041885346259795,0.0,0.0
0.9999999999991078,3.890570382190473e-13,5.029644565974857e-13,0.0
0.8681793711350204,6.902871918989198e-14,0.06612535596474302,0.06569527290016738
0.19177295456496005,5.288982616528033e-13,0.8082270454343697,1.4127582985981304e-13
0.9999999525397897,4.746021031266168e-8,0.0,0.0
8.100848234055595e-10,0.9999999955001337,3.6897813707733855e-9,0.0
0.9999999986150517,1.3849481404049085e-9,0.0,0.0
9.496927019252107e-7,0.9999990503072981,0.0,0.0
0.3898071554168474,0.6101928445831525,0.0,0.0
0.9999999999918232,8.17679983247781e-12,0.0,0.0
0.9999999997585592,2.4144080111461015e-10,0.0,0.0
0.9999999727699285,2.7230071502059413e-8,0.0,0.0
0.9999999991845024,8.154975805738309e-10,0.0,0.0
5.769307838991622e-8,0.9999999423069216,0.0,0.0
0.49999999932854206,0.5000000006714581,0.0,0.0
1.4674652109510725e-8,0.9999999853253478,0.0,0.0
0.4999999988616102,0.5000000011383897,0.0,0.0
0.4999999995505132,0.5000000004494868,0.0,0.0
0.86861169663627,0.13138830336372997,0.0,0.0
0.4999999997674972,0.5000000002325027,0.0,0.0
9.527764332652962e-9,0.9999999904722356,0.0,0.0
0.4641022435257091,0.5358977564742909,0.0,0.0
0.6951628697330192,0.3048371302669808,0.0,0.0
0.5720669508008775,0.4279330491991225,0.0,0.0
0.567033912869595,0.43296608713040496,0.0,0.0
0.999999999962549,3.7451095884289746e-11,0.0,0.0
0.8008906962342514,0.1991093037657486,0.0,0.0
0.44127291566821786,0.5587270843317822,0.0,0.0
0.5000000001406574,0.49999999985934274,0.0,0.0
0.814104855634739,0.18589514436526103,0.0,0.0
0.9999999859875511,1.4012448781950513e-8,0.0,0.0
0.9999999841103093,1.5889690660495374e-8,0.0,0.0
0.4999999997981434,0.5000000002018566,0.0,0.0
0.9999999999999443,5.582561028362201e-14,0.0,0.0
0.9999999991153554,8.846445509279954e-10,0.0,0.0
0.14466190168553925,0.8553380983144608,0.0,0.0
0.9999999991248384,8.751616069974645e-10,0.0,0.0
9.218743805973861e-9,0.9999999907812562,0.0,0.0
0.49999999989371124,0.5000000001062888,0.0,0.0
0.49999999974977777,0.5000000002502222,0.0,0.0
0.49999999579567195,0.5000000042043281,0.0,0.0
0.7251846218506293,0.27481537814937074,0.0,0.0
3.523759854547741e-8,0.9999999647624014,0.0,0.0
0.5000000000858469,0.49999999991415317,0.0,0.0
0.9999999552085311,4.4791468807141776e-8,0.0,0.0
0.5000000004782573,0.4999999995217426,0.0,0.0
0.4999999997278587,0.5000000002721413,0.0,0.0
0.4911647172565868,0.5088352827434132,0.0,0.0
0.5000000008621673,0.4999999991378326,0.0,0.0
0.9999999999997374,2.6258811105858655e-13,0.0,0.0
0.5000000000243289,0.49999999997567107,0.0,0.0
0.9999999952249377,4.775062380816469e-9,0.0,0.0
0.5000000024589042,0.4999999975410957,0.0,0.0
0.9999999894178495,1.0582150500353398e-8,0.0,0.0
0.29750954480834907,0.7024904551906032,1.0477784186856595e-12,0.0
0.5086026833911805,0.4913973166088195,0.0,0.0
0.46264030957201263,0.5373596904276663,3.211156844034884e-13,0.0
0.3333333328337066,0.33333333301477563,0.3333333341515177,0.0
6.922023593618403e-10,0.9999999993077977,0.0,0.0
1.1937279201058776e-8,0.9999999880626876,3.311932995532977e-14,0.0
0.9999999997466386,1.2244991086549383e-13,2.5323902094451414e-10,0.0
0.9999999970233366,5.308692138654649e-12,2.971354598635953e-9,0.0
0.33333333318694713,0.3333333335189447,0.33333333329410814,0.0
0.48445647506323974,0.5155435249363131,4.472732982166653e-13,0.0
0.9999999853060434,1.4687833542354874e-8,6.123093394202185e-12,0.0
0.333333333374178,0.3333333334108392,0.3333333332149828,0.0
0.33333333337770227,0.3333333334868436,0.3333333331354541,0.0
0.08471850368541015,0.5000000000080591,0.4152814963065306,0.0
0.33333333409361715,0.3333333385894251,0.3333333273169577,0.0
0.2016337263130591,0.7983662736867867,1.541863244622245e-13,0.0
0.4195878832353927,0.580412116764484,1.2329355555211094e-13,0.0
0.7363051638367787,4.392530447854145e-13,0.26369483616278205,0.0
0.6357777919656293,0.36422220803437066,0.0,0.0
0.9999999999998828,1.1725769944811163e-13,0.0,0.0
0.2662158001133293,0.5812841687860193,0.15250003110065138,0.0
0.9865633759904325,5.13155091925717e-10,0.013436623496412434,0.0
0.9999999928620813,7.1379187958448324e-9,0.0,0.0
0.33333333368250934,0.3333333336890485,0.333333332628442,0.0
1.2321640089417025e-8,2.7179081040000612e-8,0.9999999604973249,1.9540556346448797e-12
0.9999999847635885,1.523641144506441e-8,0.0,0.0
0.5817193003212735,0.29358221431272785,0.12469848536566569,3.3307533127254563e-13
3.730770937586879e-14,0.9999997157794673,2.842201837255979e-7,3.1153596378792935e-13
1.7539429375776453e-9,0.9999999982460571,0.0,0.0
1.9188243480278098e-12,0.9999998872109559,1.1278680806778873e-7,3.172349534663684e-13
3.5338293175935274e-8,0.9999999646602887,3.6400843376739907e-13,1.0542554801688374e-12
0.3333333335581032,0.3333333332404928,6.230069616938116e-14,0.3333333332013418
0.33333333447152763,0.33333332949528544,0.33333333603309356,9.326556126356702e-14
5.624428575087323e-13,0.3243542518131603,2.7012746576437888e-12,0.675645748183576
0.33333333452589337,0.3333333352029804,0.33333333027112616,0.0
8.81196925718001e-9,1.0641319200638833e-8,0.9999999805442915,2.4200054641907407e-12
0.3333333339800323,0.33333333372967544,0.33333333229029216,0.0
4.625476273452563e-13,0.46523799980957464,1.3833803148158613e-13,0.5347620001898243
0.33333333342012866,0.3333333336834124,0.333333332896459,0.0
0.8154632022245453,5.05337924868105e-13,5.3995348780147624e-12,0.18453679776954982
0.23713548281120597,0.24075568351849577,0.5221088336700914,2.0668353485320814e-13
0.7758697288586488,5.58059384823891e-14,0.10262942342440134,0.12150084771689408
0.44719187659378035,0.5528081234062195,0.0,0.0
0.5000000000215779,0.4999999999784221,0.0,0.0
0.24609982672741526,0.7539001732720315,5.532338983920134e-13,0.0
0.9999999999982987,2.334820100675942e-13,6.998190778555267e-14,1.3977628220945417e-12
0.6510635290834512,0.3489364709165487,0.0,0.0
0.33333333414778854,0.33333333378272295,0.3333333320694885,0.0
0.9999999996323399,3.466207202400025e-13,1.3951996498640986e-10,2.2779359193926364e-10
0.43463280652102204,0.5653671934789779,0.0,0.0
1.4735802361166098e-13,2.138471093208495e-13,0.45825172005569814,0.5417482799439408
0.3333333330738032,0.3333333300341206,0.3333333368919798,9.65206743828082e-14
0.9999999999997894,2.1065067689419362e-13,0.0,0.0
0.4999999997035689,0.5000000002963602,6.224304470207124e-14,8.750698077994788e-15
0.3333333329732219,1.792142076378742e-12,0.33333333409369054,0.3333333329312953
0.2499999968875515,0.2500000001613995,0.2500000001805924,0.25000000277045675
0.3333333370123083,0.33333333669618076,0.3333333262914475,6.331318196990759e-14
0.33333333427015116,0.33333333441004054,1.6968156524918662e-13,0.3333333313196385
0.9999999989243791,4.4185991155219914e-13,1.0751789236426416e-9,0.0
0.33333329799229433,0.33333340903128017,0.33333329297462944,1.7960409309209736e-12
0.33333333274300125,0.3333333336354411,0.33333333362155776,0.0
0.9999999999991562,3.2841329641143074e-13,8.639215442446658e-14,4.29032364798088e-13
0.33333333427280787,0.33333333294887557,0.33333333277831656,0.0
4.642449277534386e-13,0.5014929615859942,1.5710557832041644e-13,0.4985070384133844
2.0677874227667547e-13,0.5172211916597936,1.9349380189677683e-13,0.4827788083398061
0.4991244917022836,3.75905277091819e-13,0.5008755082971933,1.4708522236639057e-13
0.4992735568522341,0.5007264431477658,0.0,0.0
0.9999999716301374,2.836986249842234e-8,0.0,0.0
0.10584815638474646,0.4470759218881258,0.44707592172712773,0.0
0.9999999999986237,1.7566108059484837e-13,2.679703115122029e-13,9.326396767926914e-13
0.5000000000200762,0.49999999997992384,0.0,0.0
0.9999999846812941,7.131565615696192e-9,8.187140277017223e-9,0.0
0.9999999996245184,3.754816121588605e-10,0.0,0.0
0.9999999976865267,2.3134733836913055e-9,0.0,0.0
0.9999998083365278,1.9166347212292926e-7,0.0,0.0
3.7087859341928365e-9,0.999999996291214,0.0,0.0
4.957145008286592e-13,0.9999999999995043,0.0,0.0
0.9999999967623369,3.2376632237454887e-9,0.0,0.0
0.9999999997004836,2.995164078618203e-10,0.0,0.0
0.9999999995626713,4.373287881209552e-10,0.0,0.0
0.5766129003243571,0.423387099675643,0.0,0.0
0.5610418709111944,0.4389581290888056,0.0,0.0
0.49882640658084576,0.5011735934191541,0.0,0.0
0.4988457836789761,0.501154216321024,0.0,0.0
0.9999999999992358,7.640657006216915e-13,0.0,0.0
0.5000000013844077,0.49999999861559236,0.0,0.0
4.672203166293965e-13,0.9999999999995328,0.0,0.0
0.6850847324655499,0.3149152675344501,0.0,0.0
0.5000000000795719,0.49999999992042804,0.0,0.0
0.9999999937083037,6.291696181712708e-9,0.0,0.0
0.5000000001999678,0.4999999998000322,0.0,0.0
0.9999999963848255,3.615174541704312e-9,0.0,0.0
0.9999999979496644,2.050335504116271e-9,0.0,0.0
0.9999999919876943,8.012305798243814e-9,0.0,0.0
0.014975377873609403,0.9850246221263906,0.0,0.0
0.9999999999999841,1.593739694284924e-14,0.0,0.0
9.12683983180037e-9,0.9999999908654655,7.694757893288495e-12,0.0
0.9999999692012986,3.079870141461094e-8,0.0,0.0
0.3333333390704874,0.3333333359886787,0.33333332494083406,0.0
0.3333333334403432,0.3333333334425681,0.3333333331170887,0.0
0.9999999999998619,1.3804719966164807e-13,0.0,0.0
0.9999999728759226,2.7028365420443868e-8,9.57119572459854e-11,0.0
2.0500521650102656e-8,0.9999999794991996,2.786824659470795e-13,0.0
0.15897370802804503,0.8410262919410495,3.090558414358044e-11,0.0
0.3333333337131379,0.3333333331195629,0.3333333331672992,0.0
0.9999999915733667,8.425347247336703e-9,1.2859773036030253e-12,0.0
0.9999999999989111,9.500619487355327e-13,1.389594993072993e-13,0.0
0.9999999999994047,5.150832289530983e-13,8.019765211651184e-14,0.0
0.9999999999997755,1.4647121204177004e-13,7.819858218362534e-14,0.0
4.572462683514022e-9,0.9999999954271461,3.910382398350661e-13,0.0
0.9999999999994756,3.7046537399112424e-13,1.5380831814351027e-13,0.0
1.267670989561343e-8,0.9999999873185693,4.72080794543453e-12,0.0
0.33333333422824896,0.3333333340073353,0.33333333176441576,0.0
4.3203983288098665e-9,0.9999999951802433,4.993584259611075e-10,0.0
0.9999999985680013,1.4319986437540432e-9,0.0,0.0
0.9999999875904998,1.240950021752491e-8,0.0,0.0
0.33333333680856936,0.3333333378732458,0.333333325318185,0.0
0.9999999974861655,2.5132468751042496e-9,5.875811703672309e-13,0.0
0.9999999931390822,2.5442522084772697e-11,6.835475322888783e-9,0.0
0.9999999999999672,3.266373790932277e-14,0.0,0.0
