---flow_allocation with alpha---
0.0003014533068326201
0.005246946090715335
0.004027161327644891
0.004303485922750274
0.009699354602202009
0.006984699257648865
0.009714731903916205
0.007448857722180749
0.0008247221866243005
0.002706636981645479
0.006952710044817772
8.183451110554283e-5
0.0026418994145752696
0.0036146731964681786
0.0011981084034176357
0.005147970363074622
0.0035965565958397615
0.004182205963697507
0.0027085466920990417
0.0020267723209234016
0.006770869334367534
0.00961891597463909
0.004334828014909152
0.0027654391364783453
0.003190453745825235
0.0023614450346463706
0.004820811869337584
0.005229140350109313
0.001423785933412644
0.004890157566640807
0.006650117728209516
0.009471022805861944
0.006837135503258681
0.004660190604910049
0.008555267677715873
0.002626016680063728
0.003087312315286283
0.004002050426123214
0.0031394044379664445
0.0014339195931021174
0.009175295504922184
0.006426809600491801
0.009862858242515446
0.005993860867036806
0.006679308109405855
0.0003052890496272927
0.0074042535258682825
0.00024756919965375306
0.0028904230229604
0.006971387146010027
0.004531170003090915
0.005990547474254228
0.007861949614364887
0.009488176167072104
0.005352286263066049
0.008763140558538067
0.007496182563821667
0.00284542233872917
0.0013519911592078104
0.001843914593164023
0.004584070480894742
0.005101869811831508
0.007682206043216696
0.005337482459893004
0.006068490688614719
0.007197096823674124
0.0063617433135830384
0.00863339742793404
0.006003010153192232
0.00677855530625221
0.005623816688186746
0.00823667633934863
0.0090792161433567
0.0015635389948686323
0.0028081612058310965
0.007046112716046801
0.0007089086906471017
0.00932262460117226
0.0029825827502058576
0.005782856267450866
0.0033348937191477455
0.003705450177058009
0.0070080053255263215
0.0026236863709395855
0.007989387340366194
0.00902265013672833
0.001848978347151532
0.007459924557264609
0.005357733010889
0.006116995964882646
0.002962746546944786
0.0026220043731420687
0.006365280847058431
0.00848592098820064
0.002353454453674958
0.007841230243194677
0.007381124369392015
0.009592131211458368
0.001582290313519154
0.0016411980397097695
0.002686828262657054
0.009091790446145708
0.0028124155132617313
0.004943577268988901
0.000461815425327666
0.0038233500666811984
0.005654778366261404
0.007224633981221206
0.0060158548337536704
0.007772634658170195
0.005593311129972587
0.006958309990174901
0.00403767619518819
0.004232289849271621
0.00826474403265688
0.007738005466846976
0.00759042147133181
0.008611830707708214
0.0036813275186972144
0.005584038908749255
0.00507470602366338
0.0052139971112080165
0.003147996696300065
2.8604414519081497e-5
0.00881606167435168
0.006967981080625817
0.0071747460575188535
0.008295667312126793
0.0012139645466473382
0.006842154310042186
0.0030156621063711486
0.006813378475023172
0.0070177647228460305
0.0018879957945265897
0.002914656511402591
0.008277281623601555
0.007349317326685759
0.004458236764827051
0.002461040994013859
0.003073541702478124
0.0030043922647102635
0.003971289373316758
0.0044980443106248085
0.008033664801264124
0.00433409566322537
0.009127336441365166
0.002452714152392624
0.005415359196048898
0.009175841717633094
0.009637937671062042
0.004827343600992287
0.0038487049531358685
0.0029485130672344665
0.009779174089471359
0.005848645083144524
0.009460627400644519
0.0013363876331555782
0.0022053575837723822
0.009436771647314122
0.0033170719047071772
0.00456500314271938
0.004991404864454737
0.00042698368384494636
0.008977418167877824
0.009315019296123911
0.008330173469160906
0.0020362532043322083
0.0010209953847474863
0.007878006283641591
0.0076329947088832235
0.0014438571916986285
0.0043884541965763
0.0011493767043692744
0.0043987219041081785
0.005791197198482628
0.001078328569701151
0.006512802233995834
0.003897175303541081
0.0031213077807994067
0.008991921330812164
0.008260541022587106
0.004341288009635609
0.005551952558362489
0.003203975611082759
0.0020219358827071356
0.0069530738889614415
0.005906241204280551
0.009206506525874684
0.0006176272694719376
0.004721176916038145
0.009686345710553093
0.0035774792363231092
3.603327450588612e-5
0.0072906840463368115
0.0019700990561768673
0.007810947734240122
0.0007797739110313815
0.0018937505249571084
0.002299010986976064
0.0014312546108673665
0.006182115335133885
0.0019369743559227693
0.0007231111637321422
0.009155819871505152
0.009028114248261438
0.0071041844043987015
0.007072692587447679
0.004161409299211804
0.0038643089752941045
0.006960951456985039
0.007591504371518343
0.002945642201007866
0.008088188835578143
0.008918187079793501
0.003734798121521365
0.008764876433447666
0.006681072857684915
0.0074260375405240595
0.006416633672570749
0.0011411176308282484
0.008360166053766457
0.0020127080133606028
0.009764145054172292
0.004680344018350372
0.004709350244997857
0.003734751487556946
0.0052118083907375466
0.008738901315266225
0.00777617784725404
0.008548643670344342
0.0057343811544280105
0.006179312534651096
0.009870401038207235
0.004121429009303293
0.0057180936966380325
0.009111854957390033
0.006563423501593977
0.004328571919750527
0.005620260302683184
0.006147398333047877
0.0020118256392210724
0.005921958338607804
0.004059277543613126
0.006228193164721996
0.006576993389912733
0.007549365127499629
0.00971957588294374
0.004347911719343537
0.00887205914349894
0.0001379135500020562
0.0009689729153503501
0.005384367950056373
0.007720266700551555
0.004121765766059119
0.0033497667787190126
0.0076498305622505315
0.007848791890914635
0.007175535362171946
0.007838795354924795
0.002873688573660404
0.0036618229126895224
0.006035777458680718
0.00539966041764381
0.00857204895942269
0.0020840248390407413
0.009477290609122275
0.007161249196003955
0.000850875773979788
0.00434825145273539
0.009845222666268952
0.009206485193316492
0.006464831760000714
0.005605800400192431
0.005322744539597352
0.00221584675302465
0.003363623217865943
0.002485484831401941
0.0028007913526924624
0.000918049122310688
0.005034968528033452
0.003879528416077684
0.0031405856663630606
0.005361258836262687
0.009460555961379876
0.00484243663396593
0.00440921821728691
0.004594023557998593
0.0030795692912110946
0.0035381119349937075
0.004878607226645002
0.005458384485391575
0.003507394539515644
0.007617135192132692
0.002670845910059817
0.009060366099611292
0.005336461870620632
0.004944611153902193
0.004544273154880677
0.006771490756748718
0.008620291299508252
0.0034815498972133735
0.0027122655027084636
0.0017314064828184907
0.0061126100901396285
0.00357377074471858
0.004377209755542844
0.003178457803416225
0.0039321907629993715
0.008150381180403078
0.006085399965670687
0.0073856300041245096
0.0009282480100176274
0.00833630236273999
0.00043780174161181035
0.008780710152685969
0.0008517119110397024
0.002980124644174966
0.001675363471140021
0.007869031626799734
0.0023282663580589873
0.004946451707178734
0.003467237933533149
0.002362908448138323
0.0014887656002130292
0.003185830434748484
0.007171791746262302
0.007766249773892814
0.0013427010781683188
0.005785212870193245
0.0028556546242923296
0.009062440814921939
0.007012222821891426
0.007159008086739414
0.007016454506888256
0.007310270807498841
5.989083663877472e-5
0.0029904308495327897
0.004974448457328346
0.0026924218578573246
0.0006094044116692372
0.006788522472766586
0.009572742396592119
0.003782599125705362
0.005499144852381496
0.006317302733030842
0.00784415131534893
0.00015476347293564977
0.0003270817262939078
0.004822430167124128
0.008264355085549385
0.0023038791759766152
0.004513605766887862
0.006499598273465967
0.0014010769787221543
0.008125003869957006
0.005171546610282106
0.004661773480727874
0.008174077683706042
0.0037454423735106272
0.0018832196828004655
8.133749226603604e-5
0.004798847768202188
0.006988379371989939
0.005908594731165702
0.002014898420591488
0.0026166022748595192
0.006437453951702264
0.0005422889589090574
0.009339346350158541
0.009166859718422371
0.0032231739212432975
0.007758042493818652
0.0018608543311286637
0.007979670608162868
0.008485601495933769
0.001006046222515135
0.0013843494749062211
0.0039051121066216105
0.007126046803803184
0.0043357372779941235
0.006128527948956286
0.008135156183232248
0.006448875998685317
0.0022350403997887474
0.007894560944125571
0.001280784171397059
0.0013625111862535558
0.003758660522672221
0.006046696751838853
0.005780571996963937
0.006116098013014575
0.001068004107642363
0.0022703763437259186
0.009392039753316109
0.002242090165333305
0.00603695819097133
0.0074383846267630244
0.0050373293972874695
0.004698427776761295
0.0056927981444614955
0.0004951363950392481
0.005865189424623611
0.0062215387956629925
0.009032449222528396
0.0023516565655148
0.0005861950844626504
0.005277166884082936
4.956388015899634e-5
0.001626131895681567
0.004263265715978007
0.006653988049592699
0.0035790649895557605
0.006484327733763928
0.007344648969183804
0.009454531250061732
0.009039360971382514
0.0039831606938974485
0.0031962247485327003
0.005687690336260791
0.0027178145475895334
0.0025892341902387568
9.808726528829754e-5
0.0027693913153522642
0.00017675257781367017
0.0008613011439998827
0.00043382594809207906
0.0003901253791003735
0.006873563178069264
0.004408381683342192
0.008230918533060884
0.00040167237534170867
0.0050299000114283005
0.0027514570832910855
0.005105799963598829
0.005458493628712555
0.0008288210342773776
0.003831257599507465
0.009812061948718928
0.0049197327276542056
7.390274846201853e-5
0.0007040872745206507
0.0097430714633149
0.008442517666082566
0.007295967376841893
0.001657130880927761
0.0005689213679358082
0.007960040685778451
0.002458979177459329
0.008101866478121066
0.005691181930320171
0.002314219711869948
0.0028122823584101346
0.007075419186048184
0.001294064829915215
0.0010511569430581538
0.004671632793796883
0.0013620319478532489
0.00526852174084924
0.001680527041655627
0.0005657875655268441
0.004726654918539377
0.006025269635842683
0.0005841105462531164
0.003171333225086195
0.0010249528223450525
0.004110996594577935
0.0016621329193283153
0.008191423534045934
0.005878770227274464
0.007767850211863197
0.00802250737722385
0.009799859725433267
0.0012049315477393567
0.0064475835433225005
0.0016728313460932641
0.00040627968203875534
0.0011252340033258991
0.008878736730318953
0.005372187356992505
0.002417006823500516
0.007807250752294898
0.001658347729735497
0.0008193065248035888
0.0076065687295649295
0.004450198260015607
0.0055292525335800796
0.0013517397326847506
0.0038191612452431528
0.008306466547631848
0.008215272341892267
0.00977050612536146
0.007153532564768204
0.005694531141956271
0.00266880552528468
0.0010838183795252889
0.004969222972783384
0.008926560356936751
0.0013001992798815467
0.004562689899641792
0.007234514726069607
0.009128671958729169
0.005809915278030851
0.0014962630518160103
0.0006518139342391799
0.00960834097904805
0.004972061691340897
0.004722041827246319
0.0029163331512552597
0.00034646340715581474
0.005297431822153062
0.006282482044789902
0.0056703252370079275
0.005772363030129362
0.008732043145860588
0.0029168258837388877
0.004154122791881917
0.006333170187477446
0.0038580120010007126
0.002451458706537741
0.004543765439995714
0.007636598422899611
0.003256269351243133
0.005628013050436059
0.0034367501359139495
0.008913902708338996
0.008075041034247981
0.0003988427752125585
0.0012824980192000617
0.0015952204235345595
0.007711315956019113
0.006600469622149718
0.0005371658507991751
0.005260827136720088
0.004540481218246198
0.008898804218199304
0.004725557532057514
0.005684456022775323
8.813919488624427e-5
0.008316089019694328
0.000960902758975822
0.009071773561077813
0.00962491885729304
0.003611382128455801
0.0015369442402876203
0.0017026643830077796
0.004868182551173314
0.00898796637374462
0.007973725273805438
0.0009296783828496825
0.0018132584171669098
0.0008013783849241451
0.005507365031211773
0.005833690662188525
0.007598554037841699
0.002960347576749626
0.000924252064671995
0.008358492192107414
0.008189971927876887
0.009890133158428571
0.009704336498698781
0.0006132213520463409
0.0006524136271773696
0.0020621605544334422
0.008880143686947596
0.0050315800248017985
0.008418181682139854
0.003880648623435752
0.002386704172642179
0.0021626193413638852
0.00612033009489621
0.00951467219655823
0.001247552213024797
0.008015861541188125
0.007678440995527659
0.00957815590531277
0.00017609392763791074
2.321827001342316e-5
0.006050210769889634
0.006905191324950313
0.002564575935835548
0.005272751937528058
0.0034108617370620853
0.004350871487766138
0.0034584504078761734
0.005888589752641914
0.006790180062148683
0.0002643543013768041
0.0011585568483181781
0.001749077679476105
0.004379594041000272
0.0025819842955320006
0.0017996673947323647
0.0017030183050313603
0.0016272656963441567
0.009499800922968578
0.0034934085174803493
0.009634654937630537
0.0006880842442251484
0.009213963495227701
0.005410002243412754
---flow_allocation with ell_k_beta---
0.0003014533068328478
0.005246946090719298
0.004027161327647933
0.004303485922753525
0.009699354602209335
0.006984699257654141
0.009714731903923543
0.007448857722186375
0.0008247221866249234
0.0027066369816475234
0.006952710044823024
8.183451110560465e-5
0.002641899414577265
0.0036146731964709087
0.0011981084034185406
0.00514797036307851
0.0035965565958424777
0.004182205963700666
0.0027085466921010874
0.002026772320924932
0.006770869334372648
0.009618915974646355
0.004334828014912426
0.002765439136480434
0.0031904537458276446
0.0023614450346481543
0.004820811869341225
0.005229140350113262
0.0014237859334137195
0.0048901575666445
0.006650117728214538
0.009471022805869098
0.006837135503263844
0.004660190604913569
0.008555267677722335
0.0026260166800657118
0.0030873123152886143
0.004002050426126237
0.003139404437968816
0.0014339195931032003
0.009175295504929114
0.0064268096004966545
0.009862858242522895
0.005993860867041333
0.0066793081094109
0.00030528904962752327
0.007404253525873875
0.00024756919965394003
0.0028904230229625833
0.006971387146015293
0.0045311700030943374
0.005990547474258753
0.007861949614370825
0.00948817616707927
0.005352286263070091
0.008763140558544685
0.007496182563827328
0.0028454223387313193
0.0013519911592088315
0.0018439145931654158
0.004584070480898205
0.00510186981183536
0.007682206043222498
0.005337482459897035
0.006068490688619302
0.0071970968236795595
0.006361743313587843
0.00863339742794056
0.0060030101531967665
0.00677855530625733
0.005623816688190993
0.008236676339354852
0.009079216143363558
0.0015635389948698132
0.0028081612058332176
0.007046112716052122
0.0007089086906476372
0.0093226246011793
0.00298258275020811
0.005782856267455234
0.003334893719150264
0.003705450177060808
0.007008005325531614
0.002623686370941567
0.00798938734037223
0.009022650136735144
0.0018489783471529284
0.0074599245572702436
0.005357733010893047
0.0061169959648872665
0.0029627465469470233
0.002622004373144049
0.006365280847063238
0.00848592098820705
0.002353454453676735
0.0078412302432006
0.00738112436939759
0.009592131211465613
0.0015822903135203493
0.001641198039711009
0.0026868282626590838
0.009091790446152576
0.0028124155132638554
0.004943577268992635
0.0004618154253280148
0.0038233500666840863
0.005654778366265675
0.007224633981226663
0.006015854833758214
0.007772634658176066
0.0055933111299768115
0.006958309990180156
0.0040376761951912395
0.004232289849274817
0.008264744032663121
0.007738005466852821
0.007590421471337544
0.00861183070771472
0.0036813275186999947
0.005584038908753472
0.005074706023667213
0.005213997111211955
0.003147996696302443
2.8604414519103103e-5
0.008816061674358338
0.006967981080631079
0.007174746057524273
0.008295667312133059
0.001213964546648255
0.006842154310047354
0.0030156621063734262
0.006813378475028318
0.007017764722851331
0.0018879957945280156
0.0029146565114047925
0.008277281623607807
0.0073493173266913105
0.004458236764830418
0.0024610409940157177
0.0030735417024804453
0.003004392264712533
0.003971289373319758
0.004498044310628206
0.008033664801270192
0.0043340956632286435
0.00912733644137206
0.0024527141523944767
0.005415359196052988
0.009175841717640024
0.00963793767106932
0.004827343600995932
0.003848704953138775
0.0029485130672366935
0.009779174089478745
0.005848645083148941
0.009460627400651664
0.0013363876331565876
0.002205357583774048
0.00943677164732125
0.0033170719047096826
0.004565003142722829
0.004991404864458507
0.00042698368384526885
0.008977418167884605
0.009315019296130947
0.008330173469167198
0.002036253204333746
0.0010209953847482576
0.007878006283647541
0.007632994708888989
0.001443857191699719
0.004388454196579615
0.0011493767043701426
0.0043987219041115005
0.005791197198487002
0.0010783285697019652
0.006512802234000753
0.0038971753035440242
0.003121307780801764
0.008991921330818956
0.008260541022593344
0.004341288009638887
0.005551952558366682
0.003203975611085179
0.0020219358827086626
0.006953073888966693
0.005906241204285012
0.009206506525881637
0.0006176272694724042
0.004721176916041711
0.00968634571056041
0.0035774792363258115
3.603327450591334e-5
0.0072906840463423175
0.0019700990561783557
0.007810947734246022
0.0007797739110319704
0.0018937505249585387
0.0022990109869778005
0.0014312546108684477
0.006182115335138554
0.0019369743559242323
0.0007231111637326883
0.009155819871512068
0.009028114248268255
0.007104184404404067
0.0070726925874530205
0.0041614092992149476
0.003864308975297023
0.006960951456990297
0.007591504371524077
0.0029456422010100906
0.00808818883558425
0.008918187079800237
0.003734798121524186
0.008764876433454286
0.00668107285768996
0.007426037540529669
0.006416633672575595
0.0011411176308291104
0.008360166053772771
0.002012708013362123
0.009764145054179668
0.004680344018353907
0.004709350245001413
0.0037347514875597666
0.005211808390741483
0.008738901315272826
0.007776177847259913
0.008548643670350799
0.005734381154432342
0.006179312534655763
0.00987040103821469
0.004121429009306406
0.005718093696642351
0.009111854957396914
0.006563423501598935
0.004328571919753796
0.005620260302687429
0.00614739833305252
0.0020118256392225916
0.005921958338612277
0.004059277543616191
0.0062281931647267
0.0065769933899177
0.007549365127505331
0.009719575882951081
0.004347911719346821
0.008872059143505641
0.00013791355000216036
0.000968972915351082
0.00538436795006044
0.0077202667005573855
0.004121765766062232
0.0033497667787215427
0.00764983056225631
0.007848791890920564
0.0071755353621773665
0.007838795354930716
0.0028736885736625746
0.003661822912692288
0.006035777458685277
0.005399660417647888
0.008572048959429163
0.002084024839042315
0.009477290609129432
0.007161249196009364
0.0008508757739804306
0.004348251452738675
0.009845222666276387
0.009206485193323446
0.0064648317600055965
0.005605800400196664
0.005322744539601372
0.0022158467530263236
0.0033636232178684837
0.002485484831403818
0.002800791352694578
0.0009180491223113814
0.0050349685280372545
0.0038795284160806146
0.003140585666365433
0.005361258836266737
0.009460555961387021
0.004842436633969588
0.004409218217290241
0.004594023558002063
0.0030795692912134204
0.0035381119349963794
0.004878607226648687
0.005458384485395698
0.0035073945395182934
0.0076171351921384455
0.0026708459100618343
0.009060366099618135
0.0053364618706246624
0.004944611153905928
0.004544273154884109
0.006771490756753832
0.008620291299514764
0.003481549897216003
0.002712265502710512
0.0017314064828197983
0.0061126100901442455
0.0035737707447212794
0.004377209755546151
0.0031784578034186254
0.003932190763002341
0.008150381180409234
0.006085399965675283
0.0073856300041300876
0.0009282480100183285
0.008336302362746285
0.00043780174161214103
0.0087807101526926
0.0008517119110403457
0.002980124644177217
0.0016753634711412862
0.007869031626805677
0.002328266358060746
0.00494645170718247
0.003467237933535768
0.0023629084481401074
0.0014887656002141537
0.0031858304347508904
0.007171791746267719
0.00776624977389868
0.001342701078169333
0.005785212870197615
0.0028556546242944863
0.009062440814928782
0.007012222821896722
0.007159008086744821
0.007016454506893556
0.007310270807504363
5.989083663881996e-5
0.0029904308495350483
0.004974448457332103
0.002692421857859358
0.0006094044116696975
0.006788522472771713
0.00957274239659935
0.0037825991257082188
0.005499144852385649
0.0063173027330356134
0.007844151315354854
0.00015476347293576665
0.0003270817262941548
0.00482243016712777
0.008264355085555626
0.002303879175978355
0.0045136057668912705
0.006499598273470877
0.0014010769787232125
0.008125003869963144
0.005171546610286012
0.004661773480731396
0.008174077683712215
0.003745442373513456
0.001883219682801888
8.133749226609747e-5
0.0047988477682058125
0.006988379371995218
0.005908594731170165
0.00201489842059301
0.0026166022748614955
0.0064374539517071255
0.0005422889589094671
0.009339346350165595
0.009166859718429295
0.0032231739212457322
0.007758042493824511
0.0018608543311300692
0.007979670608168895
0.008485601495940178
0.001006046222515895
0.0013843494749072667
0.00390511210662456
0.007126046803808566
0.004335737277997398
0.006128527948960914
0.008135156183238392
0.006448875998690188
0.0022350403997904358
0.007894560944131535
0.0012807841713980263
0.001362511186254585
0.00375866052267506
0.00604669675184342
0.005780571996968303
0.006116098013019195
0.0010680041076431696
0.0022703763437276333
0.009392039753323202
0.0022420901653349983
0.00603695819097589
0.007438384626768643
0.005037329397291275
0.004698427776764843
0.005692798144465795
0.0004951363950396222
0.005865189424628041
0.006221538795667691
0.009032449222535219
0.0023516565655165764
0.0005861950844630932
0.005277166884086922
4.956388015903378e-5
0.0016261318956827951
0.004263265715981227
0.006653988049597725
0.0035790649895584637
0.006484327733768826
0.007344648969189352
0.009454531250068872
0.009039360971389342
0.003983160693900457
0.003196224748535114
0.0056876903362650865
0.0027178145475915865
0.0025892341902407122
9.808726528837162e-5
0.002769391315354356
0.00017675257781380368
0.0008613011440005333
0.0004338259480924067
0.00039012537910066813
0.006873563178074455
0.004408381683345522
0.0082309185330671
0.00040167237534201203
0.005029900011432099
0.0027514570832931637
0.005105799963602685
0.005458493628716678
0.0008288210342780036
0.0038312575995103587
0.00981206194872634
0.004919732727657921
7.390274846207435e-5
0.0007040872745211825
0.009743071463322258
0.008442517666088943
0.0072959673768474035
0.0016571308809290126
0.0005689213679362379
0.007960040685784462
0.0024589791774611864
0.008101866478127186
0.0056911819303244685
0.002314219711871696
0.002812282358412259
0.007075419186053528
0.0012940648299161926
0.001051156943058948
0.004671632793800411
0.0013620319478542778
0.005268521740853219
0.0016805270416568965
0.0005657875655272715
0.004726654918542947
0.006025269635847233
0.0005841105462535576
0.0031713332250885903
0.0010249528223458266
0.00411099659458104
0.0016621329193295708
0.00819142353405212
0.005878770227278904
0.007767850211869064
0.008022507377229909
0.009799859725440667
0.0012049315477402668
0.006447583543327371
0.0016728313460945277
0.0004062796820390622
0.0011252340033267492
0.00887873673032566
0.005372187356996562
0.002417006823502341
0.0078072507523007945
0.0016583477297367494
0.0008193065248042076
0.007606568729570674
0.004450198260018968
0.005529252533584255
0.0013517397326857717
0.0038191612452460376
0.008306466547638123
0.008215272341898472
0.00977050612536884
0.007153532564773607
0.005694531141960572
0.002668805525286696
0.0010838183795261074
0.004969222972787137
0.008926560356943494
0.0013001992798825285
0.004562689899645238
0.007234514726075071
0.009128671958736064
0.005809915278035239
0.0014962630518171405
0.0006518139342396722
0.009608340979055306
0.0049720616913446515
0.004722041827249885
0.0029163331512574624
0.0003464634071560764
0.005297431822157063
0.006282482044794646
0.005670325237012211
0.005772363030133721
0.008732043145867183
0.002916825883741091
0.0041541227918850555
0.006333170187482229
0.0038580120010036265
0.002451458706539593
0.004543765439999146
0.007636598422905379
0.0032562693512455925
0.00562801305044031
0.003436750135916545
0.008913902708345729
0.008075041034254079
0.00039884277521285967
0.0012824980192010305
0.0015952204235357645
0.007711315956024936
0.006600469622154704
0.0005371658507995808
0.005260827136724062
0.004540481218249627
0.008898804218206024
0.004725557532061084
0.005684456022779617
8.813919488631084e-5
0.00831608901970061
0.0009609027589765478
0.009071773561084665
0.009624918857300309
0.0036113821284585288
0.001536944240288781
0.0017026643830090654
0.004868182551176991
0.00898796637375141
0.007973725273811459
0.0009296783828503846
0.0018132584171682792
0.0008013783849247504
0.005507365031215932
0.0058336906621929314
0.007598554037847438
0.0029603475767518614
0.0009242520646726931
0.008358492192113726
0.008189971927883073
0.009890133158436041
0.00970433649870611
0.0006132213520468041
0.0006524136271778623
0.0020621605544349996
0.008880143686954304
0.0050315800248055985
0.008418181682146213
0.0038806486234386826
0.002386704172643982
0.0021626193413655185
0.006120330094900833
0.009514672196565415
0.0012475522130257393
0.008015861541194179
0.0076784409955334585
0.009578155905320004
0.00017609392763804374
2.3218270013440697e-5
0.006050210769894203
0.006905191324955528
0.002564575935837485
0.005272751937532041
0.0034108617370646613
0.004350871487769424
0.0034584504078787855
0.005888589752646361
0.0067901800621538114
0.00026435430137700377
0.001158556848319053
0.0017490776794774263
0.00437959404100358
0.002581984295533951
0.001799667394733724
0.0017030183050326464
0.0016272656963453858
0.009499800922975752
0.003493408517482988
0.009634654937637814
0.0006880842442256681
0.009213963495234661
0.00541000224341684
---flow_allocation with per_flow_loss---
0.00030381945
0.005288129999999999
0.004058771
0.0043372645
0.009775486000000002
0.007039523
0.009790983999999999
0.0075073247
0.00083119553
0.0027278817000000004
0.0070072827
8.247683999999999e-5
0.002662636
0.0036430451999999998
0.0012075125
0.0051883774
0.0036247864
0.0042150326
0.0027298064
0.0020426807
0.0068240147000000004
0.009694416
0.0043688526000000005
0.0027871454
0.003215496
0.0023799803
0.004858651
0.0052701845
0.0014349614
0.004928541
0.0067023153
0.009545362
0.006890800999999999
0.004696769
0.008622419000000001
0.0026466286
0.003111545
0.004033463
0.003164046
0.0014451746
0.0092473135
0.006477254399999999
0.009940273
0.0060409074
0.0067317348
0.00030768529999999997
0.0074623704
0.0002495124
0.0029131103
0.0070261064
0.0045667356999999995
0.006037568
0.007923659
0.009562649999999999
0.005394297
0.0088319235
0.007555021
0.0028677564
0.0013626031
0.0018583877
0.0046200514
0.005141915
0.0077425046
0.005379376999999999
0.006116123
0.0072535876999999995
0.0064116774
0.008701162
0.0060501285
0.006831761
0.0056679587
0.008301327
0.00915048
0.0015758114
0.0028302028
0.007101418500000001
0.000714473
0.009395799
0.0030059934
0.0058282466
0.0033610696999999998
0.0037345347
0.007063012
0.00264428
0.008052097
0.00909347
0.0018634912
0.0075184784000000005
0.0053997865
0.006165009000000001
0.0029860015
0.0026425847999999997
0.0064152427000000005
0.008552528
0.002371927
0.007902777
0.007439059699999999
0.009667420999999999
0.0015947099
0.00165408
0.0027079175000000004
0.009163153
0.0028344905
0.00498238
0.00046544026999999997
0.0038533599999999997
0.005699163399999999
0.007281341
0.006063074
0.007833643
0.0056372137
0.0070129266
0.0040693684
0.0042655096
0.008329615
0.007798742
0.0076499996
0.008679425999999999
0.0037102227000000002
0.005627868699999999
0.005114537999999999
0.0052549224
0.0031727057
2.8828934e-5
0.00888526
0.0070226736
0.0072310615
0.008360781
0.0012234931
0.0068958592
0.0030393324
0.0068668575
0.007072848
0.0019028149000000002
0.002937534
0.008342250999999998
0.007407003
0.00449323
0.0024803579999999998
0.0030976663000000003
0.0030279740999999997
0.0040024605
0.00453335
0.008096721999999999
0.0043681145
0.009198978
0.0024719658
0.005457865
0.009247864
0.009713587000000001
0.004865234
0.0038789139
0.0029716562999999997
0.009855932
0.005894551800000001
0.009534885
0.0013468770999999998
0.0022226677
0.009510842
0.003343108
0.0046008344
0.005030583
0.00043033513000000003
0.009047883000000001
0.009388134000000001
0.008395558
0.0020522360000000003
0.0010290093
0.0079398417
0.007692907
0.0014551902000000002
0.0044228997
0.0011583983
0.004433248
0.005836653
0.0010867925
0.006563922
0.0039277647
0.0031458073
0.0090625
0.008325378999999999
0.0043753633
0.005595530499999999
0.0032291240000000003
0.0020378063
0.0070076494
0.005952600000000001
0.009278769499999999
0.0006224751
0.004758234
0.009762375
0.0036055593
3.6316104e-5
0.0073479095
0.0019855626
0.0078722568
0.00078589445
0.0019086148000000002
0.0023170562
0.0014424887
0.006230639499999999
0.0019521779
0.00072878695
0.009227685
0.009098977
0.0071599459999999995
0.007128207
0.004194072700000001
0.0038946404
0.0070155888
0.0076510910000000005
0.0029687629
0.008151674
0.008988187
0.003764113
0.008833672999999998
0.006733513399999999
0.0074843254
0.0064669986
0.0011500744
0.008425786000000001
0.0020285060000000002
0.009840785000000001
0.0047170806000000004
0.0047463145
0.003764066
0.0052527165
0.008807494
0.007837214
0.008615743
0.005779391
0.0062278147
0.009947875
0.0041537786
0.0057629757
0.009183375
0.0066149406
0.004362547400000001
0.0056643744
0.00619565
0.0020276166999999997
0.0059684405
0.0040911393
0.006277079
0.006628617
0.007608621
0.009795866
0.004382039
0.008941697
0.00013899605
0.0009765785
0.0054266305
0.007780864
0.004154118
0.0033760595
0.007709875000000001
0.007910397999999999
0.0072318569999999995
0.007900323
0.0028962445
0.003690565
0.006083153
0.005442043
0.008639332
0.0021003826000000002
0.009551679
0.0072174587
0.0008575544000000001
0.0043823813999999996
0.009922499
0.009278748
0.006515575
0.005649801
0.0053645234000000005
0.0022332391999999998
0.0033900247
0.0025049937
0.0028227751
0.000925255
0.0050744886
0.0039099793
0.0031652365
0.00540334
0.009534813
0.0048804455
0.0044438266999999995
0.0046300826
0.0031037411999999998
0.0035658829999999997
0.0049169
0.005501228
0.0035349245
0.007676923
0.0026918096999999997
0.009131482
0.0053783484
0.004983422
0.0045799417
0.006824640999999999
0.008687953
0.003508877
0.0027335544
0.0017449965000000001
0.0061605887
0.0036018217
0.004411567
0.0032034058999999998
0.003963055
0.0082143545
0.006133165
0.0074436007000000005
0.00093553394
0.008401735
0.0004412381
0.008849631
0.0008583971
0.003003516
0.0016885136
0.0079307966
0.0023465412
0.004985277
0.0034944527
0.0023814552
0.0015004511000000001
0.0032108363999999996
0.007228084
0.007827208
0.0013532401000000002
0.0058306217
0.002878069
0.009133573
0.007067262600000001
0.007215200000000001
0.0070715275
0.00736765
6.0360927e-5
0.0030139030999999997
0.0050134935
0.002713555
0.0006141877
0.0068418064
0.009647880000000001
0.0038122892
0.0055423083
0.006366888
0.007905721
0.00015597823
0.00032964903
0.004860282
0.008329223
0.0023219626
0.004549033599999999
0.0065506144
0.0014120742
0.008188777999999999
0.0052121387
0.0046983643
0.008238236999999999
0.0037748408
0.0018980013
8.197592e-5
0.0048365145
0.007043232
0.005954971999999999
0.0020307135999999997
0.0026371403
0.0064879822999999994
0.00054654545
0.009412651999999999
0.009238811500000001
0.003248473
0.007818936299999999
0.0018754604
0.008042304
0.008552206
0.0010139428
0.0013952154000000001
0.0039357638
0.00718198
0.004369769
0.0061766315
0.00819901
0.006499494000000001
0.0022525835
0.0079565263
0.0012908371999999998
0.0013732057
0.0037881627
0.0060941580000000006
0.0058259444
0.006164104
0.001076387
0.0022881968
0.009465759
0.0022596886
0.006084343
0.0074967694
0.005076868
0.0047353063
0.005737481599999999
0.00049902278
0.005911226
0.0062703724
0.009103346
0.0023701150000000003
0.0005907962
0.005318588
4.9952913e-5
0.0016388955999999998
0.0042967286
0.006706216
0.0036071575
0.006535224
0.007402298
0.009528741
0.009110312
0.004014425
0.0032213123
0.0057323337
0.002739147
0.0026095574
9.8857164e-5
0.0027911286
0.00017813993
0.0008680616
0.0004372311
0.00039318752
0.0069275146
0.0044429835999999995
0.008295524
0.00040482515000000004
0.0050693803
0.0027730536
0.005145876000000001
0.005501338
0.00083532655
0.0038613296
0.009889077999999999
0.0049583483
7.448282e-5
0.00070961374
0.009819546
0.008508784
0.0073532343
0.0016701379
0.0005733869
0.00802252
0.00247828
0.008165459
0.005735852699999999
0.0023323843000000004
0.0028343563000000002
0.0071309550000000005
0.0013042221
0.0010594075999999998
0.004708301
0.0013727227
0.0053098749999999995
0.0016937177000000002
0.0005702285
0.004763755
0.0060725627
0.0005886953000000001
0.0031962253999999997
0.0010329978
0.0041432643
0.0016751792
0.008255719
0.0059249134000000005
0.007828821
0.008085476999999999
0.00987678
0.0012143892
0.0064981914
0.0016859616
0.00040946862
0.0011340661
0.008948427
0.0054143543
0.0024359782
0.0078685308
0.0016713643
0.00082573736
0.0076662736000000006
0.0044851284
0.0055726523
0.0013623497
0.0038491383
0.008371665
0.008279755
0.009847196
0.0072096815000000005
0.0057392282
0.0026897533
0.0010923254
0.005008227
0.008996625999999999
0.0013104047
0.004598503
0.007291299300000001
0.009200324
0.005855518
0.0015080074000000001
0.0006569300999999999
0.009683757999999999
0.005011088
0.0047591057
0.0029392238
0.00034918283999999997
0.005339012000000001
0.006331794
0.0057148323
0.005817671
0.008800582
0.0029397204
0.004186728999999999
0.0063828800000000005
0.003888294
0.0024707005
0.004579430000000001
0.007696539
0.0032818282
0.005672188
0.0034637256
0.008983869
0.008138422999999999
0.00040197334
0.0012925645
0.0016077415
0.007771843
0.0066522775000000004
0.00054138213
0.0053021200000000004
0.00457612
0.008968652
0.004762649
0.005729074
8.883101e-5
0.008381363000000001
0.000968445
0.009142979
0.009700466000000001
0.0036397282999999997
0.0015490079000000001
0.0017160288
0.0049063935
0.009058514
0.008036312
0.0009369755400000001
0.0018274908999999998
0.0008076685000000001
0.005550593
0.00587948
0.007658196
0.0029835837
0.00093150663
0.008424099
0.008254256
0.009967762
0.009780507
0.0006180346
0.0006575345
0.0020783467
0.008949845
0.0050710734999999995
0.008484257
0.0039111083
0.0024054376999999997
0.002179594
0.0061683693000000005
0.009589354
0.0012573444
0.008078779000000001
0.00773871
0.009653336
0.00017747611
2.3400513000000003e-5
0.0060976996
0.0069593910000000005
0.0025847056
0.0053141384
0.003437634
0.004385022000000001
0.0034855961999999997
0.0059348099999999996
0.006843477
0.00026642925
0.0011676504999999998
0.0017628064000000001
0.00441397
0.0026022506
0.0018137932
0.0017163855
0.0016400383
0.009574365999999999
0.0035208287
0.009710278499999999
0.0006934851
0.009286285
0.005452466
---weights per flow per tunnel---
0.9378298889978849,0.06217011100211506,0.0,0.0
0.319640172652524,0.5172276005639012,0.08170585293846426,0.08142637384511055
0.6940999084104766,0.06538823791518467,0.1731065574179695,0.06740529625636915
0.9260504258960179,0.073949574103982,0.0,0.0
0.15143065582061424,0.40613185386561834,0.1744966980394249,0.26794079227434237
0.9687391238488053,0.01565182584847235,4.6357209738566765e-6,0.015604414581748395
0.8609391265038754,0.04980252270671425,0.04461234727986447,0.04464600350954593
0.14762428965792507,0.5379676291222613,0.16807445221272885,0.14633362900708483
0.04956520678898616,0.10746116652010622,0.28054421282373476,0.5624294138671729
0.5276452398211494,0.11725147039666145,0.35510328978218914,0.0
0.18926168277346772,0.4108074327995779,0.21258670579720346,0.18734417862975097
0.2991499114715921,0.4892369991279656,0.21161308940044224,0.0
0.41312347827080853,0.3279373050518629,0.09170751867093012,0.1672316980063983
0.6332011275029785,0.12901122666828113,0.23778764582874032,0.0
0.23492054877313434,0.7093397616338439,0.026680741531642987,0.029058948061378716
0.6294395745055671,0.11366958513397969,0.11120763162531073,0.14568320873514262
0.36896508661776306,0.46055337418302883,0.07878079934954342,0.09170073984966462
0.6260609900230545,0.37393900997694557,0.0,0.0
0.5621430549769847,0.4378569450230154,0.0,0.0
0.5739216026464252,0.3711490260093051,0.05492937134426966,0.0
0.5554229131141987,0.18567853216276858,0.129220483311532,0.12967807141150064
0.3522149006903654,0.21319741904503667,0.22069140833345205,0.2138962719311458
0.6374833286776839,0.3625166713223162,0.0,0.0
0.6376460852894658,0.19608861335712335,0.16626530135341092,0.0
0.9401296207334536,0.059870379266546356,0.0,0.0
0.32951486117419615,0.6704851388258039,0.0,0.0
0.8946237889282176,0.10537621107178251,0.0,0.0
0.8880597687186529,0.11194023128134707,0.0,0.0
0.8114297099417666,0.1885702900582334,0.0,0.0
0.7878058931468752,0.21219410685312473,0.0,0.0
0.43594226644575546,0.5640577335542445,0.0,0.0
0.7936393419062456,0.20636065809375448,0.0,0.0
0.17654066293105664,0.8234593370689434,0.0,0.0
0.5575266956956932,0.4424733043043067,0.0,0.0
0.5453027754808122,0.45469722451918776,0.0,0.0
0.46844374258184474,0.5315562574181552,0.0,0.0
0.5450106961962385,0.45498930380376135,0.0,0.0
0.6721421086800597,0.3278578913199402,0.0,0.0
0.7340960897974783,0.26590391020252174,0.0,0.0
0.7342588449155076,0.2657411550844925,0.0,0.0
0.4603556905856276,0.5396443094143725,0.0,0.0
0.5150282447171168,0.4849717552828831,0.0,0.0
0.47125245522779774,0.5287475447722023,0.0,0.0
0.4741138781873454,0.5258861218126546,0.0,0.0
0.5274219696273504,0.47257803037264956,0.0,0.0
0.5825528505045189,0.41744714949548123,0.0,0.0
0.45187757343943147,0.5481224265605684,0.0,0.0
0.6020678762194812,0.39793212378051884,0.0,0.0
0.6602840410789642,0.2473962278198512,0.04635072169570041,0.045969009405484186
0.4516380202107453,0.5483619797892548,0.0,0.0
0.9246856924300351,0.02505800629586852,0.015861752135865305,0.03439454913823105
0.4624617898757203,0.5375382101242797,0.0,0.0
0.3555814999071473,0.11114476753084042,0.3678806457172706,0.16539308684474177
0.3034801462823912,0.15166415900161215,0.412087334858674,0.1327683598573226
0.3205996990229629,0.4822131426140056,0.09876294868246617,0.09842420968056516
0.6084990419764807,0.2056828920643697,0.09321756565901601,0.09260050030013348
0.08898117604406902,0.5014826206409893,0.34262243120900904,0.06691377210593262
0.7394575262570644,0.18754134699784927,0.07300112674508635,0.0
0.6993812394827802,0.05721861498953728,0.2121965177258881,0.031203627801794486
0.6667010280021439,0.20904469849390653,0.12425427350394957,0.0
0.025808112063522213,0.17718843596991182,0.7648746627741051,0.03212878919246084
0.19210682125152911,0.4047862174916073,0.40310696125686357,0.0
0.936814130505419,0.0340208617292036,0.004238849011021384,0.02492615875435587
0.9382051250649985,3.426126134923235e-5,0.04701885527778069,0.014741758395871567
0.6261390692225367,0.07373870919381524,0.29448059022169776,0.005641631361950279
0.26701994530468215,0.7329800546953178,0.0,0.0
0.2832423567213907,0.7167576432786092,0.0,0.0
0.8273336155443787,0.10737030186039498,0.06529608259522623,0.0
0.9344443232973144,0.03439240912217139,0.00032291757355456515,0.030840350006959685
0.011939338577949899,0.06080996120086663,0.8668282972785339,0.06042240294264952
0.682053159611689,0.31794684038831095,0.0,0.0
0.39001328845047234,0.25650695135721124,0.35347976019231636,0.0
0.7088641301287014,0.0970435728972566,0.09702570911657074,0.09706658785747131
0.921655653139394,0.07834434686060598,0.0,0.0
0.9269857408054067,0.03172159747244071,0.020116162405204696,0.021176499316947792
0.5164852353410585,0.48351476465894144,0.0,0.0
0.6466586688781004,0.34407840455471805,0.008389841457539828,0.000873085109641633
0.8197473273449687,0.0886021310814234,0.0887493165008909,0.0029012250727170406
0.8608321218131317,0.005080213412604993,0.08002205794875367,0.05406560682550975
0.7760485379227939,0.1893858593772102,0.016896578005671434,0.01766902469432448
0.9508625378706417,0.035731123815536114,0.013331079168887525,7.525914493481264e-5
0.5288709231900033,0.37588247204801034,0.09524660476198649,0.0
0.5086530452416917,0.20737069201184624,0.14204594457259928,0.14193031817386279
0.7749798695272913,0.1702403015841988,0.05477982888851002,0.0
0.16173859013058495,0.7677492035186264,0.06939176731289225,0.0011204390378964399
0.5390490831838464,0.2869276822203289,0.1740232345958247,0.0
0.27887548928881123,0.04139960701043133,0.6779442058232839,0.001780697877473479
0.5590608934448712,0.3652410219809805,0.0704108325506517,0.005287252023496475
0.7525054421512251,0.05983651810429178,0.12785163111547523,0.0598064086290079
0.8075302048119252,0.19246979518807478,0.0,0.0
0.8662692136491618,0.13373078635083832,0.0,0.0
0.8310252225230942,0.1222357539333063,0.04673902354359967,0.0
0.7856113632045931,0.07219102312841678,0.07116183256933681,0.0710357810976532
0.657251547103506,0.10028958898647755,0.1470919679321593,0.09536689597785725
0.7283432821252083,0.2716567178747916,0.0,0.0
0.3364829216133459,0.2522664155621694,0.4112506628244846,0.0
0.9011529657053083,0.09884703429469167,0.0,0.0
0.7633235479248683,0.23667645207513166,0.0,0.0
0.5937207729733406,0.40627922702665953,0.0,0.0
0.43405039560910486,0.565949604390895,0.0,0.0
0.9238950086993081,0.076104991300692,0.0,0.0
0.2019900315477572,0.7980099684522428,0.0,0.0
0.9785225922124586,0.021477407787541338,0.0,0.0
0.599986051973903,0.4000139480260969,0.0,0.0
0.9443525016599885,0.055647498340011474,0.0,0.0
0.8253676173783474,0.17463238262165245,0.0,0.0
0.7611659569991018,0.2388340430008981,0.0,0.0
0.5543874384217887,0.4456125615782112,0.0,0.0
0.7341148048729826,0.2658851951270173,0.0,0.0
0.8083613059527948,0.19163869404720524,0.0,0.0
0.658969707565135,0.341030292434865,0.0,0.0
0.7504091027516471,0.249590897248353,0.0,0.0
0.67019097679923,0.32980902320077,0.0,0.0
0.559078062502793,0.44092193749720693,0.0,0.0
0.5722869593369868,0.4277130406630132,0.0,0.0
0.5881505661926826,0.4118494338073173,0.0,0.0
0.5485226909913921,0.45147730900860805,0.0,0.0
0.6494482128604964,0.3505517871395036,0.0,0.0
0.5343912198130677,0.46560878018693236,0.0,0.0
0.5132018618775009,0.48679813812249906,0.0,0.0
0.5281421036607837,0.0921288983153648,0.273721927073021,0.10600707095083044
0.7301397503177145,0.26986024968228545,0.0,0.0
0.48637226055367905,0.048400216554373134,0.27987103053291273,0.1853564923590351
0.6088006023916693,0.3886143800837981,0.0020118863925380603,0.0005731311319944805
0.8954985113588491,0.10450148864115101,0.0,0.0
0.5518775959447169,0.12380538815299937,0.21727246300024664,0.10704455290203704
0.42455408106958425,0.4895331339447153,0.08546920879497964,0.0004435761907208024
0.917399476561545,0.038498303755337276,0.005922905213128651,0.038179314469989005
0.6032203565906907,0.3798564270162041,0.008499070896137365,0.008424145496968006
0.10530293221217771,0.7994804323471503,0.09521663544067195,0.0
0.8209975405193954,0.06592010692432362,0.043277615712135335,0.06980473684414554
0.5753497121691192,0.31108460602533383,0.11356568180554688,0.0
0.5909581050325304,0.24008587285881397,0.10488271405949011,0.0640733080491655
0.9377843410692016,0.03194230632557795,0.030273352605220502,0.0
0.45468479577011517,0.04926149073008953,0.4480258618778503,0.048027851621944936
0.5377976225629794,0.26342122629838166,0.09928235335730091,0.09949879778133802
0.18867073132411127,0.11745213061213061,0.5737964615394908,0.12008067652426734
0.5552168971066562,0.4447831028933438,0.0,0.0
0.5914946762319239,0.4085053237680761,0.0,0.0
0.11292080733883361,0.5548456339149105,0.3322335587462559,0.0
0.0667204409685619,0.5866482525311355,0.20680144414044865,0.139829862359854
0.44689346310165484,0.44329843142065184,0.05517494236179416,0.05463316311589921
0.640512173780975,0.35948782621902503,0.0,0.0
0.21874300232077876,0.5623610592498529,0.21889593842936841,0.0
0.9793011406913268,0.010385778236920384,5.9674832575682776e-6,0.01030711358849526
0.8673588369523737,0.13264116304762638,0.0,0.0
0.6053373746288093,0.3222296160145421,0.036337186530088085,0.03609582282656064
0.8999188336263256,0.0483770304901142,0.0025506970104559536,0.049153438873104256
0.9003148436867969,0.09968515631320304,0.0,0.0
0.2647746184824115,0.1398174536633386,0.18248325828755704,0.4129246695666928
0.9351005101618518,0.02335133693697587,0.020771581317671883,0.02077657158350029
0.8012420436728077,0.056155451571221364,0.13797082376493153,0.004631680991039385
0.0546749542232957,0.8650374970207221,0.04108944932053977,0.0391980994354425
0.28166726757415483,0.49212917670112377,0.22620355572472148,0.0
0.15720017227892213,0.521796184118057,0.16380633616033258,0.1571973074426883
0.3942097644442325,0.3266971044730974,0.2790931310826701,0.0
0.799300510916537,0.12858947829676445,0.03217309352584125,0.03993691726085722
0.7732059191458319,0.06999958704307542,0.1567944938110926,0.0
0.3187478833790903,0.35560922043446147,0.1626200131777916,0.16302288300865664
0.3908056466594337,0.48020116189170714,0.0649506752592795,0.0640425161895797
0.451312459977732,0.09605324387740224,0.36281764506433506,0.08981665108053069
0.5125036182578877,0.48749638174211224,0.0,0.0
0.5663951704751584,0.43360482952484153,0.0,0.0
0.3369686069262329,0.4762983141480202,0.186733078925747,0.0
0.19007528514585628,0.1877255574312792,0.447564378664577,0.17463477875828748
0.4363552585895995,0.18532544613459545,0.18785106014442174,0.19046823513138336
0.4673565446100428,0.5326434553899573,0.0,0.0
0.47418175840615123,0.09981421128487437,0.4260040303089745,0.0
0.6491628145086309,0.2718713241156817,0.03947737447622137,0.03948848689946608
0.3496076312882258,0.6503923687117741,0.0,0.0
0.21942598607796823,0.7019424133146689,0.030859747590283978,0.047771853017078945
0.8311599285644783,0.0015509268803405097,0.10365078708889139,0.0636383574662898
0.9835787815928576,0.016421218407142283,0.0,0.0
0.7863802612865946,0.1633016623413175,0.00037846900273307124,0.04993960736935488
0.9358107993414776,0.01386975914384577,0.02516424515407642,0.025155196360600235
0.789637825990722,0.17528556075590582,0.017319935275754934,0.01775667797761722
0.10151949106336451,0.10866429398955008,0.3679855061654115,0.42183070878167395
0.5984487141259311,0.21762963892537443,0.18392164694869445,0.0
0.3066622587881622,0.5183298027804958,0.08546268104857913,0.0895452573827628
0.538019684787259,0.264956264586455,0.19702405062628606,0.0
0.2361158079709436,0.46832826257180193,0.14760687161147867,0.14794905784577572
0.6872560182472286,0.17747179058037066,0.1352721911724007,0.0
0.6305036047113386,0.1155804599069296,0.140143109911882,0.11377282546984996
0.08382765858403772,0.49971927280297707,0.08522097593064858,0.3312320926823367
0.15770694664227708,0.07192925369191162,0.2873420247432234,0.48302177492258797
0.4566858253834016,0.5433141746165985,0.0,0.0
0.4099331169299578,0.5900668830700422,0.0,0.0
0.357109172774283,0.3571518867374027,0.28573894048831433,0.0
0.3169493028527739,0.111626891481602,0.50676628020951,0.06465752545611422
0.48368420693351066,0.11430061360318933,0.27136291625149034,0.13065226321180967
0.6183872428103837,0.3816127571896163,0.0,0.0
0.25907056428050246,0.32196075241637306,0.4189686833031245,0.0
0.4211170243968094,0.49684602343470446,0.005777286094198735,0.07625966607428729
0.780638777623453,0.21936122237654698,0.0,0.0
0.6241121171205684,0.3245468556273872,0.02660775892758175,0.024733268324462595
0.9386701991799175,0.02046094245697372,0.0012179076358920043,0.03965095072721672
0.8957399565740802,0.10426004342591969,0.0,0.0
0.9583295732352987,0.03103708686429778,0.001280080047861407,0.009353259852542066
0.841020449960829,0.11657535583650734,0.03632843054368898,0.006075763658974737
0.6535936567648603,0.29295922679726216,0.026534864201584695,0.0269122522362928
0.9743267783880554,0.008661023253266205,0.008320960360497424,0.008691237998181039
0.4734858256911534,0.4383646684651801,0.0881495058436666,0.0
0.39268026838724324,0.509033191216688,0.08406458456569478,0.014221955830374042
0.41775019158321786,0.3809806228708999,0.20126918554588233,0.0
0.7902467244073292,0.001913572459940181,0.1537716479503625,0.054068055182368145
0.717548942758687,0.15036843468351022,0.13208262255780281,0.0
0.2937621695766057,0.08476514547572411,0.6174999433984986,0.003972741549171619
0.9141898713573678,0.038816266983357224,0.011184735240512004,0.03580912641876297
0.30838054752988064,0.05101330461799014,0.6187271405802912,0.021879007271838113
0.5508350731271632,0.4491649268728369,0.0,0.0
0.5681971185831538,0.4318028814168461,0.0,0.0
0.596678016768923,0.28786235519317555,0.11545962803790148,0.0
0.3473820990429607,0.3090207761509912,0.22537813850578897,0.11821898630025907
0.7417253624110788,0.08605620943478977,0.08616889775270087,0.08604953040143051
0.7139500220083974,0.28604997799160264,0.0,0.0
0.4108504693456526,0.22898827109903647,0.360161259555311,0.0
0.704199343876539,0.0987428192944068,0.09918240153986856,0.0978754352891855
0.19607956120803374,0.8039204387919662,0.0,0.0
0.3878213981723585,0.5098528551233897,0.03642323256160563,0.06590251414264628
0.9601616033288469,0.004046441897953178,0.03542326158687948,0.0003686931863205814
0.8422411489716184,0.15775885102838155,0.0,0.0
0.5086662720175584,0.46161805086913954,0.014886804029512582,0.01482887308378925
0.1183757450909376,0.6446789759794513,0.1187201539500686,0.11822512497954257
0.2995300788659349,0.0797762387563076,0.4617099556443597,0.15898372673339778
0.978749249937267,0.0075899497839998446,0.00605992390478473,0.007600876373948467
0.6819577112156849,0.21221885496956328,0.10582343381475183,0.0
0.17712696624465604,0.356876327500548,0.37069342719530146,0.09530327905949447
0.2247885113620512,0.5142479291006627,0.260963559537286,0.0
0.917188347716865,0.00018870051501238892,0.04697092820652124,0.03565202356160142
0.5270397015357098,0.3185772379851991,0.15438306047909114,0.0
0.14116782098600733,0.7989880910751443,0.0021897446953977047,0.05765434324345046
0.9038838331925494,0.014429584181007473,0.07521492267224267,0.0064716599542004585
0.07280633828945055,0.7269375594711656,0.10014051238247862,0.10011558985690526
0.3355106822216313,0.6644893177783686,0.0,0.0
0.6157705983634093,0.38422940163659064,0.0,0.0
0.3484712431797656,0.490467249376009,0.16106150744422545,0.0
0.34430780504233083,0.4593438219643877,0.1078778634845691,0.0884705095087124
0.8936057464235326,0.03601091925816819,0.035150264731970665,0.03523306958632856
0.7520748715082813,0.24792512849171866,0.0,0.0
0.35525175166518413,0.5212946894242529,0.12345355891056299,0.0
0.17530233833223785,0.5941563400197732,0.23054132164798885,0.0
0.28848392375031645,0.7115160762496835,0.0,0.0
0.3639860789723154,0.5313672817222534,0.10464663930543106,0.0
0.49932608551419133,0.36543871785490717,0.1352351966309015,0.0
0.795202361829582,0.20479763817041785,0.0,0.0
0.1111723896673519,0.7861363862573844,0.1026912240752637,0.0
0.30978331736693193,0.4536166738199107,0.2366000088131574,0.0
0.27828878440352645,0.6006080994229838,0.12110311617348976,0.0
0.4430722042356957,0.4027934870856645,0.15413430867863995,0.0
0.3926988151891397,0.25947257969168724,0.347828605119173,0.0
0.941994701871021,0.0026729077750447267,0.0553323903539343,0.0
0.8942192236121179,0.061119134118516494,0.04466164226936568,0.0
0.7288442237257402,0.17924896894900347,0.09190680732525623,0.0
0.959000254244371,0.029099984381802755,0.011899761373826234,0.0
0.6927253941096481,0.23304073796475558,0.07423386792559632,0.0
0.5492679458780205,0.3068924200156607,0.14383963410631875,0.0
0.39987990124148726,0.4403095601296333,0.15981053862887945,0.0
0.4637566193922143,0.5362433806077856,0.0,0.0
0.6233296094304275,0.3766703905695725,0.0,0.0
0.6667345204427235,0.17318857980179997,0.16007689975547643,0.0
0.5650804915763283,0.33388530675478967,0.10103420166888201,0.0
0.7530446973130996,0.1340336473260133,0.11292165536088697,0.0
0.37156427038812073,0.6284357296118792,0.0,0.0
0.5916000885482837,0.2609675503273722,0.147432361124344,0.0
0.3594534412302072,0.08175376509477822,0.480664807489201,0.0781279861858136
0.5374719001230419,0.46252809987695814,0.0,0.0
0.19833387322904153,0.30547945975792223,0.3545327476841151,0.14165391932892113
0.5737593110990803,0.38506483103883726,0.021376121387978488,0.019799736474104154
0.7913290723656804,0.2086709276343196,0.0,0.0
0.1210483666643863,0.638363581177147,0.1201964872750069,0.12039156488346003
0.2734229571188463,0.2958266867200825,0.21544581409010946,0.21530454207096156
0.2311901717806327,0.4639150601996152,0.15295602671843933,0.1519387413013128
0.5817712157421842,0.29027542861996436,0.11669790101904876,0.011255454618802795
0.3321406865859679,0.36481977398573745,0.2062046212250897,0.09683491820320485
0.9423101972866793,0.005801005844545238,0.05188879686877551,0.0
0.9614203425666792,0.020190337746961422,0.018389319686359425,0.0
0.7726249291767574,0.032141642690970085,0.16402300735470318,0.031210420777569498
0.9318117068039155,0.06000668973678188,0.008181603459302609,0.0
0.7302396569682668,0.024016402251877747,0.22713940417838657,0.01860453660146893
0.4674111205140284,0.3004655541702714,0.13721818905496064,0.09490513626073964
0.2886711345734605,0.5410743493261209,0.08574582888762984,0.08450868721278874
0.3832514890583487,0.6167485109416513,0.0,0.0
0.5864353868278519,0.41356461317214815,0.0,0.0
0.4793030892961749,0.2848117367655828,0.23588517393824235,0.0
0.49159928064783237,0.14352661510278228,0.26325534021952124,0.10161876402986413
0.5752781408156339,0.2534462710444041,0.08654939189667864,0.08472619624328337
0.8169983389185033,0.18300166108149674,0.0,0.0
0.8742208340609685,0.0710405183454236,0.054738647593607886,0.0
0.4442330054090608,0.3512577599766392,0.2045092346143,0.0
0.6815711900687704,0.31842880993122963,0.0,0.0
0.5830104063572166,0.23812544800334226,0.17886414563944122,0.0
0.7580504816089898,0.17094311506785564,0.07100640332315454,0.0
0.6769532196575582,0.32304678034244183,0.0,0.0
0.5844073659073469,0.35785005837381195,0.05774257571884111,0.0
0.4646321255945946,0.29832450191869,0.23704337248671542,0.0
0.41893221984691537,0.4256202073375799,0.15544757281550475,0.0
0.43206669801161707,0.43934206547392635,0.1285912365144567,0.0
0.5757709118497845,0.17254771299469446,0.25168137515552114,0.0
0.8829371259445573,0.06331690639794009,0.053745967657502565,0.0
0.9088325446936472,0.04555327378406329,0.04561418152228963,0.0
0.9354867640305496,0.034655457282121535,0.029857778687328872,0.0
0.9438298935607263,0.029053769358527094,0.02711633708074661,0.0
0.8667227477710769,0.08559864135293202,0.04767861087599117,0.0
0.24082864624726102,0.6296649978460965,0.12950635590664242,0.0
0.08767956039695049,0.17904176211862108,0.7332786774844284,0.0
0.6268903359359355,0.37310966406406454,0.0,0.0
0.693689832835213,0.30631016716478693,0.0,0.0
0.48847462231291533,0.31582815531324904,0.1956972223738356,0.0
0.27683954286873114,0.5750914594529717,0.1480689976782972,0.0
0.7652972980885432,0.11843421862190563,0.11626848328955121,0.0
0.8799481774331175,0.12005182256688243,0.0,0.0
0.981558115777427,0.006070985310409252,0.012370898912163695,0.0
0.18918437030170643,0.4352283427116958,0.18136589414395393,0.19422139284264378
0.3802412884915994,0.6197587115084006,0.0,0.0
0.02486476045923132,0.15084856470070293,0.7647105099768069,0.059576164863258854
0.16914268226081208,0.7778714087835599,0.05207707397916353,0.0009088349764645753
0.23148058148752365,0.7685194185124763,0.0,0.0
0.6160750265743646,0.3144031057150066,0.05305377507338196,0.016468092637246655
0.15434669558955447,0.5504182554289441,0.14870073751486138,0.14653431146664014
0.5770585810696472,0.3185684118064806,0.05189324006369664,0.05247976706017573
0.8475056279240941,0.0015406274829122078,0.12105608130457983,0.029897663288413916
0.9295655021239833,0.00020814138179815666,0.05269140653524357,0.01753494995897504
0.7599410819559422,0.20646952195639684,0.03358939608766089,0.0
0.7439957541199255,0.019915627558039408,0.21742043520089194,0.018668183121143152
0.9452394973211699,0.029287217757034956,0.025473284921795278,0.0
0.10475239934518589,0.47310483979561685,0.42214276085919716,0.0
0.28447378435626414,0.6089971084001008,0.053270615746651664,0.05325849149698334
0.9473048338039752,0.04058655456421581,0.006782095153420828,0.005326516478388078
0.25864505866299653,0.0418300779259454,0.65747714766354,0.042047715747517915
0.6413819269649804,0.35861807303501964,0.0,0.0
0.774187340415619,0.225812659584381,0.0,0.0
0.11473186959119139,0.7324379953951998,0.15283013501360881,0.0
0.24129567563878498,0.387406039639206,0.001468986743861439,0.3698292979781475
0.9318469897289738,0.010470928262559642,0.028842681232812046,0.028839400775654493
0.7963581458984557,0.2036418541015443,0.0,0.0
0.306315013820393,0.10314844546927811,0.5905365407103289,0.0
0.6480672752421577,0.14461211240249344,0.20732061235534896,0.0
0.6396104383804598,0.3603895616195402,0.0,0.0
0.17459597653984718,0.4482836816654411,0.3771203417947117,0.0
0.681155945774616,0.2799168253314906,0.03892722889389346,0.0
0.6495275032625922,0.35047249673740766,0.0,0.0
0.8043417882550983,0.09784368728501286,0.09781452445988882,0.0
0.6973625703235347,0.11082021526420711,0.19181721441225813,0.0
0.7356020923227163,0.1397802613448165,0.12461764633246719,0.0
0.7321446132211237,0.14839141315711418,0.11946397362176203,0.0
0.5656370401052271,0.28836895378975413,0.1459940061050188,0.0
0.9720513534778465,0.027503818275897242,0.0004448282462563288,0.0
0.9410292821064183,0.05801559483006001,0.0009551230635217668,0.0
0.9080740054263213,0.0508927791546523,0.04103321541902633,0.0
0.11550601334088245,0.452679319814629,0.4318146668444886,0.0
0.5545262276203874,0.06645258379496874,0.3790211885846439,0.0
0.2083319385096627,0.6124450356366848,0.17922302585365246,0.0
0.18501412175036655,0.45567599399711345,0.3593098842525201,0.0
0.3697163674441614,0.6302836325558385,0.0,0.0
0.5562144363882419,0.44378556361175814,0.0,0.0
0.21253871018899656,0.5969984983075254,0.19046279150347808,0.0
0.15215448566219475,0.4636740828577425,0.3841714314800628,0.0
0.18229308319074547,0.6276738561055099,0.19003306070374476,0.0
0.18418708537950607,0.8158129146204939,0.0,0.0
0.8036523823538827,0.08384089196717151,0.11250672567894582,0.0
0.46692072064282925,0.14413706331530407,0.005971072876098549,0.3829711431657682
0.6617672495697066,0.33823275043029344,0.0,0.0
0.9334102759822669,0.0399407881397907,0.004687193938937124,0.021961741939005092
0.0011080619002629766,0.08615479582440662,0.5474409149313328,0.36529622734399764
0.6835590412059435,0.3164409587940566,0.0,0.0
0.45992044006668253,0.44918859302793057,0.04699512107718093,0.04389584582820597
0.4562654349598506,0.29219155568147437,0.12559977673008585,0.12594323262858914
0.7003159756802455,0.12047192099112715,0.15743010640469332,0.021781996923934132
0.3345990989208179,0.1088383599486656,0.5544208836809139,0.002141657449602656
0.0835145615383406,0.08772793263825052,0.8196184770992382,0.009139028724170783
0.4241592257256554,0.5012389992491111,0.07460177502523363,0.0
0.31307837894254587,0.4281580532886702,0.1294862502021526,0.12927731756663144
0.8889276416617481,0.06645412115296268,0.04461823718528929,0.0
0.31934424269215594,0.5723161059063152,0.054172084648303934,0.05416756675322502
0.5051046905586172,0.32905746959312304,0.16583783984825962,0.0
0.9812008287583902,0.008676148548211554,0.0005595197100783595,0.009563502983319866
0.9518966532974709,0.004443533303209908,0.00021041736300449134,0.04344939603631493
0.4415601558970454,0.5584398441029547,0.0,0.0
0.7512691177860161,0.2487308822139839,0.0,0.0
0.7980377206437805,0.0565125453650919,0.14544973399112754,0.0
0.9470429226988339,0.0229387544540482,0.0010024628351577415,0.0290158600119602
0.11719583571993873,0.16571049303782084,0.7166053424887487,0.0004883287534917289
0.5714684877001978,0.42853151229980224,0.0,0.0
0.04767702256652122,0.7400632257363404,0.21225975169713843,0.0
0.5590103639352049,0.150299581698071,0.14494347007051125,0.14574658429621282
0.8147165468291937,0.18528345317080622,0.0,0.0
0.9485188656548482,2.4300802443964806e-5,0.04562492511025269,0.005831908432455141
0.7096043930918293,0.003166149379526479,0.04652644582997412,0.24070301169867
0.7412205275540459,0.2587794724459542,0.0,0.0
0.7602552212194347,0.08081616276665501,0.07934899717644273,0.0795796188374676
0.404467346697391,0.36830079227012014,0.11708232786727495,0.1101495331652139
0.478808728175717,0.31329727966151705,0.11445777306704535,0.09343621909572075
0.6768159587185043,0.2988480330093841,0.021621962971739506,0.0027140453003720454
0.8949185311297153,0.03337409189861079,0.0659012766221472,0.005806100349526762
0.7822075159974781,0.16160814263256934,0.05618434136995252,0.0
0.7074548106494167,0.09689692375761046,0.0996455562889246,0.09600270930404822
0.6520205371316647,0.19974455350136627,0.14823490936696904,0.0
0.9243944449191034,0.03481280314926145,0.02040014951827667,0.020392602413358486
0.1965205816148141,0.5930685277210545,0.2104108906641314,0.0
0.9681264388489625,0.0008674901015886235,0.020149767233345387,0.010856303816103354
0.9430835688893008,0.002372079656153219,0.000647269882268556,0.05389708157227755
0.8047721866984727,0.19522781330152725,0.0,0.0
0.7282160054503396,0.27178399454966046,0.0,0.0
0.7023532134050839,0.12327703743530298,0.17436974915961312,0.0
0.19074785377212705,0.7874651905491616,0.014372460172747192,0.0074144955059642255
0.009915504060383528,0.7161525179356482,0.21143088155704573,0.06250109644692249
0.5713092740267154,0.42869072597328456,0.0,0.0
0.5162709006119319,0.22543869506576933,0.25829040432229866,0.0
0.4899280648916632,0.09903801037967253,0.03835240336680373,0.3726815213618605
0.5940541317964931,0.4059458682035068,0.0,0.0
0.8633266064729009,0.025942565289653274,0.03759549571532387,0.07313533252212183
0.04470449255935629,0.026106117860269486,0.6658834988048903,0.2633058907754838
0.6071569073886076,0.3928430926113924,0.0,0.0
0.23958109591465965,0.24869762441271656,0.1366804519344076,0.37504082773821623
0.43757793169862963,0.16649081601955598,0.22450643344567336,0.17142481883614094
0.42726428460553684,0.1883673261593946,0.19481029937495256,0.1895580898601159
0.27707726050225995,0.0771716838104023,0.632667510881546,0.013083544805791726
0.0490691831478007,0.10031939960936115,0.8126425464919776,0.03796887075086041
0.37314050955268957,0.4987271156788251,0.12813237476848535,0.0
0.7522090513127909,0.11682479632774821,0.07334181501301679,0.057624337346444066
0.7782650034159193,0.16702746593531062,0.05470753064877004,0.0
0.2784988641635618,0.0750510749630826,0.6454439648577552,0.0010060960156003738
0.5048366698132081,0.3771429486231851,0.11802038156360671,0.0
0.9659876450130642,0.0020259701156690397,5.4810496570628975e-5,0.03193157437469618
0.9099505033601035,0.0050008995331217955,0.0004424594962272442,0.08460613761054744
0.8680636666209448,0.13193633337905517,0.0,0.0
0.31638510773677364,0.6836148922632262,0.0,0.0
0.9483509780569463,0.025875534177077827,0.02577348776597575,0.0
0.9718207386509484,0.009813891358001226,0.013605384658587127,0.004759985332463168
0.5179389513058891,0.06574957132683637,0.41580342863707376,0.0005080487302008835
0.9144705149237423,0.08552948507625761,0.0,0.0
0.07755794562353953,0.8299005199411111,0.09254153443534943,0.0
0.7005824501786948,0.29941754982130525,0.0,0.0
0.43722325537500245,0.5627767446249975,0.0,0.0
0.2933234852662695,0.7066765147337305,0.0,0.0
0.8760291923985426,0.12397080760145734,0.0,0.0
0.5258269619498023,0.4741730380501976,0.0,0.0
0.5017278644484056,0.4982721355515945,0.0,0.0
0.43976354549470176,0.5602364545052982,0.0,0.0
0.49741971937906143,0.5025802806209386,0.0,0.0
0.4784547137384579,0.5215452862615421,0.0,0.0
0.3662703281375791,0.633729671862421,0.0,0.0
0.43541443807849667,0.5645855619215033,0.0,0.0
0.623204644596977,0.37679535540302295,0.0,0.0
0.5560023619780137,0.4439976380219864,0.0,0.0
0.5834560836486945,0.4165439163513056,0.0,0.0
0.5952710330123474,0.4047289669876526,0.0,0.0
0.48271500538820095,0.5172849946117991,0.0,0.0
0.7529632377535033,0.24703676224649668,0.0,0.0
0.8526403034579962,0.14735969654200382,0.0,0.0
0.798883696489888,0.201116303510112,0.0,0.0
0.8863020180299448,0.11369798197005522,0.0,0.0
0.89225342424055,0.10774657575944996,0.0,0.0
0.16878444866043787,0.8312155513395622,0.0,0.0
0.7141154364957072,0.28588456350429287,0.0,0.0
0.619799479773884,0.38020052022611583,0.0,0.0
0.6421014349680081,0.357898565031992,0.0,0.0
0.4945951863721994,0.5054048136278005,0.0,0.0
0.2587844496428343,0.7412155503571657,0.0,0.0
0.9182210456243455,0.08177895437565451,0.0,0.0
0.5648903963827178,0.4351096036172821,0.0,0.0
0.5517855046125353,0.4482144953874648,0.0,0.0
0.48837012157307796,0.511629878426922,0.0,0.0
0.5559025863669538,0.4440974136330463,0.0,0.0
0.5108837462488993,0.4891162537511006,0.0,0.0
0.4547003609512902,0.5452996390487098,0.0,0.0
0.660981898238663,0.33901810176133707,0.0,0.0
0.70189211594184,0.2981078840581601,0.0,0.0
0.45991608581133814,0.5400839141886618,0.0,0.0
0.7702191085407317,0.2297808914592683,0.0,0.0
0.6717759348441417,0.3282240651558584,0.0,0.0
0.735104619281297,0.264895380718703,0.0,0.0
0.6893085030287581,0.31069149697124193,0.0,0.0
0.7521556391646673,0.24784436083533276,0.0,0.0
0.8151513876011371,0.1848486123988628,0.0,0.0
0.9513291239054106,0.04867087609458945,0.0,0.0
0.8707401571219792,0.12925984287802084,0.0,0.0
0.8374956907389591,0.16250430926104092,0.0,0.0
0.7671593784000658,0.2328406215999342,0.0,0.0
0.8791458452117462,0.1208541547882539,0.0,0.0
0.5980750891471962,0.23045974500076508,0.17146516585203875,0.0
0.6612874537394121,0.3387125462605879,0.0,0.0
0.942246970966531,0.049165513506852644,0.008587515526616364,0.0
0.47690587939576096,0.20692670787664402,0.316167412727595,0.0
0.4678476396015123,0.5321523603984877,0.0,0.0
0.44570183341669456,0.42979330195508225,0.12450486462822326,0.0
0.799354231459117,0.06263759469689544,0.13800817384398767,0.0
0.6697663623064558,0.18240635866221758,0.14782727903132678,0.0
0.4838332180736548,0.36650190298067403,0.14966487894567115,0.0
0.4001891422715467,0.47752345698687876,0.1222874007415744,0.0
0.5290727728187312,0.24957715544134873,0.22135007173992008,0.0
0.381325044349582,0.3852250107544186,0.23344994489599932,0.0
0.2777341072549705,0.564881891472905,0.15738400127212449,0.0
0.08913511236056322,0.7088819332927357,0.201982954346701,0.0
0.2271960128837065,0.5395533866856346,0.2332506004306589,0.0
0.23432574785350882,0.7233262779202468,0.04234797422624431,0.0
0.42552907509215154,0.5010908561455908,0.07338006876225775,0.0
0.9638000580486464,0.009580141747825231,0.026619800203528353,0.0
0.8081217020449383,0.19187829795506178,0.0,0.0
0.9451429555638837,0.054857044436116185,0.0,0.0
0.10397689820709849,0.8279773231160362,0.06804577867686545,0.0
0.8392619876884044,0.08099294709619138,0.0797450652154042,0.0
0.8463332202617919,0.1536667797382081,0.0,0.0
0.7465692609770991,0.18103078563541483,0.07239995338748603,0.0
0.43154084493699046,0.17850145737236817,0.21686095980284417,0.17309673788779714
0.6637692577059886,0.3362307422940114,0.0,0.0
0.9582365585758237,0.018488749602795063,0.017237809879793717,0.006036881941587588
0.03770083707668814,0.7440434214845354,0.1778426176512611,0.040413123787515326
0.44214303333436084,0.5578569666656391,0.0,0.0
0.28239674508863033,0.36675963116359706,0.25074589544665776,0.10009772830111488
0.5957529332211329,0.17138081346134845,0.11626863208002682,0.1165976212374919
0.5935024884654186,0.1511623815774987,0.1275472175984448,0.12778791235863787
0.41701706658012666,0.19333529182367118,0.3051814903865184,0.08446615120968376
0.10390405331450146,0.3428838254033294,0.10454552592278564,0.4486665953593835
0.5424039877733514,0.36260861497871427,0.09498739724793424,0.0
0.4847262887950098,0.26559309377267165,0.15959010556410222,0.09009051186821633
0.5589837705428933,0.3239149453174142,0.11710128413969247,0.0
0.2438775870991741,0.4755450441787547,0.0023750144261721353,0.27820235429589907
0.1275872904156526,0.4662559298210445,0.40615677976330294,0.0
0.9510463301329325,0.02377677706867901,0.016586633512288174,0.008590259286100362
0.06695302157640276,0.4735388772346372,0.42372607256806666,0.035782028620893386
0.9796877645854575,0.0069497762320682,0.00856946485271794,0.004792994329756384
0.8918171100291732,0.10818288997082683,0.0,0.0
0.8480685748893485,0.15193142511065152,0.0,0.0
0.34212506268020043,0.5396737524268088,0.11820118489299081,0.0
0.945707776527018,0.016026757381030727,0.002072255739588876,0.0361932103523624
0.8544623229671803,0.14553767703281978,0.0,0.0
0.632733547227309,0.34002207709983495,0.027244375672856085,0.0
0.6572444321964233,0.06332079477021674,0.04413416682471913,0.23530060620864088
0.4001765390643935,0.5998234609356066,0.0,0.0
0.019473240955272537,0.050301891857929465,0.7434052519891737,0.1868196151976242
0.7531242643017728,0.14748267512826221,0.09297164327760464,0.006421417292360233
0.7028263456858774,0.2971736543141226,0.0,0.0
0.4545444303565548,0.419919793798973,0.06303641188019551,0.06249936396427674
0.1962898867449955,0.19891790302078802,0.26057221473935377,0.3442199954948628
0.4049084547235342,0.32089092807722003,0.14631956976138907,0.12788104743785658
0.44214894033516905,0.4509727697503883,0.0534691057779291,0.053409184136513514
0.7238113156526625,0.264847635837378,0.0008313390745703965,0.01050970943538903
0.68779859894897,0.13937222368052307,0.17282917737050685,0.0
0.07614802691307943,0.43944267587152797,0.46376847980155583,0.02064081741383686
0.7339638699981532,0.1328075420775202,0.1332285879243266,0.0
0.888819119540738,0.04010419654107765,0.03098594724941236,0.04009073666877186
0.12643817033350221,0.6548875773982101,0.21867425226828766,0.0
0.31436538052147084,0.5678879675749448,0.0009739390054516844,0.11677271289813276
0.014903434239309154,0.6821073092511737,0.23707047758845534,0.06591877892106181
0.8115448746871469,0.03565412547323169,0.15247942478761695,0.00032157505200436706
0.2996061610464903,0.7003938389535097,0.0,0.0
0.8527204857805843,0.14727951421941574,0.0,0.0
0.03532331283631165,0.5764203717752703,0.388256315388418,0.0
0.981142413279271,0.0008082957495176638,0.008299997894544829,0.0097492930766665
0.7456267609141057,0.25437323908589426,0.0,0.0
0.9232862248045196,0.03837755876908851,0.03833621642639199,0.0
0.5523089299048605,0.44769107009513953,0.0,0.0
0.6086227150374457,0.3913772849625543,0.0,0.0
0.7932108453511082,0.2067891546488918,0.0,0.0
0.36475655185710865,0.6352434481428914,0.0,0.0
0.45926841808987445,0.5407315819101255,0.0,0.0
0.6229544068120404,0.3770455931879596,0.0,0.0
0.5944118634498808,0.4055881365501191,0.0,0.0
0.5723276500934144,0.4276723499065857,0.0,0.0
0.7793396454269813,0.22066035457301877,0.0,0.0
0.8345972410074963,0.16540275899250365,0.0,0.0
0.3330222669478837,0.6669777330521164,0.0,0.0
0.24410373177617198,0.755896268223828,0.0,0.0
0.8954700073445582,0.10452999265544186,0.0,0.0
0.7948062375648773,0.20519376243512275,0.0,0.0
0.1970003502065904,0.8029996497934095,0.0,0.0
0.7424549120943033,0.2575450879056968,0.0,0.0
0.6227513716928578,0.37724862830714234,0.0,0.0
0.8544849109155581,0.14551508908444175,0.0,0.0
0.6828835825468237,0.31711641745317626,0.0,0.0
0.8701056043950567,0.12989439560494329,0.0,0.0
0.8018575734715632,0.19814242652843686,0.0,0.0
0.7983129873784013,0.20168701262159863,0.0,0.0
0.8361728811564949,0.16382711884350512,0.0,0.0
0.9967770613086206,0.0032229386913793213,0.0,0.0
0.1458156936716132,0.6811403879750653,0.17304391835332145,0.0
0.47230093388021654,0.5276990661197836,0.0,0.0
0.7098216793485014,0.15232981427613665,0.13784850637536195,0.0
0.15318302679742968,0.33797711802004154,0.5088398551825288,0.0
0.6712931026631058,0.3287068973368942,0.0,0.0
0.5827892490792087,0.17668575355964464,0.24052499736114666,0.0
0.505218913654703,0.3221212146884528,0.17265987165684438,0.0
0.4342279246978858,0.26902364679519886,0.2967484285069154,0.0
0.3972973041570234,0.1483448797640385,0.454357816078938,0.0
0.28683687311896083,0.5911320836677167,0.12203104321332246,0.0
0.8323163085058196,0.1434738997231565,0.02420979177102387,0.0
0.9196043900067612,0.05880694005080558,0.021588669942433133,0.0
0.9589119613032511,0.02397566784202161,0.017112370854727433,0.0
0.14827188233431676,0.7881928103407941,0.06353530732488907,0.0
0.8100505847516659,0.12969196312109324,0.060257452127240915,0.0
0.04311714453781857,0.6989908749973749,0.2578919804648065,0.0
0.16194591884653156,0.764853249289921,0.07320083186354734,0.0
0.03014694222257575,0.5684784521294205,0.40137460564800376,0.0
0.7238306496120651,0.2761693503879349,0.0,0.0
0.832318271051263,0.16768172894873704,0.0,0.0
0.2991206903245564,0.48070489895457047,0.22017441072087307,0.0
0.9380614523177172,0.011458780383483462,0.050479767298799355,0.0
0.8358800950002646,0.08246430796312022,0.0816555970366152,0.0
0.982567799693656,0.017432200306343886,0.0,0.0
