---flow_allocation with alpha---
0.09799325430149824
0.10593171364434983
0.007481201933893476
0.014004244780528013
4.040472695104687e-10
0.21309246401118917
0.03821509085358084
3.055913475264478e-13
1.3299260475011256e-12
1.870508539750985e-13
1.692480669317394e-13
1.3228391808782108e-13
5.88581993311739e-13
2.189269627473779e-13
0.09533077671776773
0.04676747631090892
0.09882050055380212
2.0493720083606726e-13
4.4172223385611374e-13
1.0394988906535555e-12
1.8444653898045123e-9
2.635705362260008e-13
1.5722926136319757e-13
2.0594054146589075e-13
0.19585637892686156
0.14491461025693683
0.04395789873402363
2.795623446961991e-13
0.05065954612768505
0.0789377075093812
0.14521398138095803
5.861889481589356e-13
0.0026111322978204653
8.280251814340413e-14
8.355647045961003e-14
8.868411405202774e-14
1.39224407998828e-13
9.559410905921075e-14
4.844995092491179e-13
1.5702352468799214e-12
1.2334452303943522e-12
1.2530516172839342e-13
1.8177458967428023e-13
2.9678731943744243e-13
2.3619654200958545e-13
1.1693605844411599e-13
1.1272301446388468e-13
8.803940893851167e-14
0.004791938104042499
0.17381405372839062
0.17774921584836598
2.3400371180230035e-13
1.2091425788630248e-11
0.12169959942460004
0.11942276339695979
0.01684656331127966
0.15929392089791322
2.532983727868407e-13
4.773546439096634e-13
2.547127289459038e-13
0.029036996693867285
4.4143107246877334e-13
0.11202607884933617
0.073669789295041
0.020065346516526375
0.09516642814040269
0.03581851584602948
0.0033685214562093387
0.17642720735499928
5.497954576912241e-8
6.387714901901763e-13
6.973734554453516e-13
0.07889804144697934
0.1258349889983873
0.14020370238649973
2.6834409395005343e-11
0.06514245160948717
0.1300831999213303
9.52272056186159e-12
0.1646853325601492
0.05413325555071576
1.7671778653288992e-13
2.8927865454487343e-13
1.950968826107629e-13
0.10745707821084223
2.6726222610137153e-13
4.3674845763393456e-13
0.06855325780810977
0.12605927260373423
1.2500411465723887e-13
1.536704584501479e-13
7.495204662018268e-12
8.809281855006989e-13
0.034530245565505074
1.9095687361510317e-13
2.6436476741384206e-13
0.1560451875472468
4.929727053369192e-13
4.4609997611987035e-13
4.649127244276415e-13
0.20513959417777808
4.918379350268498e-13
0.045858935350753804
1.4838271657086095e-12
0.05933434388122873
5.819627732340135e-13
1.030746240575831e-12
6.512534149925038e-13
0.04593344758272401
0.031155680890137358
2.757844572587604e-13
2.562363320615879e-13
0.04821257016207831
1.0390255481549642e-13
1.1265483876095961e-13
2.780258770161901e-13
1.183662042319166e-13
3.942379043089665e-13
1.5474461026889524e-13
3.0252637998357013e-13
4.516766388651911e-13
1.6480913731026607e-13
2.3884032375061372e-8
0.20362189761855523
0.11219076825678043
3.485969370539756e-13
0.19585728293068383
0.1418501615972382
0.1335780757227688
0.057823651925072585
0.08296996999761044
0.015677670416697993
0.05555658601361207
0.16196932393276076
4.788524512946695e-11
0.1493126012183766
2.9702903618033244e-13
1.354721579163831e-13
1.6240826151082302e-13
2.075643569836303e-13
1.9218126261044261e-13
3.392458956466554e-12
1.9852070846309348e-13
2.668452027020773e-13
0.1484059649359708
0.01798181725666157
0.1117632380639293
0.056539596539924554
0.18381758551579808
0.06019547768321221
0.05810377091646656
0.08814188287019648
0.13608451594002133
1.9039466232170373e-13
2.1366891766897583e-13
1.3850584029109957e-13
5.377444593031848e-13
2.246378587605659e-13
4.4483583179081867e-13
2.4917211812714464e-6
1.506326747023282e-8
2.0950678767652162e-13
4.5039400551387615e-13
0.06610163621035176
3.580932189728445e-13
2.513447842640461e-13
9.712539427258745e-14
2.0194194849953538e-13
0.17877104292331325
0.13260624949473554
2.158634548447786e-12
9.67165178206108e-13
0.1369943999156812
0.037753801140211304
0.20220998097201667
0.13124795757583096
4.3987025343020553e-10
3.6124707575251184e-13
1.2722249506965574e-12
1.5717212657295568e-10
4.706272401638125e-13
3.7040748764699086e-13
2.142944282411026e-13
4.74199105031156e-13
3.555329802653809e-13
7.058839772508488e-14
7.92971391629227e-14
3.3533382413632285e-13
2.1155956353187407e-13
3.6405095811438805e-13
1.1700976385883514e-13
1.6854651536826014e-13
3.408178243036742e-13
4.92004107314689e-13
0.1367060561779993
0.06677695434362668
0.04071015144753991
0.09136461948938655
9.719466081307761e-11
0.056281838264896224
0.0012628119793707093
0.040484435089400576
0.07333054492281973
0.020123354862433177
0.036595320241969057
0.0008976037203404413
0.10918451169276686
0.0012267930542005732
0.1304555412637552
1.535787588718255e-13
1.847190475735144e-13
3.956907144952119e-11
9.668389180019823e-13
0.06365463629524266
0.02481827776774617
4.096296231907206e-11
4.119760216414967e-13
1.1557623644388926e-12
0.027277371155303435
0.17886643064620264
0.15029735340940864
0.10359307919326698
2.8570178325117784e-12
0.05985900300399464
0.08306915899263263
1.4800232587258837e-12
4.903322401257383e-13
7.526778081555797e-13
0.15402860719998554
7.745099196385269e-13
0.11802231387775862
0.17000890701734006
0.07429345342073726
1.9089947507362397e-13
4.0269626448230174e-13
1.608681378563159e-10
0.09653931577703133
0.15414237119097998
0.12132533567618405
1.178625418047989e-10
1.5729957927794195e-13
1.0771809297822893e-13
2.9141866233774953e-13
5.615776221037763e-13
0.014581605942949685
0.036535384788552394
1.4878063290677217e-13
2.9088563351062682e-12
1.1732744848778414e-8
4.183555003090054e-9
0.11123295611810884
0.20415613316133466
0.02189907072610146
0.05937693306996983
4.903363002207499e-9
1.051657722901544e-12
0.052832735477619776
1.2624287518318147e-13
1.2148117976928521e-13
4.1251837354950443e-13
2.516899605144515e-13
0.08958554802991196
2.3937892388001686e-13
2.7848885567406073e-8
1.524115868550949e-13
8.196904643341603e-14
3.9026914895916276e-13
9.2177667265093e-13
3.6704912695056417e-13
0.07878559970852307
1.5705840105204608e-13
4.3401276885684506e-13
0.04092286170876106
0.06550929188921109
0.07143620343626848
0.0014456760870174509
0.15170092494166196
0.1932936954988342
0.06752198766649486
2.01521038812499e-12
0.05796908640987202
1.2776908460788713e-13
1.2243473128730188e-13
4.1726018828138315e-13
2.6027247183747397e-13
5.181903379523789e-13
3.5299292537452406e-13
1.1411612810335167e-11
1.0772478927515768e-13
7.070605060187787e-14
3.3172534351242506e-13
1.1193606563184088e-11
1.491186307385513e-13
0.14697434268783885
9.54873406174006e-14
2.0395436940119897e-13
2.381107977678173e-13
3.583000170216594e-13
0.11204522646342825
0.022635142445737645
0.12771889883071472
0.09059334293868052
0.043302507021682125
3.663066557623614e-13
6.603636671767256e-11
1.5703294638630963e-13
1.6551644262317836e-13
1.9994008316852065e-13
2.580626769721283e-13
0.0443112893927928
0.1320950474078438
0.12887787525697805
3.589128289883826e-13
2.3893854366983543e-13
0.024150908866788324
0.20632116004301895
0.01703634896792555
0.20491783199568772
2.593398572233807e-13
2.941260384494364e-10
0.018856671308276802
0.1819228006060599
0.06644920273561833
0.10343993424944938
0.10762972411269815
0.06974645623248821
0.12197246460794721
0.16135272933621744
0.027773056540029286
0.017573234950839914
1.6151539647586106e-9
0.024693078741297524
0.013699892684591054
0.046356837218925376
0.03882597855563267
0.054735045158243296
1.473500069665782e-13
9.145349893193788e-14
3.074244208434235e-13
2.701909023157368e-13
1.8541455364950227e-13
0.18209553229936007
1.368720501339631e-13
0.02281810744099507
5.589266130661833e-13
0.08738412286180589
0.1896083397684135
0.06738850958123174
0.14168337466436012
0.02183782895109903
7.125670911722731e-13
2.0801056714688076e-12
4.592764618725648e-13
9.551481973802239e-14
9.292562414509678e-14
4.2786031052321785e-13
2.4281412919490997e-13
4.3797650283343713e-13
1.7155226694835217e-13
2.867012690331495e-13
8.448482878783812e-13
0.027404163827758538
0.1704400168253868
8.083441877281338e-11
1.5952726016453335e-13
3.574542364758272e-12
5.302705468687882e-13
3.516887690830354e-13
0.0346032305286109
0.012281817307497904
1.2901003938862658e-12
1.2919645130635569e-11
0.1300529462824174
0.1701596350176655
1.985585158872771e-12
0.21149129244118006
0.08887432333038707
0.08495319928504483
0.13843649866164312
0.1369720492288205
0.19483713135806077
0.07851993032903666
5.234331401588282e-11
9.117131713214738e-8
4.4833237294986706e-13
9.509294157759214e-12
0.1485030047240483
9.289960608979898e-8
1.6735024445171233e-13
7.936004110325562e-9
0.03277205332993229
3.7543283242999684e-13
0.1420744722441235
0.1509136280128448
0.12570967002129388
0.08192877860275388
3.3345616350421254e-13
0.026950757922478676
1.4192345085808017e-12
0.1256209403305815
0.07037318868982052
0.1656225043524667
1.9417073609812875e-8
0.11441053141203385
0.06059450352797055
0.07119002525985124
2.2143648676938914e-13
9.795253563278314e-13
1.213893741593859e-12
0.023903610982208955
0.027870933368682963
7.216747847735146e-13
1.4238391435789893e-13
3.7815132142364586e-13
0.15513977356237235
3.0623863924748103e-13
8.630518810218983e-13
0.10562756739682252
6.128809919138026e-13
0.07611697209214745
0.01933156224539861
0.1336434048098081
5.686887075306966e-13
0.027325802323041107
0.07028768666904507
0.09903527476370336
0.13842541118104015
0.05486806668724422
0.08736734857706463
0.18489523047624448
6.389243136436337e-11
1.0765806038950953e-12
3.2769425864941803e-13
2.7756140205177085e-13
0.02672538463308897
2.6555418852831647e-13
9.763903911390952e-14
1.617158924529778e-13
2.881774947921402e-13
1.1461564512756274e-13
1.6125902419682775e-13
2.738944364481203e-13
1.5349434351707373e-13
1.9482541505767743e-13
2.325555370598982e-13
0.033282448149721436
1.3254499744163216e-13
0.20397057782203673
0.08791436973744853
0.07099929504080187
4.299772843524782e-13
0.05072433040996767
0.19444496110730974
0.0015710922569408716
4.920688827978213e-13
6.110735964111391e-13
0.010394491665313485
7.260374140068536e-13
0.03951115577651326
0.14022045115501672
1.0664465097974425e-13
1.8456296347477428e-13
8.702028827628406e-13
1.5399388899576152e-13
1.9022583569424406e-13
2.9502043039425064e-13
1.3715263436358344e-13
1.585455302764033e-13
2.303568952657657e-13
0.0724418430852396
1.2653635442897135e-13
0.09145815151902344
0.0560754995555215
0.04511090232128403
1.3140729895580641e-12
0.058428164317683294
0.09681662420194499
4.42315849360744e-13
1.5132885831620048e-13
4.4326117343974944e-13
1.0860125867974195e-12
1.1616666077209e-12
0.008274451113108075
3.552939816905041e-13
1.1054429351096508e-13
2.6438648109288494e-13
7.564466358063801e-13
1.9336679182962206e-13
3.0488312800477815e-13
0.05572618378826859
1.33614211870836e-13
1.6620351523944977e-13
1.7648956099275814e-13
1.1848688226628075e-12
1.8626245207879107e-13
0.11841428583751222
0.005387420189921076
0.11398497142814314
2.8223835984181835e-12
0.03632868766275209
0.15063225769414185
2.268836430737723e-12
2.1244825915108192e-13
2.0033168003105216e-13
1.5271225901012567e-10
5.433307754144025e-12
0.18182925295126628
9.906907956656755e-13
1.1281955694840401e-13
3.949456356386316e-13
0.00029001156101107425
2.5508435537555877e-13
3.489364588379704e-13
0.043714771333455506
2.6681464730770953e-13
4.2308780085260653e-13
2.0403386686891736e-11
2.706304792914263e-7
2.887692914643942e-13
0.10700611549079614
0.17550540111794347
0.020538773318250495
0.18794878964045944
0.19637971077192123
0.04425031565391954
0.20860152664425996
0.028565380780152038
0.16747930183484303
2.926566904417415e-13
1.941458636190997e-13
0.02509517395910179
0.014045919982580939
1.6172434682576854e-13
0.02106678682178099
2.544865863831366e-13
2.989882221154072e-13
0.10967260016075876
0.09303971513492139
0.03242646613998517
0.05690413730702703
0.10961295779319202
0.14218982371979974
4.484486640869429e-11
0.1378698128705222
0.03910845808502737
0.06837203225824119
0.01933302972971169
7.726393331374664e-13
1.2933848173597476e-10
0.15927167905572304
0.046659825818528074
0.04321187823264766
7.859769645365536e-14
1.0612082387701317e-13
2.524974005268331e-13
1.7804667059097164e-13
8.677733537266198e-14
1.984334194949154e-13
1.0182047111812173e-13
1.0080736738588289e-13
2.0606011256201315e-13
0.09699120809511956
5.215288535193265e-13
0.017375020218415315
0.0017133652951551726
0.11379928894578797
5.323548072609911e-13
2.2958220547862407e-13
2.001609586693029e-13
0.0891035598835915
1.841400167283321e-13
1.1246582513057675e-13
2.7889812761554886e-13
1.2298053260636628e-8
0.04943164550859473
0.17993630242905062
1.325513953346965e-13
8.130408954716643e-14
4.167239426264364e-12
2.5029639968447214e-13
9.170806332282329e-14
2.9772346879680603e-13
1.2945956949855765e-13
1.3580549285943705e-13
2.4623487126226216e-13
1.8044839893592806e-10
4.996931215430838e-13
0.0352633608445406
0.09712690721700831
0.06322113291499891
4.779962756759443e-13
3.842505550037417e-13
1.3447267469727478e-12
1.1766289778404578e-8
1.634008662960444e-13
1.5650766117603055e-13
2.068518653309508e-13
0.1314786883373126
0.0981161050727828
0.03513891651369115
---flow_allocation with ell_k_beta---
0.09799325585405713
0.10593171532268192
0.007481202052422109
0.014004245002404658
4.04047275912003e-10
0.21309246738732562
0.038215091459042706
3.055913523680929e-13
1.3299260685718465e-12
1.8705085693864398e-13
1.6924806961322593e-13
1.3228392018366504e-13
5.885820026369544e-13
2.189269662159534e-13
0.09533077822814356
0.046767477051870746
0.0988205021194675
2.0493720408299557e-13
4.4172224085455235e-13
1.0394989071228855e-12
1.8444654190273516e-9
2.63570540401888e-13
1.5722926385426378e-13
2.0594054472871553e-13
0.1958563820299176
0.14491461255289553
0.04395789943047183
2.79562349125453e-13
0.050659546930310995
0.07893770876003299
0.14521398368165986
5.861889574462367e-13
0.0026111323391900133
8.280251945528816e-14
8.355647178343932e-14
8.868411545709699e-14
1.3922441020463381e-13
9.55941105737587e-14
4.844995169252996e-13
1.5702352717579878e-12
1.2334452499364764e-12
1.2530516371366928e-13
1.8177459255423105e-13
2.967873241396007e-13
2.36196545751772e-13
1.1693606029679573e-13
1.1272301624981493e-13
8.803941033336652e-14
0.004791938179963705
0.17381405648221848
0.1777492186645407
2.3400371550974476e-13
1.2091425980201094e-11
0.12169960135275107
0.1194227652890377
0.016846563578188662
0.15929392342169096
2.532983767999806e-13
4.773546514726452e-13
2.547127329814521e-13
0.029036997153915757
4.41431079462599e-13
0.1120260806242245
0.07366979046223038
0.020065346834432257
0.09516642964817468
0.035818516413521136
0.003368521509578603
0.1764272101502287
5.497954664019239e-8
6.387715003105703e-13
6.973734664942077e-13
0.0788980426970027
0.1258349909920575
0.14020370460782103
2.6834409820157062e-11
0.06514245264157344
0.13008320198230713
9.522720712735082e-12
0.16468533516934591
0.054133256408377524
1.7671778933272314e-13
2.8927865912806795e-13
1.9509688570178585e-13
0.10745707991334147
2.672622303357481e-13
4.3674846455357104e-13
0.06855325889423523
0.12605927460095787
1.2500411663774508e-13
1.5367046088483015e-13
7.495204780768755e-12
8.809281994577094e-13
0.03453024611258599
1.9095687664053378e-13
2.643647716023127e-13
0.15604519001955314
4.929727131473462e-13
4.4609998318766784e-13
4.649127317934994e-13
0.20513959742791302
4.91837942819298e-13
0.04585893607732114
1.483827189217667e-12
0.05933434482129407
5.819627824543571e-13
1.030746256906488e-12
6.512534253106556e-13
0.04593344831047188
0.031155681383753263
2.757844616281592e-13
2.5623633612127544e-13
0.048212570925935526
1.0390255646167947e-13
1.1265484054580972e-13
2.780258814211009e-13
1.1836620610725489e-13
3.9423791055508583e-13
1.5474461272059582e-13
3.025263847766553e-13
4.516766460213426e-13
1.6480913992142426e-13
2.3884032753468713e-8
0.20362190084464452
0.11219077003427802
3.48596942576981e-13
0.1958572860337542
0.14185016384464524
0.1335780778391168
0.057823652841203235
0.08296997131214749
0.015677670665087604
0.0555565868938244
0.16196932649892629
4.7885245888138186e-11
0.149312603584015
2.970290408863203e-13
1.3547216006274006e-13
1.6240826408394287e-13
2.0756436027218205e-13
1.9218126565527186e-13
3.3924590102150728e-12
1.985207116083619e-13
2.6684520692984677e-13
0.14840596728724487
0.017981817541557
0.1117632398346533
0.05653959743571124
0.18381758842811718
0.06019547863692096
0.05810377183703529
0.08814188426667488
0.1360845180960802
1.9039466533822692e-13
2.1366892105424533e-13
1.3850584248552075e-13
5.377444678229542e-13
2.2463786231962214e-13
4.448358388385877e-13
2.491721220749101e-6
1.506326770888812e-8
2.095067909958483e-13
4.503940126497062e-13
0.06610163725763489
3.580932246463045e-13
2.513447882462343e-13
9.712539581139637e-14
2.0194195169900831e-13
0.1787710457556773
0.13260625159568637
2.1586345826481736e-12
9.671651935294167e-13
0.13699440208615582
0.03775380173836471
0.20220998417573618
0.13124795965526168
4.398702603993023e-10
3.6124708147594004e-13
1.2722249708530894e-12
1.571721290631167e-10
4.706272476202084e-13
3.7040749351555236e-13
2.142944316362824e-13
4.741991125441428e-13
3.555329858982777e-13
7.058839884345415e-14
7.929714041926917e-14
3.353338294491937e-13
2.11559566883724e-13
3.6405096388223965e-13
1.1700976571268262e-13
1.685465180386316e-13
3.4081782970343097e-13
4.920041151097699e-13
0.13670605834390556
0.06677695540160924
0.040710152092532335
0.09136462093692448
9.719466235298396e-11
0.056281839156599116
0.0012628119993781063
0.040484435730816865
0.0733305460846343
0.020123355181258115
0.03659532082176804
0.0008976037345616512
0.10918451342263473
0.0012267930736373034
0.13045554333063122
1.535787613050549e-13
1.8471905050011583e-13
3.956907207643489e-11
9.668389333201218e-13
0.06365463730375669
0.024818278160955252
4.09629629680699e-11
4.119760281686504e-13
1.1557623827502462e-12
0.027277371587473235
0.17886643348007797
0.15029735579064898
0.10359308083454684
2.857017877777021e-12
0.05985900395237244
0.08306916030874119
1.4800232821746739e-12
4.903322478943309e-13
7.526778200806517e-13
0.1540286096403421
7.745099319094967e-13
0.11802231574764847
0.17000890971088098
0.07429345459780769
1.9089947809814516e-13
4.026962708624314e-13
1.6086814040503475e-10
0.0965393173065547
0.15414237363313898
0.12132533759840541
1.178625436721574e-10
1.5729958177012225e-13
1.0771809468486356e-13
2.914186669548493e-13
5.615776310011471e-13
0.014581606173973768
0.036535385367401786
1.487806352639823e-13
2.9088563811928154e-12
1.1732745034666487e-8
4.183555069372325e-9
0.1112329578804313
0.20415613639588812
0.02189907107306
0.05937693401070994
4.903363079894068e-9
1.0516577395635128e-12
0.052832736314676707
1.2624287718331401e-13
1.2148118169397572e-13
4.1251838008525085e-13
2.516899645021084e-13
0.08958554944926311
2.3937892767262356e-13
2.7848886008630674e-8
1.5241158926983217e-13
8.196904773209492e-14
3.90269155142403e-13
9.217766872551249e-13
3.6704913276591736e-13
0.07878560095676493
1.570584035404053e-13
4.3401277573313857e-13
0.04092286235712357
0.0655092929271094
0.07143620456806998
0.0014456761099220607
0.15170092734513982
0.1932936985612883
0.06752198873628137
2.0152104200530323e-12
0.05796908732830687
1.2776908663220024e-13
1.2243473322709997e-13
4.172601948922567e-13
2.602724759611082e-13
5.181903461623421e-13
3.529929309671774e-13
1.1411612991135375e-11
1.0772479098189842e-13
7.070605172211117e-14
3.317253487681249e-13
1.1193606740530309e-11
1.4911863310111653e-13
0.14697434501643097
9.548734213025697e-14
2.0395437263255575e-13
2.381108015403324e-13
3.5830002269839576e-13
0.11204522823861995
0.02263514280435816
0.12771890085423268
0.0905933443739987
0.04330250770774661
3.663066615659512e-13
6.603636776392159e-11
1.5703294887426552e-13
1.6551644524554278e-13
1.99940086336277e-13
2.580626810607516e-13
0.04431129009483996
0.1320950495006954
0.1288778772988583
3.589128346748281e-13
2.3893854745546497e-13
0.024150909249423928
0.20632116331187406
0.01703634923784142
0.20491783524230917
2.59339861332239e-13
2.941260431094306e-10
0.018856671607033006
0.1819228034883589
0.06644920378840814
0.10343993588830289
0.10762972581793272
0.06974645733751815
0.12197246654042139
0.16135273189261393
0.02777305698005249
0.017573235229261956
1.6151539903483478e-9
0.02469307913252301
0.01369989290164569
0.04635683795338123
0.03882597917077315
0.05473504602543953
1.4735000930112218e-13
9.145350038088396e-14
3.0742442571411097e-13
2.7019090659651396e-13
1.8541455658712297e-13
0.18209553518439578
1.368720523024993e-13
0.0228181078025144
5.589266219215527e-13
0.08738412424627869
0.18960834277247857
0.06738851064890349
0.14168337690912464
0.021837829297087285
7.125671024618499e-13
2.08010570442502e-12
4.592764691491244e-13
9.551482125131412e-14
9.292562561736653e-14
4.278603173020347e-13
2.4281413304194247e-13
4.379765097725302e-13
1.7155226966634533e-13
2.8670127357550917e-13
8.448483012637588e-13
0.02740416426193718
0.17044001952575796
8.083442005351577e-11
1.59527262692008e-13
3.5745424213916346e-12
5.302705552701445e-13
3.5168877465502634e-13
0.03460323107684815
0.012281817502085223
1.2901004143260076e-12
1.2919645335328331e-11
0.13005294834291492
0.17015963771359446
1.985585190331445e-12
0.2114912957919483
0.08887432473846991
0.08495320063100323
0.13843650085496567
0.13697205139894103
0.19483713444496836
0.07851993157306938
5.2343314845185585e-11
9.117131857662271e-8
4.4833238005303364e-13
9.509294308419982e-12
0.14850300707685982
9.28996075616565e-8
1.6735024710313063e-13
7.936004236059866e-9
0.03277205384915725
3.754328383781775e-13
0.14207447449508442
0.1509136304038491
0.12570967201297858
0.0819287799007948
3.334561687873347e-13
0.026950758349473768
1.4192345310664836e-12
0.1256209423208604
0.07037318980478012
0.1656225069765115
1.9417073917447826e-8
0.11441053322470031
0.06059450448800127
0.0711900263877524
2.2143649027772435e-13
9.79525371846969e-13
1.2138937608262186e-12
0.02390361136092649
0.02787093381025688
7.216747962073893e-13
1.4238391661376248e-13
3.7815132741489697e-13
0.15513977602033371
3.0623864409938156e-13
8.630518946956851e-13
0.10562756907033587
6.128810016239998e-13
0.07611697329810883
0.019331562551678762
0.13364340692719115
5.686887165407321e-13
0.027325802755978228
0.07028768778265002
0.09903527633277152
0.13842541337418704
0.054868067556547974
0.08736734996127168
0.18489523340563727
6.38924323766449e-11
1.0765806209519304e-12
3.2769426384125123e-13
2.7756140644932274e-13
0.026725385056513354
2.6555419273563177e-13
9.76390406608564e-14
1.6171589501512809e-13
2.881774993578885e-13
1.1461564694347894e-13
1.6125902675173963e-13
2.738944407875745e-13
1.5349434594896567e-13
1.9482541814439938e-13
2.3255554074439837e-13
0.033282448677032846
1.3254499954161256e-13
0.20397058105365032
0.08791437113032231
0.0709992961656812
4.299772911648354e-13
0.05072433121362002
0.19444496418800397
0.0015710922818325162
4.920688905939285e-13
6.110736060927008e-13
0.010394491829998907
7.260374255098477e-13
0.03951115640250937
0.14022045337660338
1.0664465266937177e-13
1.8456296639890278e-13
8.702028965499244e-13
1.5399389143556802e-13
1.9022583870809245e-13
2.9502043506841513e-13
1.3715263653656507e-13
1.5854553278832389e-13
2.303568989154317e-13
0.07244184423297398
1.2653635643375365e-13
0.09145815296804324
0.056075500443955255
0.04511090303599988
1.3140730103776165e-12
0.05842816524339156
0.0968166257358619
4.423158563685876e-13
1.513288607137835e-13
4.4326118046257035e-13
1.0860126040036905e-12
1.1616666261257978e-12
0.008274451244204574
3.552939873196143e-13
1.1054429526237671e-13
2.643864852816996e-13
7.564466477911636e-13
1.9336679489323427e-13
3.048831328352026e-13
0.05572618467116795
1.336142139877565e-13
1.6620351787269984e-13
1.7648956378897546e-13
1.1848688414353103e-12
1.8626245502984545e-13
0.11841428771361229
0.005387420275276819
0.11398497323406724
2.8223836431346974e-12
0.03632868823832667
0.15063226008068825
2.268836466684097e-12
2.1244826251701188e-13
2.0033168320501275e-13
1.5271226142962666e-10
5.43330784022679e-12
0.18182925583208315
9.906908113617132e-13
1.1281955873586384e-13
3.949456418959639e-13
0.00029001156560588056
2.550843594169949e-13
3.4893646436635504e-13
0.043714772026051715
2.668146515349949e-13
4.2308780755581003e-13
2.0403387010153366e-11
2.70630483579168e-7
2.887692960395186e-13
0.10700611718615054
0.17550540389856822
0.020538773643657127
0.18794879261823136
0.1963797138832687
0.044250316355000666
0.2086015299492441
0.028565381232728452
0.16747930448830606
2.92656695078456e-13
1.9414586669505516e-13
0.025095174356697884
0.014045920205117867
1.6172434938805278e-13
0.02106678715555322
2.5448659041510197e-13
2.989882268524355e-13
0.10967260189835969
0.09303971660899873
0.0324264666537348
0.05690413820858933
0.10961295952984801
0.1421898259725882
4.484486711919519e-11
0.13786981505486645
0.03910845870464333
0.06837203334149541
0.01933303003601509
7.726393453787994e-13
1.2933848378515262e-10
0.15927168157914837
0.04665982655778434
0.04321187891727627
7.859769769892018e-14
1.0612082555834144e-13
2.524974045272828e-13
1.7804667341185907e-13
8.677733674752115e-14
1.9843342263880088e-13
1.0182047273131723e-13
1.0080736898302725e-13
2.0606011582673236e-13
0.0969912096318025
5.215288617821836e-13
0.01737502049369694
0.001713365322300924
0.11379929074877021
5.323548156953694e-13
2.295822091160162e-13
2.0016096184055868e-13
0.08910356129530626
1.8414001964575966e-13
1.1246582691243221e-13
2.788981320342792e-13
1.229805345548118e-8
0.0494316462917664
0.1799363052798765
1.3255139743477827e-13
8.130409083531006e-14
4.167239492288138e-12
2.502964036500502e-13
9.170806477580257e-14
2.977234735137962e-13
1.2945957154965396e-13
1.358054950110752e-13
2.4623487516349125e-13
1.8044840179486733e-10
4.996931294599859e-13
0.035263361403236645
0.09712690875584121
0.06322113391664472
4.779962832490918e-13
3.842505610916262e-13
1.3447267682779638e-12
1.176628996482412e-8
1.6340086888489063e-13
1.5650766365566408e-13
2.0685186860821417e-13
0.1314786904203989
0.09811610662728806
0.03513891707041557
---flow_allocation with per_flow_loss---
0.29267772999999997
0.31638763
9.421595448255715e-13
1.5232259897857148e-13
1.2056570464213934e-9
0.63644604
0.11413751000000001
6.217248937900877e-13
2.6537105846102804e-12
2.9809488211185453e-13
3.532729664357248e-13
2.4580337765200966e-13
1.0292877661299826e-12
3.0109248427834245e-13
0.28472567349062333
0.13968103112842345
1.220579193272897e-12
3.4705571749782393e-13
2.3034352203410435e-13
1.8307126647965077e-12
5.508552003430367e-9
4.94326801714351e-13
1.3233858453531866e-13
3.389510894180603e-13
0.5849668
0.1840355001709847
0.13128962915582063
4.980738044224609e-13
1.8313128791191957e-13
0.23576428000000002
0.2774503474673484
1.5640821970919205e-12
0.00779870287047546
1.0630385460785874e-13
9.658940314238862e-14
8.459899447643693e-14
1.645350522494482e-13
1.0613732115416497e-13
1.0849932063905499e-12
1.5998313784848506e-13
4.1810999107383395e-13
1.8707257964933888e-13
1.9095836023552692e-13
3.7569947153315297e-13
2.2691570844557418e-13
1.5942802633617248e-13
1.167399510393352e-13
9.747758156208874e-14
0.014312144
4.739183934177049e-9
0.5308859
2.949862576429041e-13
2.733091530870979e-11
0.2846535111621229
1.6527890167594705e-12
0.05031585024245233
0.47576523
5.459868668289403e-13
1.0357825708240398e-12
4.692912725090537e-13
0.08672517653167526
5.559441795810471e-13
0.33458974999999996
0.22003052
0.059929432
0.13998713099865134
0.1069796281842048
0.01006080694280994
0.5269374400000001
1.6420660281513122e-7
1.544903094341521e-12
1.6855405959859127e-12
0.23564580885391373
0.37583300194586533
0.4187482255238088
7.997658091341009e-11
0.19456180937747292
0.3885211888864573
2.8035795907044303e-11
0.49186782949052943
0.1616805
3.5879632598323496e-13
6.320499679191016e-13
4.4941828036826337e-13
0.32094345623406584
5.019231558156534e-13
9.574008252855037e-13
0.20474890173011068
0.376502872713342
2.041700142285663e-13
9.404976797355857e-14
2.2110535624619843e-11
2.3303858842638192e-12
0.1031319345445309
1.972796925819864e-13
3.652633751016765e-13
2.384759056894836e-13
2.5346391652192324e-13
3.951283744640932e-13
8.423817199343375e-13
0.6126931
2.169514567995634e-13
0.13696748
3.5387526242658396e-12
0.17721465831469763
6.694644838489694e-13
1.0823009155558339e-12
1.699196339188802e-13
1.8998691508897991e-13
0.09305307823949627
1.9945156637390937e-13
5.533629110487936e-13
2.0516921495072893e-13
1.1002310174035301e-13
1.383337888682945e-13
1.438849039914203e-13
1.503241975342462e-13
5.803968416984162e-13
2.1971313657331848e-13
2.2604140781368187e-13
6.564193633096238e-13
2.387187669761204e-13
7.133433788109045e-8
0.6081601759026478
0.33508163
6.558642517973112e-13
0.5849695
0.42366572671018593
0.39895938000000003
0.17270265495093184
0.24780749093499913
0.046824702597459696
0.16593157964687175
0.4837558911183479
1.425982665281822e-10
3.020028671585351e-12
6.057376822354854e-13
1.458277942845143e-13
2.2470914018413168e-13
3.23491233800155e-13
4.1006087414530157e-13
9.877598738938786e-12
3.0320190802513025e-13
4.936051567483446e-13
0.44324603
0.053706527999999996
0.33380472
0.16886755
0.5490103787874987
1.984468145366236e-12
0.1735392737168004
0.26325451052969145
0.4064453976677159
3.9401815143946806e-13
4.0573100434926346e-13
2.62234678416462e-13
9.477973961224961e-13
4.872768855079812e-13
8.697487174913476e-13
7.44205298774947e-6
3.1101787811849135e-12
3.08530978543331e-13
3.052835761963024e-13
0.19742661852624666
5.065947661364589e-13
4.66349181493797e-13
1.4344081478157023e-13
3.3392733023163146e-13
0.5339378042365516
0.3960568139341832
6.150580045272136e-12
2.6535718067322023e-12
0.40916296
0.11275977000000001
0.6039431860485992
0.3919999857563929
1.3123229447575824e-9
3.4139358007223564e-13
3.491436306735096e-12
4.692393140715012e-10
4.987676938128516e-13
4.468647674116255e-13
4.3835768348543525e-13
1.1624590179337702e-12
7.179257188738575e-13
1.0241807402167069e-13
1.0039191700172978e-13
2.416955524608966e-13
4.223010829917939e-13
7.667477763817487e-13
1.0730305533002138e-13
2.466915560717098e-13
6.791234241632083e-13
1.2152501227546963e-12
0.40830176
0.1994436
0.12158954
0.2728799
2.8864355350322057e-10
0.16809770000000002
0.003771657
0.12091539000151674
0.21901729440131645
1.8127721546079556e-12
0.10929971999999999
0.0026808847311113005
0.3261028043321772
0.0036640788062221527
0.3896332656274456
1.6814327707947996e-13
2.8092111969968414e-13
1.1788650611244123e-10
2.442823721082732e-12
0.19011813198290095
0.07412507372382948
2.23532303778029e-12
8.535949724830516e-13
3.1319391524675666e-13
0.08146968
0.5342227
0.4488950646083934
0.30940280000000003
7.934708445844763e-12
0.1787816645520036
0.24810374
4.123645869213988e-12
9.343636975245317e-13
1.8828827386130342e-12
0.46003924894277237
1.7350842984598103e-12
0.3524987833221987
0.5077678187162504
0.22189322577343093
2.6212365611399946e-13
1.2179146580137967e-13
4.158571265122646e-10
0.2883352328561135
0.46037902933780606
0.36236396158364154
3.5147243448996335e-10
2.8055335832277706e-13
1.5643042416968456e-13
3.976263762694998e-13
1.3629652961810734e-12
1.5581980150614072e-13
0.10912071
3.099742684753437e-13
3.910760604242114e-13
3.5041963386550634e-8
1.2344471889136344e-8
0.33222092
0.572514598347466
0.06540623999999999
0.17734186
1.4644620793813345e-8
2.582600799883039e-12
0.157796219744455
1.493805079633148e-13
1.488288658979542e-13
9.916512055951898e-13
4.394817842978682e-13
0.26756632408088893
3.624045508132667e-13
8.31762442254913e-8
3.2240182745724155e-13
9.930944955272025e-14
7.439604488013174e-13
2.5930368963145156e-12
1.5443202272535927e-13
0.23530997764727915
3.4119929104292623e-13
4.41369163439731e-13
0.12222484450968131
0.19565745580238755
0.21335944
0.0043178196138020245
0.45308713
0.5773128000000001
0.20166880073682955
7.224776332748206e-13
7.386313782831166e-13
1.4943601911454607e-13
1.48544371247894e-13
2.274291865944633e-13
5.425104809830827e-13
6.048495038157853e-13
6.964429033473607e-13
3.319916563881975e-11
2.112754415861673e-13
9.880984919163893e-14
8.06965605448795e-13
3.3235525442876224e-11
1.3156142841808105e-13
0.4389701851687701
1.871836019518014e-13
3.0730973321624333e-13
5.35238520171788e-13
7.773937743538184e-13
0.3346469384281046
0.067604675
0.3814597
0.27057631827201084
0.12933216218541183
6.54531984167761e-13
1.9641077653176353e-10
1.4865886299730846e-13
3.0397906414236786e-13
4.3326453535996734e-13
5.954681192577027e-13
0.1323451056429172
0.39453
0.38492123
7.327020934422279e-13
3.459454944731988e-13
0.07213180526006593
0.6162220981715679
0.050882685537172956
0.61203076
5.471734176865084e-13
8.688555985791879e-10
0.056319466
0.5433511999999999
0.1984647
0.3089454
0.3214591
0.20831265
0.36429674999999995
0.4819143
0.08295015
2.9198865547641617e-13
4.823688781740998e-9
0.07375114015732864
0.04091764806347298
0.13845457
0.11596205194662808
0.08820366024881594
2.8008151353731137e-13
1.3434392487354785e-13
5.546951786783438e-13
5.093703236980218e-13
3.289868377720495e-13
0.5438671
2.687849942617504e-13
0.06815113893613217
1.2869844079332893e-12
0.2609912985120929
0.5663057
0.20127014
0.4231675820034525
0.06522332839184045
1.7553181130836037e-12
8.106848525812893e-13
8.509859483751825e-13
1.3949952304415092e-13
1.3805623311213822e-13
2.5307533846330443e-13
3.7780889527994077e-13
1.0681941442491905e-12
3.7499170435495444e-13
6.050715484207103e-13
7.680522884356833e-13
0.08184837332610934
0.50905542
2.4023194544753323e-10
1.7784211603366629e-13
9.577838522289994e-12
4.0553671531995406e-13
7.47957251689968e-13
0.10334991968537788
0.03668226385008202
2.7945666614126452e-12
3.820105343166347e-11
0.38843082994898503
0.5082180000000001
4.659550523200551e-12
0.6316638
0.26544209999999996
0.24092155687053446
0.4134700951202872
0.40909620489386056
0.5819226
0.234516499443626
1.5595219560182727e-10
2.723022543005271e-7
7.497266696354643e-13
2.547684285758578e-13
0.44353586
2.774631704949293e-7
3.161360062620133e-13
2.3702144635873168e-8
6.835365606860933e-13
8.176792576364278e-13
0.4243356782435589
0.4507357
0.3754587101235783
0.2446977510240508
6.73683331342545e-13
0.08049418
3.868919074001553e-12
0.37519369999999996
0.21018451999999999
3.980149543281186e-13
5.799070687539931e-8
0.3417114229917462
0.18097839355803488
0.2126241755821745
3.7247982476174e-13
2.5118795932144167e-12
7.329692408575283e-13
0.07139322651246838
0.08324248
1.6031065364074948e-12
1.7779527849981491e-13
7.688294445529209e-13
0.46335798400163736
6.141753772226366e-13
2.1279089601478063e-12
0.3154792321892035
1.5435153155607395e-12
0.22733955275981488
0.0577378289521525
0.3991544992351857
1.3983258995153847e-12
0.08161433
0.20992914999999998
0.2957899460971482
0.41343698
0.16387517
0.26094119885997863
0.5522289950396607
1.905299806814753e-10
2.9077296126445162e-12
6.011649511528105e-13
4.1205927558962685e-13
2.7891631226850677e-9
6.103763328102474e-13
1.3156142841808105e-13
1.836308882730009e-13
4.556355293061642e-13
1.5636450467759744e-13
1.8551826741486366e-13
3.099742684753437e-13
1.6103784972187896e-13
1.5287771049088406e-13
2.984279490192421e-13
3.621825062083417e-13
9.026113190202523e-14
0.41455629390118043
6.692424392440444e-13
0.21205452
3.120975700099393e-13
0.1514990188453451
0.5807513
0.004692401722532588
1.1112881448394063e-12
1.4011014570769476e-12
3.9179770539021774e-13
4.0190073491430667e-13
0.118008484
2.153277556260491e-13
1.5146217613448698e-13
2.663702591831907e-13
3.8913317013111737e-13
1.6420198534206065e-13
2.911941521244188e-13
4.652805918325953e-13
1.3222756223285614e-13
3.659225700225477e-13
2.2859492077031973e-13
0.21636299704823492
7.299716386910404e-14
0.1922591281974227
0.1674812025056674
0.13473332
2.87214696470528e-13
0.17450816
0.2891634735386111
1.0970703512303004e-12
2.770561557952078e-13
1.1636247521096266e-12
2.6249002971212576e-12
2.9006796964381465e-12
0.024713411
5.52891066263328e-13
1.637578961322106e-13
4.4947379151949463e-13
1.8997026174361054e-12
3.4136582449662e-13
5.657696533489798e-13
0.1664381195306378
2.73225886360251e-13
2.869371407143717e-13
3.7787828421897984e-13
7.513989430663059e-13
2.9409807922320397e-13
0.35366949108397433
0.016090630092166328
0.34044040000000003
8.127554185222152e-12
0.108503365
0.44989532760107565
6.50887677089429e-12
3.6981528950263964e-13
4.4690344632412893e-13
4.5549275462519745e-10
1.5899750266390456e-11
0.5430718000000001
2.3973045770731005e-12
1.5298873279334657e-13
7.741585150711217e-13
0.000866181309522096
4.838907052828745e-13
7.44810463304546e-13
0.13056347737881718
4.2741634884158053e-13
1.065092458674144e-12
6.079059478025783e-11
8.082937669739998e-7
3.9201974999514277e-13
0.31959656000000003
0.3853120493115
0.061343421999999995
0.5613491
0.5865298420407224
0.13216299457990313
0.6230328988250221
0.0853165951362093
0.5002126139435864
6.0285110237146e-13
2.4358293160275934e-13
0.07495208318682861
0.041951132304402616
1.6719958750854857e-13
0.06292044680363199
5.173136224945196e-13
5.912284550824154e-13
0.32756058425127327
0.27788293
0.0968485491098196
0.1699563286601495
0.3273824498855669
0.4246802
1.328884779994155e-10
0.411777567283065
0.11680574122583585
0.20420764
0.057742211906139373
2.0849433290948127e-12
3.858255936961541e-10
0.47569880000000003
0.13935951
0.12906147999999998
7.849276784099857e-14
1.4421797089880783e-13
4.3837156127324306e-13
3.4466873799487985e-13
1.1501910535116622e-13
2.937650123158164e-13
1.463829057968269e-13
1.4976908602193362e-13
3.106404022901188e-13
0.28968490553287213
1.270095140171179e-12
0.051894199375701056
0.005117330461174421
0.33988581943945934
1.4841461393189093e-12
3.5338398873818733e-13
3.5771385853422544e-13
0.2661267638010611
3.3140157285060923e-13
2.0616841567289157e-13
7.037148641586555e-13
3.673075599230913e-8
0.14763814
0.5374181
2.3092638912203256e-13
1.0702549957386509e-13
1.2153111850210507e-11
4.338196468722799e-13
1.1102230246251565e-13
5.864753127582389e-13
2.4119595209981526e-13
2.5578150708582825e-13
4.168887457467463e-13
5.379904299829263e-10
1.2080753064580563e-12
0.10532153950501472
0.29009019986951434
0.1888233817874507
1.1268208588433026e-12
8.207878821053782e-13
3.5879077486811184e-12
3.514192992160048e-8
2.941466514805313e-13
2.0461410343841635e-13
4.0445424787094453e-13
0.3926891123294201
0.29304465
0.10494986
---weights per flow per tunnel---
0.9999999921889821,7.811018005155405e-9,0.0,0.0
0.9999999999930229,5.988905369603905e-12,5.427651882660422e-13,4.4535584560690487e-13
0.9999999999578344,9.216601157680298e-12,2.569127628820587e-11,7.2577744981550995e-12
0.9999999999963582,3.641702316871008e-12,0.0,0.0
0.0002448332523490188,0.0008317629149579777,0.0009249436737160179,0.997998460158977
0.9999999999981628,1.3298042089469425e-12,3.2018062342093e-13,1.873488796682972e-13
0.9999999999940291,3.5967726618642024e-12,9.250879697941714e-13,1.4489970271155612e-12
0.31881840902285186,0.2848846900856555,0.26805170423355873,0.1282451966579339
0.17334343323829746,0.272875477285948,0.22186095832332753,0.331920131152427
0.46639080681553363,0.2340898222529364,0.29951937093152997,0.0
0.2030754693822919,0.30118315145456415,0.28293522336506893,0.21280615579807502
0.37779340296415653,0.3411026834459697,0.28110391358987374,0.0
0.4145187436247417,0.3525917612844794,0.12215376839361303,0.11073572669716589
0.5395062188280698,0.19812122547937058,0.26237255569255963,0.0
1.2941963339204687e-11,0.9999999999859147,7.193103593341826e-13,4.2428420501013183e-13
0.999999999995258,1.4374410537714262e-12,1.6677514438763032e-12,1.6367416886781618e-12
0.9999999999958643,2.4342419379048e-12,9.92397485456791e-13,7.089166499670551e-13
0.5669817143860911,0.4330182856139088,0.0,0.0
0.8254028750691396,0.1745971249308604,0.0,0.0
0.5896614544468762,0.37467484740886975,0.03566369814425397,0.0
0.9998929722683714,6.113892578701545e-5,2.470771089768083e-5,2.1181094944046107e-5
0.37204642904004365,0.25141616536996386,0.26116525352816394,0.11537215206182855
0.7182066336349427,0.2817933663650573,0.0,0.0
0.5511391448463419,0.22239264037725986,0.22646821477639825,0.0
0.758418201270561,0.241581798729439,0.0,0.0
0.5747973766696125,0.42520262333038755,0.0,0.0
0.9999999999978099,2.1902093107647167e-12,0.0,0.0
0.5965164834994273,0.4034835165005726,0.0,0.0
0.9999999999987895,1.2104901992304132e-12,0.0,0.0
0.9999999999830348,1.696521459445688e-11,0.0,0.0
0.3602897007673904,0.6397102992326096,0.0,0.0
0.8933585590260041,0.10664144097399586,0.0,0.0
6.209026662069793e-11,0.9999999999379097,0.0,0.0
0.4298252614321907,0.5701747385678093,0.0,0.0
0.6128100374437518,0.3871899625562481,0.0,0.0
0.6806190623684669,0.3193809376315331,0.0,0.0
0.6042644333145656,0.39573556668543447,0.0,0.0
0.6282129406566397,0.37178705934336026,0.0,0.0
0.7497895965321819,0.25021040346781803,0.0,0.0
0.9658897102782108,0.03411028972178928,0.0,0.0
0.886504875655932,0.11349512434406808,0.0,0.0
0.4998656642324085,0.5001343357675915,0.0,0.0
0.648190920027236,0.35180907997276395,0.0,0.0
0.4238489966827263,0.5761510033172738,0.0,0.0
0.6783485015008678,0.3216514984991322,0.0,0.0
0.5435187517051537,0.4564812482948463,0.0,0.0
0.3467757468696689,0.6532242531303311,0.0,0.0
0.629365044940287,0.37063495505971306,0.0,0.0
0.9999999998647847,1.2126358037172923e-10,8.466331178148978e-12,5.485290139759751e-12
0.9999999908709586,9.129041345508337e-9,0.0,0.0
0.9999999999984048,7.804772578438687e-13,4.332464882432494e-13,3.8150819226087666e-13
0.5779104447907891,0.4220895552092108,0.0,0.0
0.7015039704207587,0.037469564041152335,0.2431963286799283,0.017830136858160622
0.7831300678248846,0.2168699321744067,4.918911150558303e-13,2.1676364212281124e-13
0.999999999995366,3.009397240017715e-12,8.187390548972237e-13,8.056379585044268e-13
0.9999999809996044,1.8989079524088548e-8,8.494070697150812e-12,2.8219254304877465e-12
0.9999999999965276,1.1609922557523085e-12,1.8193522718229225e-12,4.921704337598738e-13
0.554228378666581,0.27829753070365953,0.16747409062975943,0.0
0.5330393335467826,0.103696950574454,0.27350755385679393,0.0897561620219695
0.4098855201115513,0.20696302509321304,0.3831514547952356,0.0
4.811271259415268e-12,1.974468053051917e-11,0.9999999999731485,2.2956939926166737e-12
0.13360697693680873,0.2880612016287719,0.5783318214344193,0.0
0.9999999999963306,1.7893549920791005e-12,1.1467037967765633e-12,7.33319870491285e-13
0.9999999999944221,8.094125985915808e-13,2.8898630301856434e-12,1.8784907317685585e-12
0.9999999999692807,7.891051058740947e-12,1.4526525243247118e-11,8.30179641183878e-12
0.5074947706736234,0.4925052293263766,0.0,0.0
4.809987704777587e-12,0.99999999999519,0.0,0.0
0.9999999998950908,6.982420970330635e-11,3.508496552444737e-11,0.0
0.9999999999983178,8.870774636395557e-13,2.661425188596369e-13,5.290880053914566e-13
9.276242607427514e-6,0.9999736000505629,1.4367898816733575e-5,2.7558080129660887e-6
0.19022374669525133,0.8097762533047487,0.0,0.0
0.7122532991766038,0.09699258419172735,0.19075411663166883,0.0
0.9999999999965481,1.905988094014305e-12,9.375885853308675e-13,6.08343067099552e-13
0.9999999999987429,1.2571485602232334e-12,0.0,0.0
0.9999999999960679,2.9487493291243964e-12,4.817011078932702e-13,5.016068094156106e-13
0.99787800303367,0.0021219969663299654,0.0,0.0
0.9999999999955809,3.278553774256418e-12,6.935008626894925e-13,4.471261301826526e-13
0.9999999999978171,1.0526976421222976e-12,3.712631268581009e-13,7.589853021385236e-13
0.8093651210410109,0.007349257425108327,0.16901648214434978,0.01426913938953108
0.9999999999987257,9.471217670888559e-13,1.6844188309351173e-13,1.5865003414332895e-13
0.9999999999919322,6.595713664007568e-12,8.724321976613807e-13,5.995662904442818e-13
0.48596587968974536,0.3202144261169192,0.19381969419333547,0.0
0.5155245396400407,0.2684639944477475,0.1168805883939861,0.0991308775182257
0.5894231354557775,0.22872828035519183,0.18184858418903066,0.0
2.91454562130118e-11,0.9999999999694013,1.1183224745517707e-12,3.3503689117722947e-13
0.4750360553431886,0.37120901255501754,0.1537549321017938,0.0
0.266038545313063,0.2046070995766165,0.3572811615849049,0.1720731935254156
0.9999999658973592,3.410041486677486e-8,1.5144999365152758e-12,7.113777735563982e-13
0.9999999999964471,1.3351160143135783e-12,1.869429349714165e-12,3.4850502465253346e-13
0.5467892005014303,0.4532107994985697,0.0,0.0
0.7950914914487375,0.2049085085512625,0.0,0.0
0.9802247543443401,0.012305459351316645,0.007469786304343326,0.0
0.7845683171959348,0.11428920318348357,0.060699579959946466,0.04044289966063524
0.9999999999946984,1.7045449723282359e-12,2.6618894924869465e-12,9.352191666361877e-13
0.654096654807794,0.345903345192206,0.0,0.0
0.26558101104384924,0.19698841751898866,0.5374305714371621,0.0
0.9999999999994882,5.117535359559211e-13,0.0,0.0
0.8278654112793742,0.1721345887206258,0.0,0.0
0.7034062978708958,0.29659370212910424,0.0,0.0
0.6066544323634108,0.39334556763658923,0.0,0.0
0.7320876428550289,0.267912357144971,0.0,0.0
0.14769022576695293,0.8523097742330471,0.0,0.0
0.9999999999992437,7.563316134356597e-13,0.0,0.0
0.20150259714553706,0.7984974028544629,0.0,0.0
0.9999999999993018,6.982144552093554e-13,0.0,0.0
0.6148394312625537,0.3851605687374463,0.0,0.0
0.35155849778572434,0.6484415022142757,0.0,0.0
0.08734334523370618,0.9126566547662939,0.0,0.0
0.9999999999986151,1.3849095606650256e-12,0.0,0.0
0.9999999999923662,7.6338219727479e-12,0.0,0.0
0.7578672035348359,0.24213279646516403,0.0,0.0
0.723048804735705,0.276951195264295,0.0,0.0
0.9999999999985751,1.4247900950970552e-12,0.0,0.0
0.6454509860818689,0.3545490139181311,0.0,0.0
0.5889187308993497,0.41108126910065035,0.0,0.0
0.8267402269120125,0.17325977308798746,0.0,0.0
0.5747660254681346,0.42523397453186546,0.0,0.0
0.5070807308834833,0.4929192691165167,0.0,0.0
0.47532972435667586,0.5246702756433241,0.0,0.0
0.25014949041178275,0.7498505095882172,0.0,0.0
0.5134120012220931,0.24147545378948304,0.11015062659602261,0.1349619183924013
0.5150331166546047,0.4849668833453953,0.0,0.0
0.9999892053625377,2.23092855718905e-6,2.774148514377779e-6,5.789560390786837e-6
0.30310154054470645,0.6968984594546878,3.1996976532319743e-13,2.8585152830236194e-13
0.9999999999989482,1.0517949621357709e-12,0.0,0.0
0.3700784755870124,0.25682654337468425,0.13999774771536247,0.2330972333229409
0.9999999908231996,9.176488851044058e-9,1.216283911934784e-13,1.8997984294381513e-13
0.9999999999949184,3.0683684442630833e-12,1.747256332306867e-12,2.659551781000459e-13
0.9999999999983782,1.0156460444702243e-12,4.0438315345171266e-13,2.019336708420639e-13
3.4850748782566646e-11,0.9999999999642685,8.807317578996133e-13,0.0
0.9999999999959087,1.2013620620666755e-12,2.4351861175961855e-12,4.547908312706218e-13
0.9999999999910092,4.1027781375713966e-12,4.8880380836105e-12,0.0
0.9999999999960679,1.1001153321074675e-12,1.7535584002913168e-12,1.0784556328134622e-12
0.999999999998314,1.4116611287822728e-12,2.744237185536266e-13,0.0
0.9952273864407611,0.0029454370695036897,0.001244465748879335,0.0005827107408559056
6.164553771662686e-12,0.999999999993228,2.774253676016242e-13,3.300189985088715e-13
0.31714434902712085,0.14144162396057863,0.2529814931514179,0.28843253386088263
0.6395969701583524,0.36040302984164757,0.0,0.0
0.5368244952974317,0.46317550470256835,0.0,0.0
0.1491546440209201,0.47816654686634413,0.37267880911273576,0.0
0.17623621514823204,0.28557747927673444,0.28422234657127243,0.2539639590037611
0.9503545010084192,0.017476286294896448,0.025139158357205257,0.007030054339479031
0.4886433351943887,0.5113566648056113,0.0,0.0
0.4059900481168518,0.21337269774823958,0.3806372541349086,0.0
0.9999999999973546,1.912517943939477e-12,4.859261312365598e-13,2.469438762124944e-13
0.9999475844829101,5.241551708985633e-5,0.0,0.0
0.999999999996235,8.950324162629545e-13,2.5944637957139746e-12,2.7558247440169945e-13
0.9999999999969273,1.6234668715549314e-12,7.965130329140952e-13,6.526753178214908e-13
0.9999999999970368,2.9632290006292994e-12,0.0,0.0
0.9999999999889619,1.140333591958115e-12,7.936204158907742e-12,1.961345529631805e-12
0.9999999038296037,9.616826364666166e-8,7.106352559895186e-13,1.421994683935764e-12
0.9999999999977108,8.714532811942638e-13,7.835108567273223e-13,6.340721320063018e-13
3.720445441096448e-12,0.9999999999949695,8.453622166659665e-13,4.646681439985423e-13
0.30706765196804414,0.4691779408383048,0.22375440719365106,0.0
0.2257114265274948,0.3642414361821865,0.22764862690151472,0.18239851038880397
0.35629807240063144,0.2777377646401801,0.3659641629591885,0.0
0.3541296718568822,0.40986124075669217,0.08691355987333302,0.1490955275130926
0.5414414513414613,0.18486649718842585,0.27369205147011294,0.0
0.5187112178509646,0.19853032943718002,0.14684977640002292,0.1359086763118324
0.9999994722169567,8.302376791103824e-8,4.225771323780133e-7,2.2182142822283192e-8
0.9999308699433318,5.63844067167767e-5,6.145378556061986e-6,6.600271395425694e-6
0.5069345446273095,0.49306545537269053,0.0,0.0
0.22694238393985408,0.7730576160601459,0.0,0.0
1.0554040849851739e-11,0.9999999999888927,5.532929040908581e-13,0.0
0.5263626362455498,0.1511899478381925,0.18464120370304296,0.13780621221321476
0.4465284296273089,0.17466335735263067,0.2169030762995993,0.1619051367204612
0.49457278159515045,0.5054272184048495,0.0,0.0
0.5536525255585802,0.24742842658650732,0.19891904785491246,0.0
0.9999999999844145,1.5134914792117645e-11,2.5718274900211927e-13,1.9331456081960447e-13
6.164472102426688e-12,0.9999999999938355,0.0,0.0
0.046009449346473205,0.891146117999918,0.03730330778473172,0.025541124868876983
0.4678725298437728,0.05866401221207697,0.3920861711975916,0.08137728674655854
0.9999999996557196,3.4428030970351956e-10,0.0,0.0
0.999999999995125,3.4281215053608964e-12,6.4792893733878e-13,7.9885492196375e-13
0.9999999999976271,1.9528541920316622e-12,2.1328404876978625e-13,2.068762263957805e-13
0.9999999999987239,4.780871334596104e-13,2.614843920264639e-13,5.364818779419227e-13
0.00011977028488526624,0.0010985690329593505,0.9986062924696587,0.00017536821249674006
0.24056198075961982,0.6835908004512755,0.07584721878910464,0.0
0.9002327203846519,0.06599863739320584,0.015146680407419805,0.018621961814722643
0.9995979727245778,0.00024929421256246237,0.00015273306285976,0.0
0.6451586807329833,0.20539675635507734,0.0836168109209971,0.06582775199094223
0.3292098234043366,0.5960632463686499,0.07472693022701346,0.0
0.315106787924648,0.22054898913399557,0.22474162441435966,0.23960259852699672
0.16869547251304812,0.52767025524279,0.17924115315901584,0.12439311908514608
0.22185693872791237,0.32389355001875153,0.304210313207142,0.15003919804619412
0.48571986461969213,0.5142801353803078,0.0,0.0
0.5761168709733181,0.42388312902668185,0.0,0.0
0.14240296117631873,0.7586710452808668,0.09892599354281444,0.0
0.2452512206010655,0.3316463314614607,0.1943432171976637,0.2287592307398101
0.6161372263666647,0.08902781972735395,0.20346576325589927,0.09136919065008214
0.6929389942432052,0.30706100575679485,0.0,0.0
0.2162141713161083,0.2737876152921045,0.5099982133917872,0.0
0.3115000799850779,0.3328331619085485,0.18223950085340146,0.17342725725297214
0.8269897877308972,0.17301021226910282,0.0,0.0
4.10483943637643e-12,0.9999999999952172,4.0794573678931736e-13,2.6999238455255753e-13
0.9999999999978931,9.247912628915301e-13,6.990869989627785e-13,4.829987362646748e-13
0.9999999999992486,7.513790594432462e-13,0.0,0.0
0.9999999999983137,9.577633343633964e-13,4.688616145916763e-13,2.597914958904905e-13
0.9927593427942634,0.0010181944516196686,0.0056805466576959,0.0005419160964210163
0.9999999999972048,7.622871438824158e-13,1.069080460931538e-12,9.638385692934813e-13
0.9999999999949133,1.9028781879002337e-12,2.0151537278312188e-12,1.1685380585497185e-12
0.9999999999141708,7.719179810027748e-11,8.637485931703826e-12,0.0
4.564283138558632e-11,0.9999999999498436,4.108103656197201e-12,4.0554077231228057e-13
0.999999999969839,4.37531173759684e-12,2.5785688570346934e-11,0.0
0.9999999999350828,4.729684992038157e-11,1.6436961168755948e-11,1.1835380279941508e-12
0.9999999994242049,3.80656550110869e-10,1.9513858858007374e-10,0.0
0.5827410549215833,7.89135996917523e-12,0.41725894506918926,1.3358725603758225e-12
0.9999999997156775,8.465211438724239e-11,1.2347171870000026e-10,7.619864740671167e-11
0.9999999999904426,1.1445929330217891e-12,7.954342849666724e-12,4.583233760226582e-13
0.6334179383358103,0.3665820616641897,0.0,0.0
0.5091891459469671,0.490810854053033,0.0,0.0
0.0024957886681479095,0.9953337334513583,0.00217047788049363,0.0
0.15404818914958815,0.6271971395933708,0.09976721062993671,0.11898746062710436
0.9999999999900345,7.56912246118029e-12,7.706469733364675e-13,1.6257096579392021e-12
0.999999999994922,5.078007955935371e-12,0.0,0.0
0.003102548719350632,0.015168452470296105,0.9817289988103531,0.0
0.2744423536707863,0.1297281522188109,0.3062937444891094,0.2895357496212934
0.909284721455776,0.09071527854422397,0.0,0.0
0.9999999999927118,3.906735668599528e-12,1.2571404434661824e-12,2.124230357348237e-12
0.9999999999968792,6.811487109219526e-13,2.2717103085069645e-12,1.6786312154561583e-13
0.9999999999996433,3.5671602221285597e-13,0.0,0.0
0.9999999999399599,5.90918034281443e-11,4.627965254277753e-13,4.856699527365234e-13
0.911959391633858,0.05069725702087739,0.017917030836324017,0.019426320508940446
0.9999999999757627,1.619430661651763e-12,7.741664450223805e-13,2.184354099777071e-11
0.9999999999971583,1.1319741271291718e-12,6.965338362911573e-13,1.0132053533343287e-12
0.8713067464339638,0.06712967287709314,0.06156358068894305,0.0
0.19742309234568967,0.2682692536723334,0.3697389116833653,0.1645687422986116
0.16242051687562042,0.10537183480345688,0.7322076483209227,0.0
0.9999999999977178,7.556648500938272e-13,8.294428021378138e-13,6.970321442826018e-13
0.24993740759835864,0.6343882138592383,0.11567437854240305,0.0
5.653134537000483e-12,0.9999999999927918,8.377794725891741e-13,7.173045986983009e-13
0.9999999999957283,3.1691274762060507e-12,7.55031011631663e-13,3.477474533042014e-13
0.9999999997907835,2.0568308260700611e-10,2.1399993381316253e-12,1.3934128049318182e-12
0.5402821416558431,0.45971785834415685,0.0,0.0
0.8987451009802576,0.10125489901974238,0.0,0.0
0.1344730000616037,0.8650456963534564,0.0004813035849399706,0.0
0.9999999999920433,6.647354751380684e-12,8.448191620386841e-13,4.644996181532778e-13
0.9999999999991064,3.237229293680179e-13,3.738152723896882e-13,1.960554729812121e-13
0.9999999999991712,8.288139989328432e-13,0.0,0.0
0.0008294791054560182,0.9984399956798811,0.0007305252146629758,0.0
0.40282057823629963,0.32945754090149304,0.26772188086220733,0.0
0.5137281378093691,0.48627186219063095,0.0,0.0
0.5431303351565192,0.34207215274341346,0.1147975121000673,0.0
0.7190349529627387,0.18739239674986585,0.0935726502873955,0.0
0.9999999999964223,3.5776678054431182e-12,0.0,0.0
3.5071242276882983e-12,0.9999999999943116,2.1813343509992847e-12,0.0
0.2916967769108484,0.40580224034083384,0.30250098274831777,0.0
0.03367757172742265,0.954989190303171,0.011333237969406424,0.0
0.9999807043009429,1.0803658128445992e-5,8.492040928625688e-6,0.0
0.9872462967607544,0.012053255319739354,0.0007004479195062152,0.0
0.8117765301708844,7.820915714177938e-13,0.18822346982833346,0.0
0.9389244238720229,0.06107557612775471,2.2252783989027896e-13,0.0
0.999999999978972,1.6515220225708746e-11,4.512622978254451e-12,0.0
0.9999999999985935,1.1875000890917542e-12,2.1913072684568856e-13,0.0
0.9999663153301591,2.167428702276536e-5,1.201038281806418e-5,0.0
0.8222313338071995,0.11219815742909252,0.06557050876370799,0.0
0.9999999999958241,3.022690852410627e-12,1.1531974354314268e-12,0.0
0.6038635910151031,0.3961364089848969,0.0,0.0
0.5898139896640217,0.41018601033597835,0.0,0.0
0.8048464221310454,0.11294243664904074,0.08221114121991381,0.0
0.38309832987650533,0.41540627740273883,0.20149539272075587,0.0
0.9999999999984562,5.918953954286235e-13,9.51915018149484e-13,0.0
0.49310364204136825,0.5068963579586317,0.0,0.0
4.632619503771646e-6,0.999993718586795,1.6487937012393149e-6,0.0
0.28166783177987403,0.2129780616720061,0.29175527352344166,0.21359883302467816
0.4056083147239414,0.5943916852760587,0.0,0.0
0.4457956545061355,0.3617308977293137,0.11707359419158204,0.07539985357296877
0.8509900324451648,0.054835338337431504,0.058142541826616635,0.036032087390787025
0.859131789646847,0.14086821035315306,0.0,0.0
4.748563617939682e-12,0.999999999993734,9.035207839135932e-13,6.139611240579071e-13
0.273627450200332,0.2640244873698501,0.27264550611582844,0.18970255631398938
0.22241219923755395,0.6595080188825617,0.06358215618926318,0.05449762569062121
0.9999999999959592,2.156065718771599e-12,1.148659914198034e-12,7.360133211513051e-13
0.9999999988680054,1.1273180289220237e-9,4.095314364178762e-12,5.813879602375416e-13
0.9999999999936848,1.011256982520525e-12,5.303836747104175e-12,0.0
0.999999999669771,2.8236701655174546e-10,4.7862049970734244e-11,0.0
0.99999999999579,3.256522293541089e-12,4.670677891677154e-13,4.864186177323151e-13
0.8558855439788837,0.1441144560209216,1.9457319611099768e-13,0.0
0.9999999999968081,1.7911664766983738e-12,7.000729623208384e-13,7.006283638990734e-13
0.8799672802600635,0.06435029367756759,0.028145452340513914,0.0275369737218549
0.9999999999957339,2.755069604036857e-12,6.45859981895222e-13,8.652718935573138e-13
0.6084642258875995,0.39153577411240054,0.0,0.0
0.5937801351672171,0.40621986483278294,0.0,0.0
0.8175065575046124,0.12792906663906412,0.05456437585632353,0.0
0.36342187461841574,0.3021045758599411,0.17494646901175703,0.15952708050988612
0.609193928905069,0.12570799008815314,0.18619196088807075,0.07890612011870712
0.660602560116489,0.33939743988351095,0.0,0.0
0.9690573525376577,0.02593795577111491,0.005004691691227514,0.0
0.3193772649821803,0.3434034885604114,0.33721924645740836,0.0
0.46814277124870163,0.5318572287512984,0.0,0.0
0.6468543479005799,0.18553355128004398,0.16761210081937608,0.0
0.9911498439563119,0.005879160170432528,0.002970995873255648,0.0
0.7045853982528094,0.29541460174719064,0.0,0.0
0.9999999999973507,2.3177242261444197e-12,3.315225679137063e-13,0.0
0.34381112638016426,0.32847779234352925,0.3277110812763065,0.0
0.3858037222372604,0.4955145373633794,0.11868174039936016,0.0
0.5443468720059225,0.24738181180270838,0.20827131619136913,0.0
0.4534578376720192,0.27355858039269954,0.2729835819352813,0.0
0.9999999999982724,1.4949445624342758e-12,2.3266142027521937e-13,0.0
0.9999999999948147,3.494400576394658e-12,1.6907877687011713e-12,0.0
0.9999999999988064,8.069888612233545e-13,3.866220085038347e-13,0.0
0.9999999999991311,4.621509445001555e-13,4.0671914178703353e-13,0.0
0.9999999999975119,1.3654891321078418e-12,1.1226972098552163e-12,0.0
0.4490031790559213,0.4017246158910293,0.1492722050530494,0.0
0.9942856340381219,0.001552182206688994,0.004162183755189115,0.0
0.6830232711090034,0.31697672889099654,0.0,0.0
0.6148885761037656,0.3851114238962344,0.0,0.0
0.535178485806629,0.2744224623724912,0.19039905182087985,0.0
0.378354165688791,0.39418910777952687,0.22745672653168214,0.0
0.999999999994831,2.3623436268331896e-12,2.806700251627981e-12,0.0
0.9999999999995626,4.375064584304004e-13,0.0,0.0
0.9999999999991062,4.772454966507012e-13,4.166537956543107e-13,0.0
0.14400886451886272,0.3986873090112785,0.3164890144664416,0.14081481200341708
0.5151896715407768,0.48481032845922317,0.0,0.0
4.0298414677410683e-7,9.101417257034714e-11,0.9999995969211365,3.702596062368406e-12
0.9999999993827459,6.165720151295926e-10,4.671336956514346e-13,2.1486061611005846e-13
6.6049783582421664e-12,0.9999999999933951,0.0,0.0
0.9166693076765815,0.08333069232197679,8.811054201459214e-13,5.607375029485697e-13
0.19068070728190428,0.2935727098568854,0.38093031079194184,0.1348162720692685
0.988674801143999,0.010944565877208256,0.0001787183670323587,0.0002019146117604203
0.9999999999862558,3.136218444332235e-12,8.542917233126399e-12,2.0650424250361847e-12
0.9999999999971081,4.64368018212256e-13,1.91682413709633e-12,5.105341408712006e-13
0.9999999991896075,8.095999621402462e-10,7.925939002542513e-13,0.0
0.9999999999960553,2.374486473754086e-12,1.0901440599423759e-12,4.801619647232834e-13
0.9999999999985751,6.405092879750735e-13,7.843376995797353e-13,0.0
8.710569397226508e-13,0.9999999992500663,7.490625311671809e-10,0.0
0.9999999999957527,1.6572385175118018e-12,1.954747405195663e-12,6.353122316125197e-13
0.9999999999963384,1.4661582882261086e-12,1.918736874100828e-12,2.7685020979451244e-13
0.999999999988205,3.70793753513524e-12,5.581843843307433e-12,2.5051763566192083e-12
0.9999999999944366,5.563358008359913e-12,0.0,0.0
0.9999351947592137,6.480524078629944e-5,0.0,0.0
4.5832970038912114e-12,0.9999999999605939,3.482288657932395e-11,0.0
0.9999997980498558,2.0192254700733626e-7,1.0987008004440418e-11,1.661013318944813e-11
0.9999999999935967,2.880170363250335e-12,2.299680557178605e-12,1.2235190712929597e-12
0.9999999627789151,3.7221084846315854e-8,0.0,0.0
0.5395449451257023,1.862115724963978e-9,0.46045505301218204,0.0
0.348482641989798,0.3635759218351821,0.2879414361750199,0.0
0.508163861481459,0.491836138518541,0.0,0.0
0.30515591782594276,0.39587748105115844,0.29896660112289875,0.0
0.36881545087435036,0.4417855047553788,0.18939904437027083,0.0
0.5940525580096101,0.4059474419903899,0.0,0.0
0.9999999999990828,4.623000915242432e-13,4.547645952507277e-13,0.0
0.37953785854131744,0.3425023646714793,0.27795977678720324,0.0
0.999999999995304,3.2056073599662676e-12,1.490353413042683e-12,0.0
0.22905539231386468,0.586126759827116,0.18481784785901925,0.0
1.2379356168715997e-9,0.9999999987578325,4.231842037991759e-12,0.0
0.9999999999963263,3.4306701252541307e-12,2.4315183923157047e-13,0.0
0.9999999999933622,5.8808799703363346e-12,7.569305707282011e-13,0.0
0.9999999999975603,2.1701469548081023e-12,2.695440602312042e-13,0.0
6.914224688694117e-12,5.154999677113733e-6,0.9999948449934087,0.0
0.7419507344531289,0.08282294007886427,0.1752263254680067,0.0
0.03976984709777348,0.8695173417724712,0.09071281112975536,0.0
0.33379439668438865,0.37966307511893943,0.28654252819667186,0.0
0.5109490550417309,0.489050944958269,0.0,0.0
0.4974088545357025,0.5025911454642975,0.0,0.0
0.10387581725998889,0.8019555320685571,0.09416865067145404,0.0
0.2085679802026776,0.47901320543325354,0.3124188143640689,0.0
0.18340589667513052,0.6949708263812813,0.12162327694358824,0.0
0.2681422711457766,0.7318577288542234,0.0,0.0
0.4361640891461099,0.270436344575893,0.2933995662779971,0.0
0.6956257409112983,0.1966301009480168,0.041195177412566494,0.06654898072811856
0.999999999981662,1.833798280153965e-11,0.0,0.0
0.9999999999953508,2.7271105619595958e-12,1.2927676401279752e-12,6.291981578804001e-13
0.0026051056189825323,0.004935735742405454,0.0049591895305688485,0.9874999691080433
0.6267455091838111,0.3732544908161889,0.0,0.0
0.8441759662936211,0.10287414212590935,0.037743642652818855,0.015206248927650703
0.7439357165084797,0.08799904048209317,0.050340038208302886,0.11772520480112415
0.2677472444323357,0.2828348240634204,0.28793804683154567,0.1614798846726982
0.9999999999787007,6.078597944855813e-12,1.4047458643052073e-11,1.1733264293771986e-12
2.5122389007486494e-11,2.5492523929906266e-11,0.9999999999445294,4.855730651336274e-12
0.6983362956279816,0.27473384887950025,0.026929855492518147,0.0
0.010009084496638997,0.9799087378831575,0.007365392097209106,0.0027167855229944175
0.9999999999989204,4.451411118561608e-13,6.344120612879257e-13,0.0
0.9999999999940707,4.654752575809704e-12,9.779318695482833e-13,2.9644834046650804e-13
0.7646928013577283,0.21428691176751388,0.02102028687475777,0.0
0.999999999998608,5.450892550895215e-13,3.3783695187455253e-13,5.091800672585485e-13
0.9999999999922912,1.5225465440364761e-12,1.2713109020685817e-12,4.915144394682041e-12
0.05048369938351968,0.9495163006164803,0.0,0.0
0.999999999993811,6.1890701249827185e-12,0.0,0.0
0.9999999999495799,4.4838641232950476e-11,5.5814577394541135e-12,0.0
0.9999999999985126,6.644952115912543e-13,2.6192715844871004e-13,5.609350571855922e-13
1.8838103681441684e-6,0.9999981161629659,2.5420356933323627e-11,1.2456451294518033e-12
0.002445208425786933,0.997554791574213,0.0,0.0
1.3847696621338135e-6,0.9999974876519623,1.1275783755406984e-6,0.0
0.48287362258320254,0.3659877628946829,0.07702649858343398,0.07411211593868063
0.9910300213147389,0.00896997868526102,0.0,0.0
0.9999999999969768,5.757401105601209e-13,8.615339247095179e-13,1.5860036513614173e-12
0.9996175167853478,2.0057283367194994e-6,4.663659247851484e-6,0.0003758138270677105
0.6324835018891887,0.36751649811081133,0.0,0.0
0.999957958382837,1.7817241280983463e-5,1.2654216836856302e-5,1.1570159045191255e-5
0.9999999999930166,1.5203180096681144e-12,4.486567668669353e-12,9.764268246394216e-13
0.2707895394356481,0.2763517102552607,0.26488384530948955,0.18797490499960173
0.999999991700821,8.29799225569558e-9,9.203715038633908e-13,2.6642104392535157e-13
0.9999999999974682,9.330669767088958e-13,1.248570622796367e-12,3.501349276740081e-13
0.9999999999992112,4.116505164114215e-13,3.7716994907872064e-13,0.0
0.9999999999981176,5.617644145150819e-13,9.200578346590409e-13,4.00491177411793e-13
0.385506363018935,0.3235811680165277,0.2909124689645373,0.0
0.999999999987247,4.6543790092076285e-12,6.174247381911541e-12,1.924341803613953e-12
0.04108054721559532,0.871649504463214,0.08726994832119067,0.0
0.9999999999976715,7.191948426929337e-13,1.192430564587873e-12,4.167711127049635e-13
0.99999999999418,2.141519551824595e-12,1.837103845252429e-12,1.8413550922559344e-12
0.9999999999991954,8.04565381538734e-13,0.0,0.0
0.9999565470442032,4.345295579678724e-5,0.0,0.0
0.9999999925016038,7.490148589489083e-9,8.24763247331074e-12,0.0
0.2472128837942118,0.7527871162026084,1.247573600399012e-12,1.9320924445063635e-12
8.539766210552021e-12,0.9999999959956898,3.994362248894575e-9,1.40813545603017e-12
0.436798561620713,0.5632014383792869,0.0,0.0
0.7224614616177599,0.1361330815085458,0.14140545687369424,0.0
0.7978370965171191,0.1406556254133542,0.027706111658220386,0.03380116641130637
0.9999999999949676,5.032419412239753e-12,0.0,0.0
0.9999999999847391,5.149041114077154e-12,7.099702592902647e-12,3.0121878651889177e-12
0.2562557249207776,0.3062595339636989,0.24562902026462902,0.19185572085089453
0.5819148614648771,0.4180851385351228,0.0,0.0
0.3192805870190839,0.1828426427906725,0.2075229098119888,0.2903538603782548
0.9999999999985165,2.0271179745048729e-13,2.4257922986156217e-13,1.0381852809074696e-12
0.3284818633616432,0.2852711375241175,0.19320690442058802,0.1930400946936513
0.5757077122267483,0.174496697532355,0.2149787411999809,0.03481684904091578
0.7202793352873432,7.881649455023573e-10,0.27972066392288886,1.602830696547646e-12
0.786013523488465,0.15677933832470975,0.057207138186825414,0.0
0.9999999999976971,9.716258803830758e-13,8.716716838876847e-13,4.596201342550128e-13
0.9999999999879386,9.891034705897989e-12,2.1703728107726766e-12,0.0
0.9999999999970066,9.147882053274024e-13,1.6611322628551003e-12,4.174610368911377e-13
0.7480864476774808,0.17674515082690553,0.07516840149561368,0.0
0.9999999999815551,8.279414186445528e-12,3.2975028665890927e-12,6.867954358483975e-12
0.9999999999920335,3.7166836559818054e-12,1.330599965855667e-12,2.9193400275486513e-12
0.9999999999985275,1.4725066542684218e-12,0.0,0.0
1.7154554400178017e-11,0.9999999999828455,0.0,0.0
0.9999999999969088,1.3493681138863853e-12,1.7418189904235784e-12,0.0
0.9999999999952758,2.069430327188875e-12,1.469893615092292e-12,1.1847910238676609e-12
0.9999999999982222,8.235224639932894e-13,5.869198818763949e-13,3.6746804054658266e-13
0.9984363898680497,0.0015636101319503586,0.0,0.0
0.09569211837861823,0.47412510623289683,0.43018277538848493,0.0
0.614230579420215,0.38576942057978497,0.0,0.0
0.4970618702708154,0.5029381297291846,0.0,0.0
0.9999999650573006,3.4942699450713415e-8,0.0,0.0
0.7695765436025299,0.23042345639747008,0.0,0.0
0.5488059064469333,0.4511940935530668,0.0,0.0
0.6198078408022584,0.3801921591977417,0.0,0.0
0.4706198222587523,0.5293801777412477,0.0,0.0
0.4567734166135399,0.5432265833864601,0.0,0.0
0.6148171700519842,0.3851828299480157,0.0,0.0
0.6210948007554289,0.3789051992445711,0.0,0.0
0.6487530573352825,0.35124694266471745,0.0,0.0
0.7372500618854525,0.2627499381145475,0.0,0.0
0.5703740888413309,0.4296259111586691,0.0,0.0
0.9999999999963567,3.643421443549971e-12,0.0,0.0
0.7719697947797944,0.2280302052202056,0.0,0.0
0.3195088373811936,0.6804911626188064,0.0,0.0
0.9999999999974513,2.5486855058731576e-12,0.0,0.0
0.9999999999968764,3.1236797193120267e-12,0.0,0.0
0.7569694557316675,0.2430305442683325,0.0,0.0
0.9999999999986579,1.3421368948996262e-12,0.0,0.0
0.9999999999994915,5.086031620008827e-13,0.0,0.0
2.198824681093011e-10,0.9999999997801174,0.0,0.0
0.24385045165574273,0.7561495483442573,0.0,0.0
0.7676838831970602,0.23231611680293981,0.0,0.0
0.9999999999873793,1.2620741997456568e-11,0.0,0.0
0.18535042077807562,0.8146495792219244,0.0,0.0
5.972591852144692e-12,0.9999999999940274,0.0,0.0
0.9999999999994859,5.141269975363772e-13,0.0,0.0
0.4755570898394142,0.5244429101605858,0.0,0.0
0.5167529477048641,0.4832470522951359,0.0,0.0
0.1497409513825121,0.8502590486174879,0.0,0.0
0.3570308492967977,0.6429691507032023,0.0,0.0
0.5125285823702777,0.4874714176297224,0.0,0.0
0.5280416193659548,0.47195838063404516,0.0,0.0
0.6773013689442124,0.3226986310557876,0.0,0.0
0.7727607258283148,0.22723927417168524,0.0,0.0
0.3322978944245671,0.667702105575433,0.0,0.0
0.9999999999989567,1.043269004238849e-12,0.0,0.0
0.8068879591086049,0.19311204089139516,0.0,0.0
0.7038353116438287,0.29616468835617116,0.0,0.0
0.9999986686204613,1.3313795386624316e-6,0.0,0.0
0.9999990788714361,9.211285638204475e-7,0.0,0.0
0.9268133993499366,0.07318660065006338,0.0,0.0
0.999999999999191,8.090018441362004e-13,0.0,0.0
0.999999999981838,1.816212617545741e-11,0.0,0.0
0.8304406705674238,0.1695593294325762,0.0,0.0
0.6129538947881299,0.38704610521187005,0.0,0.0
0.8789403210655925,0.12105967893440753,0.0,0.0
0.8092533626366532,0.16693469920994397,0.023811938153402823,0.0
0.8360388991295161,0.16396110087048382,0.0,0.0
0.9999999999724649,8.431995796721128e-12,1.9103170112647816e-11,0.0
0.2761637793260154,0.24487155626124366,0.47896466441274094,0.0
0.49599153992495115,0.5040084600750488,0.0,0.0
0.3813323026647075,0.43075889230680886,0.18790880502848364,0.0
0.8080812373384793,0.03276049746540189,0.15915826519611878,0.0
0.4089054444236413,0.2735587456930465,0.3175358098833122,0.0
0.37874152486901735,0.41479941734579917,0.20645905778518345,0.0
0.9999999999924464,5.16847877439276e-12,2.3852522198080577e-12,0.0
0.44314613773293016,0.315362623914969,0.24149123835210082,0.0
0.3094844201903076,0.26851609488374895,0.42199948492594347,0.0
0.2831407933481991,0.4844839482859057,0.23237525836589526,0.0
0.0730739280348883,0.1392677455956867,0.787658326369425,0.0
0.2062186309818242,0.3225285579647152,0.4712528110534607,0.0
0.45267115148506887,0.5473288485143294,6.018185232544501e-13,0.0
2.984091316285253e-6,0.9999970158950819,1.3601813505148859e-11,0.0
0.9999999999915161,1.2636426419676457e-12,7.2201968454321585e-12,0.0
0.9641622092486826,0.03583779075131748,0.0,0.0
0.9999999999997088,2.9123721518902643e-13,0.0,0.0
1.0634634454133898e-11,0.9999999999887214,6.44050528179597e-13,0.0
0.924579816365761,0.03594719975599832,0.03947298387824058,0.0
0.5827764051373387,0.41722359486266125,0.0,0.0
0.52475797629888,0.22215598845190293,0.25308603524921713,0.0
0.9984922947483892,0.0010778460927502369,0.0002704132672267635,0.00015944589163381447
0.9797889363798208,0.020211063620179347,0.0,0.0
0.9999999999985156,5.92053952524739e-13,4.802336512383431e-13,4.122162249508679e-13
0.18979545521788355,0.6125208816863179,0.08634184312992367,0.11134181996587483
0.5460305163554856,0.4539694836445144,0.0,0.0
0.3436881629496687,0.20501965967997016,0.3361960850208791,0.11509609234948205
0.9999999995852793,1.4339697217515653e-10,9.134435680395083e-11,1.799793673770416e-10
0.3648787263808645,0.23056009036969002,0.23006920932711375,0.17449197392233176
0.36304536317793357,0.28532902047430286,0.23510895949813967,0.11651665684962392
0.9999999999848392,6.465408237875811e-12,2.873711711741211e-12,5.821554555737202e-12
0.5363495958000908,0.33068330924530326,0.13296709495460593,0.0
0.6209522209600986,0.1371940968484741,0.15710414300400263,0.08474953918742457
0.006699681987981477,0.9908631100607332,0.0024372079512852804,0.0
0.999954051297102,4.335570156804825e-5,3.49616518884221e-7,2.2433848109478317e-6
0.14248657152797412,0.3120790202349715,0.5454344082370544,0.0
0.9999999999965965,1.9163920180176194e-12,9.159024779544708e-13,5.712088389910114e-13
0.3688523510926965,0.3662174933897602,0.2649301555172473,2.960616374844551e-13
0.9999999999834094,6.460466579993704e-12,5.33969183539671e-12,4.79039810628866e-12
0.9999999999993792,6.207837021563439e-13,0.0,0.0
0.9999999999953314,4.668570424872762e-12,0.0,0.0
0.9999163329048277,8.36670753551039e-5,1.9817286183181857e-11,0.0
0.9999999999988524,6.084500583437547e-13,2.7008749351439825e-13,2.6911236550863805e-13
0.9999999995513161,4.486839146163952e-10,0.0,0.0
0.4263277329539469,0.5736722670457337,3.19468516648518e-13,0.0
0.5587576030408189,0.12156886433515907,0.18869649021862092,0.1309770424054011
0.42011767640646047,0.5798823235935395,0.0,0.0
2.0569040065278236e-11,0.9999999996280782,3.46082713813673e-10,5.269895867685227e-12
0.999999999955544,2.9751022581028195e-11,1.0270260795176071e-11,4.434578262467087e-12
0.6538930122593436,0.3461069877406564,0.0,0.0
0.9999999998316872,1.6227844297003057e-10,3.870706120894601e-12,2.16368577236705e-12
0.3193951111486015,0.13382087190471262,0.14503153099305094,0.40175248595363494
0.3379240568845012,0.32398536426324653,0.15430841556042263,0.18378216329182961
0.9999999991716272,8.276384979941057e-10,4.846794166980776e-13,2.49575847892992e-13
0.9999999999969922,1.919437021090994e-12,6.019548182483169e-13,4.866660649203044e-13
0.9999999999854369,1.5999533928318477e-12,1.296305188813353e-11,0.0
1.7276510861920637e-12,5.159970769911989e-12,0.9999999999925788,5.335241499712083e-13
0.9999999999990903,4.926352762248379e-13,4.1711946509355755e-13,0.0
0.9999999999983921,6.239436891865294e-13,6.206041128662992e-13,3.6343283124808953e-13
0.001393110746695651,0.9907655202958618,0.007841368957442542,0.0
0.8206074431587954,0.17939255683902916,9.978442235746441e-13,1.1777371942719255e-12
6.173770532098138e-12,2.8225696412036894e-9,0.9999999971660096,5.246925362245468e-12
0.9999999999921538,3.766032200003558e-12,3.0282212132241967e-12,1.0518705092781038e-12
1.1525588864060415e-11,0.9999999999884743,0.0,0.0
0.9034792462871124,0.09652075371288757,0.0,0.0
0.0006138240129769019,0.9981660452406639,0.0012201307463592867,0.0
0.999999999998945,3.286199565196318e-13,3.8726248950542364e-13,3.3916098504170763e-13
7.763728892345427e-10,0.9999999992236271,0.0,0.0
0.9999999999958935,3.213975699321461e-12,8.92485004932225e-13,0.0
0.6657756203392744,0.33422437966072555,0.0,0.0
0.5450192229761573,0.45498077702384265,0.0,0.0
0.5812567889188739,0.4187432110811261,0.0,0.0
0.35189830023608715,0.6481016997639129,0.0,0.0
0.4437424959102479,0.5562575040897522,0.0,0.0
0.5043757132523643,0.4956242867476357,0.0,0.0
0.518564730013489,0.4814352699865109,0.0,0.0
0.5027049939093401,0.4972950060906599,0.0,0.0
0.5047747771851967,0.4952252228148033,0.0,0.0
0.9999999999982746,1.7254532043089035e-12,0.0,0.0
0.18460885114555214,0.8153911488544479,0.0,0.0
6.7198165569372895e-12,0.9999999999932802,0.0,0.0
0.9999999999598626,4.0137482043833926e-11,0.0,0.0
0.9999999992054631,7.945367854239163e-10,0.0,0.0
0.06658621382769322,0.9334137861723067,0.0,0.0
0.5153582297872775,0.4846417702127224,0.0,0.0
0.40164869325849745,0.5983513067415026,0.0,0.0
0.9999999999978341,2.1659197389326263e-12,0.0,0.0
0.6024993020804702,0.39750069791952986,0.0,0.0
0.6139113073494443,0.38608869265055573,0.0,0.0
0.8447887268525596,0.1552112731474404,0.0,0.0
0.9999930372146462,6.962785353849543e-6,0.0,0.0
0.706473304783678,0.2935266952163221,0.0,0.0
0.9999999999992788,7.211966690220933e-13,0.0,0.0
0.19648945780584595,0.41668759219258655,0.3868229500015675,0.0
0.5594485104581384,0.4405514895418617,0.0,0.0
0.9632543692659087,0.013184125991402477,0.023561504742688845,0.0
0.3129650870641206,0.26731748236001124,0.41971743057586824,0.0
0.5946101386570989,0.40538986134290106,0.0,0.0
0.33571576002129244,0.32380410264000653,0.340480137338701,0.0
0.38176248166012383,0.24205454145602542,0.3761829768838507,0.0
0.36297469037046504,0.267630880344234,0.369394429285301,0.0
0.4189102504105887,0.147941034538371,0.43314871505104025,0.0
0.0014996556464984356,0.9982240723662181,0.0002762719872833676,0.0
0.7480005040072859,0.19053559625548788,0.06146389973722618,0.0
0.9999999999957658,3.185605861842273e-12,1.0485680155276716e-12,0.0
0.9999999999989703,7.189449756748018e-13,3.107439315089778e-13,0.0
0.2660578971677106,0.7339421028310131,1.2761647297989925e-12,0.0
0.7169910895491587,0.2107166249618847,0.07229228548895664,0.0
0.26042866142809834,0.45477910668111005,0.2847922318907916,0.0
0.10666456182298299,0.8314153335489284,0.06192010462808876,0.0
1.7106246927338387e-5,0.0020793747209612128,0.9979035190321114,0.0
0.6027171398697935,0.3972828601302065,0.0,0.0
0.43773995674543636,0.5622600432545636,0.0,0.0
0.49201829973749445,0.345306477844109,0.16267522241839655,0.0
0.9999999999989565,4.066244486364463e-13,6.369152455817263e-13,0.0
0.9999998844226167,1.1557682916526147e-7,5.540444764471431e-13,0.0
0.9999999999995731,4.26890815523653e-13,0.0,0.0
