---flow_allocation with alpha---
0.002815324587683565
0.01788134259771194
0.0040669035893964416
0.02906276841732132
0.034316667364963346
0.007289616148203735
0.03348134863710187
0.019900220165714105
0.0003514941787292007
0.03567492363989842
0.016299761215150727
0.02190445858289681
0.025375125785491257
0.008402983585667904
0.005189655784119646
0.004812293584580881
0.01819286836600355
0.016425396828013288
0.011820472479543797
0.0367955794297206
0.019902626818716317
0.017400531390256945
0.008620198887237354
0.027020063200422873
0.03725634642918107
0.02760527933678064
0.006798043990314965
0.01155393764196486
0.02270545574286101
0.027284838643817744
0.018731733634284955
0.03163955434152849
0.02030972486150267
0.014102412683532338
0.005890155753564896
0.022337223956610783
0.002526084842499786
0.015581351504998819
0.026063836921816033
0.005329762538047195
0.0009035595025962181
0.008082172180916357
0.011820165205066579
0.036717418714796224
0.00968067546630037
0.004267607348251378
0.019337757208790343
0.03427638665462403
0.013566636019350972
0.0060684879480623725
0.009265401940004032
0.0015237989127243438
0.019533608013321217
0.02652514809446357
0.002748122172703979
0.031694727951932976
0.008797800561445445
0.02824044343501421
0.01852437490497827
0.014643461583017972
0.01570093777549215
0.027193741673402484
0.005569480441670519
0.03338285428144958
0.0205433228487478
0.03269824377258368
0.035768397527076154
0.015868818672932248
0.01444625777957935
0.027115335138896336
0.018447260905692417
0.008483032551815184
0.020597255466747524
0.02536852334906303
0.008206421093799475
0.004029904273111414
0.0005567863087591561
0.03473386879080222
0.0028097072137568215
0.0052728830586901525
0.03307472240931924
0.0020437433090274466
0.03462041115931742
0.004047068526288017
0.02007529525075307
0.0032927577583051417
0.03346526727865547
0.018766675698384607
0.012360502417214658
0.027482812615865392
0.01991329320790775
0.006915587777621986
0.015847536446156926
0.022707514481858374
0.023677099270560272
0.015094895368034933
0.021703542705531792
0.013845688822648578
0.019217257044529288
0.0018439701953552854
0.020355539486055892
0.02012447106160386
0.01503113987884414
0.019202066782066807
0.0039053810929771788
0.029711611185831044
0.004819969895746584
0.011375256542254544
0.033244600590861255
0.030409312578634433
0.014876936660472215
0.034456362271970624
0.02879517695202395
0.0009534479226079952
0.01915885011365807
0.02745888386375403
0.006183499000710724
0.015983574786885307
0.01987478081262442
0.027561950661868916
0.0003739044695828699
0.00718216384945335
0.03001619255093753
0.010433022155649027
0.014279497938377104
0.008162334144774614
0.03242140631914602
0.03369592930783118
0.02138807490305987
0.002702901281737385
0.023334649795364624
0.025523901148904325
0.014168707647596139
0.007960853774458711
0.020219909523019813
0.021874850208996866
0.019349244318198348
0.007712154634349499
0.017799462870405233
0.021132577166461008
0.02273971882948681
0.0036353302424124746
0.02104850290466217
0.006381761810766959
0.0017977414441034158
0.026401547431606585
0.01234648178018159
0.03731235959275396
0.004515657841851261
0.02459934693923474
0.010175297174694328
0.014754655295451283
0.01407809339547251
0.01546351174298568
0.018879242233885492
0.014822821660202143
0.015246931805738478
0.03205718991646744
0.03711307722615815
0.020579440485524812
0.02857698531058334
0.03405915152889475
0.012178746590316175
0.022974284235731182
0.014663936966488598
0.016518682385672733
0.0034887921345559516
0.03050250298032674
0.019014982221008572
0.022681195927280646
0.029713947463065896
0.037348600139321855
0.038700645504985164
0.011089910559421913
0.005325639608408522
0.03616709012609861
0.00727232055996832
0.0035769231132996614
0.009979938009327007
0.02297414645782043
0.004381931592882747
0.026211184945722023
0.0010143695481524433
0.0034376470907893915
0.020392269689371356
0.03836168210829395
0.03638747134599139
0.018156865709353504
0.038227469572685045
0.026613062296019643
0.022063362109562182
0.03875736539985565
0.015003116446521851
0.03715283061384625
0.015169779149340977
0.025129915796631253
0.036281979061922466
0.0054966633290257656
0.03559058869039795
0.03577138800158508
0.018739771339884186
0.01710358133547337
0.036375144683414996
0.026432458252806733
0.01947740156419008
0.005155898709173266
0.011166508139344439
0.039576167628962655
0.023588743981448192
0.0240832943228668
0.014695597140929963
0.01235859235941595
0.025528041424682835
0.01264393735104059
0.03227700813022132
0.002480986663082481
0.013520382289657726
0.03243723888438668
0.030890266520040132
0.009650917419993783
0.034491870315833145
0.006977698258030872
0.03541696869868981
0.0024222504529166464
0.006560522207116558
0.004504583372329924
0.0242606303533333
0.008908871364087868
0.00761408045176461
0.025955086537080597
0.036712084033388534
0.00755047473410126
0.030558206887006424
0.026584415393871
0.026524206446872096
0.007609664025439793
0.02984726493785891
0.013476581799742274
0.039177971625143714
0.0106533607535982
0.017277369832539982
0.0025048737844582196
0.024116769399139735
0.036862672316217183
0.008745421166367659
0.009091429078251088
0.012798804678766505
0.014637060361811925
0.03759293885635775
0.03902946487909621
0.032082615392645245
0.008659265367787666
0.03964017191135919
0.004553462415508199
0.0012084944613293407
0.0009809217598355016
0.0014504482328180214
0.0047376686076812955
0.00987494132925359
0.00471745599344909
0.007170802028735414
0.025204528978155744
0.031792895208948214
0.0033550110717855334
0.022093872482733957
0.03939317080965941
0.003082782438143745
0.03584631539604273
0.03337028873774735
0.03725818512000442
0.0019868645235159967
0.03405378612003933
0.015926010382806464
0.014430962449069825
0.003734207105228497
0.03542177903107026
0.016999706702845795
0.002455276710211245
0.028059329910893913
0.026582146518779538
0.00818808176354951
0.03759685611033828
0.02459806332488636
0.006066194887495933
0.031575336949413876
0.02785489722757674
0.03326888122180943
0.004838842000291726
0.012187860747793662
0.02517823916860976
0.02795173824829999
0.025558284171697036
0.03705005919571268
0.03126793956240489
0.007125808124398765
0.014173861929149474
0.023124488921067308
0.017911970924634646
0.025976657205381313
0.005324533717652935
0.020718586263305062
0.023092410456853733
0.0305216491538814
0.009910252122725905
0.013199833059419809
0.02377237715628168
0.014499977783464997
0.009801012081242908
0.0368691875263422
0.020085538394132334
0.02882350171157551
0.030380212694433893
0.03837442904305855
0.0010967310025427873
0.016192375723818937
0.00387935890958877
0.020654184506504115
0.013049425672049517
0.0053369750629938964
0.027993581102433166
0.01985865187619444
0.034963664504193775
0.020005537997176616
0.029125717063207417
0.0033393160862140274
0.016641741848966617
0.0160386700918585
0.013408654316117255
0.038933249310615294
0.015086813058076106
0.006225466548809173
0.037715523531023934
0.008528227671374011
0.020268260648822062
0.034069386742610085
0.02695631167606405
0.024226250304164556
0.018734777634025396
0.03600698822897208
0.02419187818465974
0.02155635030128039
0.03942442260640847
0.02461040287316664
0.006452669262096202
0.025155424534280314
0.018501296609323207
0.016861564027552466
0.019474935438708405
0.009072975759082157
0.018823376760303268
0.02589006527528527
0.03766664508257045
0.03685580225363138
0.009133375018015333
0.011365446556767357
0.004722840829981138
0.010241008317251417
0.033742167178196565
0.009743164191678632
0.006895717526629881
0.033756681436809155
0.017169281574742557
0.02911620344890955
0.02297687227979575
0.03697688921302312
0.015635885786249096
0.017910757686053626
0.008647003133730683
0.01266921711964372
0.01708098774052592
0.03556562908197592
0.02839708799866803
0.017458863980528833
0.02776907546608972
0.03831255784025869
0.02641646610307952
0.00737459637410637
0.015729934574061633
0.0380005890019951
0.001005371262889109
0.02555532244221985
0.011599224943866854
0.015414908850353702
0.029675379560135072
0.009770446200423633
0.028907657252429615
0.014109524600867951
0.03699509373898631
0.03213759670869948
0.031473373365793
0.03386327990899607
0.008365247306241547
0.021629629316848968
0.0043900205439351145
0.029196489313766685
0.0037762933009234706
0.022922609589535018
0.009290538974656455
0.006369953549969866
0.00447858269815492
0.03929317972994068
0.006367722340782065
0.024403802417973092
0.019945122878915585
0.021363515742666216
0.024198780957109246
0.03551872908467252
0.03703312638960198
0.027249916403877906
0.03251045248022784
0.0306862600561591
0.0039952764219449155
0.016043353549616102
0.03040840859694662
0.034173600368370596
0.030955595056312683
0.002595250543147197
0.018419642877438455
0.011991298255925233
0.010511861848047255
0.0014988708247164295
0.008575211921356643
0.03554837908930809
0.0017554060587194973
0.00535567251669102
0.012347173643359327
0.03238338358061025
0.03444292347402829
0.036660198259890274
0.013327995757055493
0.023383670977768813
0.027169354983199268
0.01032590032564285
0.03930888046451853
0.017573508087978907
0.0018172664573522465
0.011209506741995152
0.02583838765546513
0.006779197756298388
0.0083762318731981
0.02213929161529876
0.01266677280073785
0.014162136929823627
0.017474232660429693
0.03570623094429498
0.002723597704590011
0.00813045293095125
0.016928884891886976
0.005434797379628267
0.025225694242388123
0.008936503269253703
0.03207042056073166
0.012558119554385537
0.01602453645711446
0.011408508596729497
0.033586465253342204
0.008635704353840977
0.0333769209104153
0.029564484201307056
0.01778753169981725
0.005811460876654158
0.010023457987381
0.03471180945696194
0.011766842179981337
0.037406375670702784
0.012262380755766997
0.035190319079461775
0.007751062818983645
0.03181247751401893
0.008181931317965194
0.001242770830142221
0.030932375017914907
0.032682980160729874
0.00023491127836075957
0.03249158979215861
0.004684963997261655
0.03631792422850904
0.004400262101381593
0.0007745974254520114
0.00671165119390432
0.01980442982546134
0.022176697822464102
0.01626750928953872
0.008991911795952063
0.03000853844283083
0.007319135908109279
0.030356396940033503
0.003685808897046668
0.028426251320180004
0.02271420910062976
0.03239006432246977
0.023108471991140318
0.029032747700897112
0.0004705417673277278
0.0132971781094065
0.03673153153417246
0.032129955486296664
0.023020706470782904
0.02530761163559849
0.01655871132918233
0.016912882830079853
0.0016467709514734212
0.007333557687016311
0.00868704991898412
0.03731194923264568
0.03747334862103245
0.01599492510959055
0.01631615976015426
0.013726711153861737
0.038017986684653594
9.534670529222219e-5
0.030572048115393113
0.006704387126142084
0.014451616249978837
0.006808612349036084
0.0026003072898342157
0.009353638284157188
0.03852449099444397
0.010580586262897061
0.02857807861299744
0.03946995473668425
0.035203544767686036
0.0043695931349312525
0.007635715746826335
0.03599500948040053
0.012046749900171204
0.03875765285017305
0.033883969393392756
0.03376045893046295
0.007112406694997693
0.015895256172468897
0.005675625634443137
0.02214027390241786
0.02900231662436462
0.02506815957395836
0.031262415560270894
0.0269650759371207
0.0067932251335457924
0.011148161375034542
0.013686784304775212
0.03162867880745095
0.023485368917648096
0.0228804951444123
0.03171803323421798
0.03702320836244378
0.03848207819571595
0.01753762933232773
0.009495045007364969
0.022333720036362508
0.027126077851103075
0.021591726514480117
0.006817812047763196
0.0005042736556790575
0.0062699505757552385
0.03051506158557304
0.03877377187452312
0.018789519077745793
0.028655274882546548
0.028963248161398322
0.024208634555748038
0.00543451984139078
0.030560072340445537
0.030906695792491397
0.011632214328224184
0.025823461054328267
0.03079246700118956
0.03331632440109192
0.021659505316906483
0.02440309370425951
0.002483852840109332
0.03781707080728857
0.004259754998546469
0.03883208464063518
0.028189494353067474
0.00509230151589864
0.01818469684732553
0.020685676175587007
0.03926528118982525
0.02667068220774598
0.024428177213680416
0.016530098128105377
0.0364328339797007
0.024235977028180495
0.039142516115304705
0.035270849772692695
0.0038572568546840704
0.0056402559632161555
0.024656771582986847
0.027755613870363592
0.029250207830840345
0.01929271374405414
0.006762711786750044
0.028671612963862635
0.026217266997954958
0.0018720061168982628
0.012799653152806822
0.02083437719840075
0.025938835682067726
0.0022245750327158937
0.02341230003817362
---flow_allocation with ell_k_beta---
0.002815324587720914
0.01788134259794916
0.004066903589450394
0.029062768417706875
0.03431666736541861
0.007289616148300442
0.03348134863754605
0.019900220165978106
0.00035149417873386375
0.0356749236403717
0.016299761215366967
0.0219044585831874
0.02537512578582789
0.008402983585779381
0.005189655784188494
0.004812293584644722
0.018192868366244907
0.016425396828231194
0.011820472479700611
0.036795579430208745
0.019902626818980352
0.01740053139048779
0.008620198887351712
0.027020063200781333
0.037256346429675326
0.027605279337146862
0.0067980439904051495
0.011553937642118138
0.022705455743162233
0.027284838644179712
0.018731733634533457
0.031639554341948234
0.020309724861772106
0.014102412683719425
0.005890155753643037
0.022337223956907116
0.002526084842533298
0.015581351505205527
0.026063836922161805
0.005329762538117902
0.000903559502608205
0.008082172181023578
0.01182016520522339
0.036717418715283334
0.009680675466428796
0.004267607348307993
0.019337757209046885
0.03427638665507875
0.013566636019530951
0.006068487948142879
0.00926540194012695
0.0015237989127445592
0.019533608013580357
0.026525148094815463
0.002748122172740437
0.03169472795235345
0.00879780056156216
0.028240443435388857
0.01852437490522402
0.014643461583212237
0.015700937775700443
0.027193741673763244
0.005569480441744405
0.03338285428189245
0.020543322849020336
0.032698243773017464
0.03576839752755067
0.01586881867314277
0.014446257779770998
0.02711533513925606
0.018447260905937145
0.008483032551927722
0.020597255467020775
0.025368523349399576
0.008206421093908345
0.004029904273164875
0.0005567863087665426
0.034733868791263015
0.002809707213794096
0.005272883058760104
0.03307472240975802
0.00204374330905456
0.0346204111597767
0.004047068526341706
0.020075295251019396
0.003292757758348824
0.033465267279099424
0.018766675698633575
0.012360502417378636
0.02748281261622999
0.019913293208171926
0.006915587777713731
0.015847536446367164
0.02270751448215962
0.023677099270874382
0.015094895368235188
0.021703542705819718
0.013845688822832259
0.01921725704478423
0.001843970195379748
0.020355539486325933
0.020124471061870836
0.015031139879043549
0.019202066782321548
0.003905381093028989
0.029711611186225208
0.004819969895810528
0.01137525654240545
0.03324460059130229
0.030409312579037853
0.014876936660669578
0.03445636227242773
0.02879517695240596
0.0009534479226206439
0.01915885011391224
0.027458883864118308
0.006183499000792757
0.015983574787097353
0.019874780812888085
0.027561950662234564
0.00037390446958783025
0.00718216384954863
0.030016192551335735
0.010433022155787435
0.01427949793856654
0.008162334144882898
0.032421406319576136
0.0336959293082782
0.02138807490334361
0.0027029012817732425
0.023334649795674192
0.025523901149242932
0.014168707647784107
0.007960853774564323
0.020219909523288056
0.021874850209287065
0.01934924431845504
0.00771215463445181
0.017799462870641367
0.02113257716674136
0.022739718829788483
0.003635330242460702
0.021048502904941407
0.0063817618108516225
0.0017977414441272652
0.026401547431956836
0.012346481780345383
0.03731235959324895
0.004515657841911168
0.024599346939561083
0.010175297174829318
0.014754655295647024
0.014078093395659276
0.015463511743190824
0.018879242234135948
0.014822821660398788
0.01524693180594075
0.03205718991689272
0.037113077226650505
0.020579440485797827
0.028576985310962453
0.0340591515293466
0.012178746590477744
0.02297428423603597
0.014663936966683135
0.016518682385891877
0.0034887921346022353
0.030502502980731396
0.019014982221260832
0.02268119592758154
0.02971394746346009
0.037348600139817334
0.03870064550549858
0.011089910559569037
0.005325639608479174
0.03616709012657842
0.007272320560064797
0.0035769231133471143
0.009979938009459404
0.022974146458125212
0.004381931592940879
0.02621118494606975
0.0010143695481659002
0.0034376470908349965
0.020392269689641886
0.03836168210880287
0.036387471346474125
0.018156865709594378
0.03822746957319218
0.0266130622963727
0.02206336210985488
0.038757365400369816
0.015003116446720886
0.03715283061433913
0.015169779149542224
0.025129915796964636
0.036281979062403796
0.0054966633290986855
0.035590588690870104
0.03577138800205964
0.018739771340132792
0.017103581335700273
0.03637514468389756
0.026432458253157397
0.019477401564448472
0.005155898709241665
0.011166508139492578
0.03957616762948769
0.02358874398176113
0.0240832943231863
0.01469559714112492
0.012358592359579904
0.025528041425021502
0.012643937351208327
0.03227700813064952
0.0024809866631153943
0.013520382289837093
0.03243723888481701
0.030890266520449933
0.009650917420121814
0.03449187031629073
0.00697769825812344
0.03541696869915966
0.002422250452948781
0.006560522207203593
0.004504583372389684
0.02426063035365515
0.008908871364206056
0.007614080451865621
0.025955086537424926
0.03671208403387557
0.007550474734201428
0.03055820688741182
0.026584415394223678
0.026524206447223975
0.007609664025540745
0.029847264938254875
0.01347658179992106
0.03917797162566346
0.010653360753739531
0.01727736983276919
0.0025048737844914504
0.024116769399459677
0.036862672316706216
0.008745421166483677
0.009091429078371698
0.012798804678936298
0.014637060362006104
0.03759293885685647
0.03902946487961399
0.03208261539307087
0.008659265367902543
0.039640171911885076
0.004553462415568607
0.001208494461345373
0.0009809217598485149
0.0014504482328372636
0.004737668607744147
0.009874941329384594
0.004717455993511673
0.007170802028830544
0.025204528978490116
0.031792895209369995
0.0033550110718300425
0.02209387248302706
0.03939317081018201
0.0030827824381846423
0.03584631539651828
0.03337028873819005
0.0372581851204987
0.0019868645235423554
0.0340537861204911
0.015926010383017743
0.01443096244926127
0.003734207105278036
0.035421779031540174
0.01699970670307132
0.0024552767102438175
0.028059329911266157
0.026582146519132186
0.008188081763658135
0.03759685611083705
0.02459806332521269
0.0060661948875764095
0.031575336949832764
0.02785489722794627
0.03326888122225079
0.00483884200035592
0.012187860747955349
0.02517823916894378
0.027951738248670806
0.0255582841720361
0.0370500591962042
0.031267939562819695
0.0071258081244932985
0.014173861929337509
0.023124488921374083
0.017911970924872272
0.02597665720572593
0.005324533717723572
0.020718586263579922
0.023092410457160085
0.030521649154286307
0.009910252122857378
0.013199833059594922
0.023772377156597052
0.014499977783657358
0.00980101208137293
0.03686918752683131
0.020085538394398795
0.028823501711957893
0.030380212694836924
0.038374429043567644
0.001096731002557337
0.01619237572403375
0.003879358909640235
0.020654184506778122
0.013049425672222633
0.005336975063064699
0.02799358110280454
0.019858651876457894
0.03496366450465762
0.020005537997442015
0.029125717063593806
0.003339316086258328
0.016641741849187392
0.016038670092071276
0.013408654316295138
0.0389332493111318
0.015086813058276251
0.006225466548891762
0.03771552353152428
0.00852822767148715
0.020268260649090947
0.03406938674306206
0.02695631167642166
0.02422625030448595
0.01873477763427394
0.03600698822944977
0.024191878184980677
0.021556350301566368
0.03942442260693149
0.024610402873493132
0.006452669262181804
0.025155424534614033
0.018501296609568653
0.01686156402777616
0.019474935438966764
0.00907297575920252
0.018823376760552984
0.025890065275628735
0.03766664508307015
0.03685580225412032
0.0091333750181365
0.011365446556918136
0.004722840830043793
0.010241008317387277
0.0337421671786442
0.009743164191807888
0.006895717526721362
0.03375668143725698
0.01716928157497033
0.029116203449295813
0.02297687228010057
0.03697688921351367
0.015635885786456527
0.01791075768629124
0.008647003133845397
0.012669217119811794
0.017080987740752524
0.035565629082447744
0.028397087999044758
0.017458863980760447
0.027769075466458112
0.03831255784076696
0.026416466103429972
0.007374596374204203
0.01572993457427031
0.038000589002499224
0.0010053712629024467
0.025555322442558877
0.011599224944020733
0.015414908850558202
0.029675379560528754
0.009770446200553251
0.028907657252813114
0.014109524601055133
0.036995093739477104
0.032137596709125825
0.03147337336621054
0.033863279909445314
0.008365247306352524
0.021629629317135912
0.0043900205439933535
0.029196489314154014
0.0037762933009735686
0.02292260958983912
0.009290538974779706
0.006369953550054371
0.0044785826982143345
0.03929317973046196
0.006367722340866541
0.024403802418296844
0.019945122879180183
0.021363515742949632
0.024198780957430277
0.035518729085143724
0.03703312639009328
0.027249916404239415
0.03251045248065914
0.030686260056566193
0.003995276421997918
0.01604335354982894
0.03040840859735003
0.034173600368823956
0.03095559505672335
0.0025952505431816263
0.01841964287768282
0.011991298256084314
0.01051186184818671
0.001498870824736314
0.008575211921470404
0.03554837908977968
0.001755406058742785
0.00535567251676207
0.01234717364352313
0.032383383581039864
0.03444292347448522
0.03666019826037662
0.013327995757232307
0.02338367097807903
0.027169354983559706
0.010325900325779836
0.03930888046504002
0.017573508088212043
0.001817266457376355
0.011209506742143861
0.025838387655807912
0.006779197756388323
0.008376231873309221
0.022139291615592464
0.012666772800905892
0.014162136930011508
0.01747423266066151
0.03570623094476867
0.002723597704626143
0.008130452931059112
0.01692888489211156
0.0054347973797003665
0.025225694242722776
0.008936503269372257
0.03207042056115711
0.012558119554552138
0.016024536457327047
0.011408508596880846
0.03358646525378777
0.008635704353955541
0.033376920910858095
0.029564484201699267
0.017787531700053226
0.0058114608767312545
0.010023457987513975
0.034711809457422436
0.01176684218013744
0.037406375671199026
0.012262380755929675
0.03519031907992862
0.007751062819086473
0.03181247751444097
0.008181931318073737
0.001242770830158708
0.030932375018325266
0.03268298016116346
0.00023491127836387598
0.032491589792589655
0.004684963997323806
0.03631792422899085
0.004400262101439969
0.0007745974254622875
0.006711651193993359
0.01980442982572407
0.022176697822758308
0.01626750928975453
0.008991911796071353
0.03000853844322893
0.007319135908206377
0.030356396940436223
0.003685808897095565
0.028426251320557115
0.022714209100931096
0.03239006432289947
0.02310847199144688
0.029032747701282273
0.0004705417673339702
0.013297178109582903
0.03673153153465976
0.032129955486722914
0.023020706471088306
0.02530761163593423
0.016558711329402006
0.016912882830304222
0.0016467709514952679
0.007333557687113601
0.008687049919099367
0.03731194923314067
0.03747334862152958
0.01599492510980274
0.016316159760370715
0.013726711154043841
0.03801798668515795
9.534670529348708e-5
0.03057204811579869
0.0067043871262310265
0.014451616250170558
0.0068086123491264096
0.002600307289868712
0.009353638284281277
0.03852449099495505
0.010580586263037426
0.028578078613376568
0.03946995473720787
0.03520354476815306
0.004369593134989221
0.007635715746927633
0.035995009480878054
0.012046749900331019
0.03875765285068722
0.03388396939384227
0.03376045893091083
0.007112406695092049
0.01589525617267977
0.005675625634518432
0.022140273902711585
0.029002316624749374
0.025068159574290923
0.03126241556068563
0.026965075937478426
0.006793225133635914
0.011148161375182436
0.013686784304956786
0.03162867880787054
0.023485368917959663
0.02288049514471584
0.03171803323463876
0.03702320836293494
0.03848207819622647
0.01753762933256039
0.009495045007490934
0.022333720036658795
0.02712607785146294
0.02159172651476656
0.006817812047853642
0.0005042736556857473
0.006269950575838418
0.030515061585977863
0.038773771875037506
0.018789519077995063
0.0286552748829267
0.02896324816178256
0.024208634556069197
0.005434519841462876
0.030560072340850956
0.030906695792901416
0.011632214328378502
0.02582346105467085
0.030792467001598062
0.0333163244015339
0.021659505317193826
0.024403093704583247
0.0024838528401422834
0.03781707080779026
0.00425975499860298
0.03883208464115034
0.028189494353441445
0.0050923015159661964
0.018184696847566774
0.020685676175861433
0.03926528119034616
0.026670682208099806
0.02442817721400449
0.01653009812832467
0.036432833980184036
0.024235977028502016
0.039142516115823985
0.035270849773160605
0.003857256854735242
0.005640255963290981
0.024656771583313954
0.027755613870731808
0.02925020783122839
0.019292713744310085
0.00676271178683976
0.028671612964243
0.026217266998302766
0.0018720061169230976
0.012799653152976627
0.020834377198677145
0.02593883568241184
0.0022245750327454057
0.023412300038484216
---flow_allocation with per_flow_loss---
0.0028402965
0.018039950000000003
0.004102977
0.029320554999999998
0.034621056000000004
0.007354275
0.033778328
0.020076735
0.00035461193000000003
0.03599136
0.01644434
0.022098751
0.025600203000000002
0.008477518
0.005235688
0.0048549786
0.018354239
0.01657109
0.01192532
0.037121956
0.020079163
0.017554874
0.00869666
0.027259731
0.03758681
0.027850138
0.0068583426
0.011656421
0.022906853
0.027526855000000003
0.018897884
0.031920197000000004
0.020489872
0.014227501
0.005942401399999999
0.022535355
0.0025484912
0.015719557999999998
0.026295023
0.0053770375
0.00091157407
0.008153860999999998
0.01192501
0.037043101999999994
0.009766543
0.004305461
0.019509283
0.034580418
0.013686972
0.0061223154
0.009347586
0.001537315
0.019706871
0.026760426
0.002772498
0.03197586
0.008875837000000001
0.028490936
0.018688686
0.014773349
0.015840205
0.02743495
0.0056188817
0.033678959999999994
0.020725542
0.032988276999999996
0.036085663
0.016009575
0.014574396
0.027355848000000002
0.018610888
0.008558277
0.020779953
0.025593542
0.008279212
0.0040656495
0.000561725
0.035041958
0.0028346293
0.0053196535
0.03336809499999999
0.0020618713
0.034927494
0.0040829659999999995
0.020253363
0.0033219645
0.033762104
0.018933136
0.012470140000000001
0.027726585
0.020089924
0.006976929
0.015988104
0.02290893
0.023887115
0.015228787
0.021896053
0.0139685
0.019387714
0.0018603262
0.020536093000000002
0.020302975
0.015164466
0.019372388999999997
0.0039400217999999996
0.029975152999999997
0.004862723
0.011476155
0.033539479999999997
0.030679043
0.015008895000000001
0.03476199
0.02905059
0.000961905
0.019328789
0.027702444
0.0062383466
0.016125349
0.02005107
0.027806425
0.00037722099999999996
0.0072458696
0.030282436
0.010525563
0.014406157000000001
0.008234733999999999
0.032708984
0.033994812000000006
0.021577787
0.002726876
0.023541628
0.025750298
0.014294384
0.0080314665
0.020399260000000002
0.02206888
0.019520872
0.0077805614
0.017957344
0.021320023
0.02294142
0.0036675756
0.021235202999999998
0.006438368
0.0018136874000000002
0.026635729
0.012455995
0.03764332
0.004555711699999999
0.024817543
0.010265551999999999
0.014885529
0.014202966
0.015600673
0.019046701
0.0149543
0.015382172000000001
0.032341537000000004
0.03744227
0.020761980000000003
0.028830463
0.034361256
0.012286772
0.023178066
0.014794006
0.016665203000000003
0.0035197377
0.03077306
0.019183645
0.022882378
0.02997751
0.037679882
0.03904392
0.011188278000000001
0.005372878
0.036487892
0.007336826
0.0036086504000000003
0.01006846
0.023177927
0.004420799299999999
0.026443677999999998
0.0010233669999999999
0.003468139
0.020573149000000002
0.03870195
0.036710228
0.018317917000000003
0.038566547
0.02684912
0.022259064
0.039101143
0.015136194
0.037482376000000005
0.015304335
0.025352818
0.0366038
0.0055454187
0.035906277
0.03608868
0.018905993
0.01725529
0.036697792
0.026666914
0.019650166
0.005201631500000001
0.011265555
0.039927208
0.023797976
0.024296913
0.014825946999999999
0.012468213
0.025754475
0.012756089
0.032563305
0.0025029930000000002
0.013640307999999999
0.032724957000000006
0.031164262999999998
0.009736521
0.034797813
0.0070395904
0.035731117
0.0024437357999999997
0.0066187139999999995
0.004544539
0.024475822
0.008987893
0.0076816173000000005
0.026185307999999997
0.03703772
0.0076174473999999995
0.030829258
0.026820219000000003
0.026759476
0.0076771617
0.03011201
0.013596119
0.03952548
0.010747856
0.01743062
0.0025270920000000003
0.024330684999999998
0.037189644
0.008822993
0.00917207
0.012912330000000001
0.014766890999999999
0.037926388000000005
0.039375656
0.032367188
0.008736072999999999
0.03999178
0.0045938516
0.0012192137999999999
0.00098962253
0.0014633137
0.0047796917
0.009962532
0.0047592998
0.007234407
0.025428093
0.032074898
0.00338477
0.022289845
0.039742587999999995
0.0031101266999999998
0.036164272
0.033666283
0.037588665
0.002004488
0.034355843
0.016067274
0.014558965
0.0037673295000000004
0.03573597
0.017150494
0.002477055
0.028308216
0.02681793
0.00826071
0.03793034
0.024816248000000003
0.006120002
0.03185541
0.02810197
0.033563975999999995
0.0048817625
0.012295967
0.02540157
0.02819967
0.025784986
0.037378693
0.031545286
0.0071890140000000005
0.014299583999999999
0.023329602999999997
0.01807085
0.026207070000000002
0.0053717623
0.020902360000000002
0.02329724
0.030792376
0.009998156
0.0133169155
0.023983238
0.014628592499999999
0.009887947000000001
0.037196217
0.020263697
0.029079166
0.030649685000000003
0.03871481
0.0011064590000000002
0.016336002000000002
0.0039137688
0.020837387
0.013165174
0.005384313999999999
0.028241884
0.020034798
0.035273792
0.020182987
0.029384062
0.0033689358
0.016789354
0.016180932999999998
0.013527589000000001
0.039278587000000004
0.015220632999999999
0.0062806864
0.038050060000000004
0.008603873
0.020448039999999997
0.034371582
0.027195414
0.024441137
0.018900955
0.03632637
0.024406459999999998
0.021747555
0.039774117
0.024828696999999997
0.0065099044
0.025378553
0.018665403
0.017011126
0.019647678
0.009153453
0.01899034
0.02611971
0.038000748
0.037182713
0.009214388
0.011466258
0.0047647324
0.010331846
0.03404146
0.009829586000000001
0.0069568825
0.034056103
0.017321573
0.029374464
0.023180677
0.037304873999999995
0.015774576
0.018069626
0.008723702
0.012781593
0.017232496
0.035881096
0.02864897
0.017613724
0.028015387
0.038652389999999995
0.026650780000000002
0.007440009
0.015869459000000002
0.038337654
0.0010142889
0.025781998
0.01170211
0.015551638999999999
0.029938600000000003
0.00985711
0.029164068
0.014234676
0.03732324
0.032422657
0.031752542
0.034163647
0.008439447
0.021821484000000002
0.00442896
0.029455462
0.003809789
0.023125933
0.009372946
0.006426455
0.0045183077
0.039641710000000004
0.006424203999999999
0.024620264
0.020122036000000003
0.02155301
0.024413424
0.035833779999999996
0.037361609999999996
0.027491623
0.03279882
0.030958447
0.0040307145
0.016185658
0.030678131
0.03447672
0.031230170999999998
0.0026182704
0.018583025
0.012097661000000001
0.010605102
0.0015121658
0.008651274
0.035863692999999995
0.0017709765
0.0054031773
0.012456693
0.032670623999999995
0.034748432
0.036985374
0.013446215000000001
0.023591084
0.027410347
0.010417491
0.03965755
0.017729385
0.0018333855999999999
0.011308934999999999
0.026067574
0.0068393292
0.008450529
0.022335667
0.012779127000000001
0.014287755000000001
0.017629229
0.036022945
0.002747756
0.00820257
0.017079043999999998
0.0054830040000000005
0.025449445999999997
0.00901577
0.032354885
0.01266951
0.016166674
0.011509702
0.033884377
0.008712303000000001
0.033672974
0.029826721
0.017945307
0.0058630085
0.010112366
0.035019703
0.011871214
0.037738169999999994
0.012371148
0.035502457
0.0078198147
0.032094654
0.008254505
0.0012537942
0.031206745
0.032972878000000004
0.00023699493999999999
0.032779789999999996
0.0047265195999999995
0.036640064
0.0044392924
0.0007814681
0.006771183500000001
0.019980095
0.022373405000000002
0.016411802000000003
0.009071669999999999
0.030274714
0.0073840566
0.030625658
0.003718502
0.028678392
0.022915684
0.032677364
0.023313444
0.029290268
0.00047471547
0.013415124
0.03705734
0.032414948000000006
0.023224900000000003
0.02553209
0.016705587
0.0170629
0.0016613778
0.0073986063
0.008764104
0.037642906000000004
0.037805737
0.0161368
0.016460884
0.013848467
0.038355206
9.619242999999999e-5
0.030843222
0.006763855
0.014579802000000001
0.0068690046999999995
0.0026233719999999997
0.009436605
0.038866203
0.010674436
0.028831566
0.039820053
0.0355158
0.0044083514
0.0077034445
0.036314284999999995
0.0121536045
0.039101433
0.034184519999999996
0.034059914
0.0071754937
0.016036247
0.0057259684
0.022336658
0.029259567
0.025290514
0.031539713
0.027204256
0.006853481000000001
0.0112470455
0.013808185999999998
0.031909225
0.023693684
0.023083445
0.031999372
0.037351604000000004
0.038823414
0.017693188
0.009579266000000001
0.02253182
0.027366686
0.021783245
0.006878286
0.00050874656
0.006325565
0.03078573
0.039117695
0.018956182
0.028909447
0.029220152
0.024423365
0.0054827240000000005
0.03083114
0.031180838000000002
0.011735391999999999
0.026052515
0.031065596
0.033611840000000004
0.021851625
0.024619548999999998
0.0025058846
0.038152507999999995
0.004297539
0.039176525
0.028439535
0.0051374702
0.018345994999999997
0.020869158
0.039613564
0.026907251
0.024644855
0.01667672
0.036755992999999994
0.02445095
0.039489710000000004
0.035583702
0.0038914707
0.005690285000000001
0.024875477
0.028001805999999997
0.029509657
0.01946384
0.006822697
0.028925930000000002
0.026449814
0.0018886107999999998
0.012913186
0.021019178
0.026168913
0.002244307
0.023619967
---weights per flow per tunnel---
0.8305890227538105,0.1694109772461894,0.0,0.0
0.3140289160656249,0.314028916169359,0.3430070860147848,0.028935081750231226
0.6835933699413772,8.928559356131683e-13,0.15820331509991192,0.158203314957818
0.6279088748054973,0.37209112519450266,0.0,0.0
1.0194315381736929e-13,0.3357674670377671,0.3321162661614531,0.3321162668006778
0.9648879069280106,0.017560950459859708,1.264487473870497e-14,0.017551142612116957
0.7341453030600725,0.1379302648602072,1.402441965581695e-14,0.12792443207970627
7.275372906515177e-13,0.3333333329129843,0.3333333329939405,0.3333333340923478
0.01022802593320379,0.010228036356044863,0.010228036332256754,0.9693159013784945
0.366202204101987,0.2675955916775775,0.3662022042204354,0.0
1.0044205683284154e-10,0.33333333360306683,0.3333333331504685,0.3333333331460226
0.33333333337590887,0.333333333376416,0.33333333324767517,0.0
0.2000000000721132,0.1999999998785801,0.2000000000886811,0.39999999996062574
0.33333333400479864,0.333333331622323,0.3333333343728785,0.0
0.20000000627750214,0.200000014831962,0.19999998653846549,0.3999999923520703
0.17256246971104186,0.17256246979264667,0.1725624672088497,0.48231259328746173
0.14514217571553822,0.2365719274054323,0.23657186058877533,0.3817140362902542
0.4999999998106107,0.5000000001893893,0.0,0.0
0.49999999923534527,0.5000000007646548,0.0,0.0
0.3333333333115762,0.3333333333803642,0.33333333330805964,0.0
0.33333333181570357,0.33333333230176304,2.8669953832400146e-9,0.33333333301553797
0.19993146291174005,0.19993146293256434,0.19993146274050608,0.4002056114151895
0.5000000001816932,0.4999999998183068,0.0,0.0
0.3333333333446668,0.33333333332665643,0.3333333333286768,0.0
0.870803206100178,0.12919679389982194,0.0,0.0
0.4999999994932108,0.5000000005067892,0.0,0.0
0.8039729586124168,0.19602704138758306,0.0,0.0
0.7594122260855951,0.2405877739144049,0.0,0.0
0.5000000000734522,0.49999999992654776,0.0,0.0
0.7946702022451139,0.20532979775488613,0.0,0.0
0.414009987600888,0.585990012399112,0.0,0.0
0.500000004073438,0.49999999592656197,0.0,0.0
0.40108959610701306,0.598910403892987,0.0,0.0
0.5000000003556409,0.4999999996443591,0.0,0.0
0.4999999994389077,0.5000000005610923,0.0,0.0
0.4999999990823763,0.5000000009176238,0.0,0.0
0.499999998589735,0.5000000014102651,0.0,0.0
0.5000000001012254,0.4999999998987747,0.0,0.0
0.5000000006582115,0.49999999934178857,0.0,0.0
0.499999999083142,0.5000000009168579,0.0,0.0
0.4999999819792031,0.500000018020797,0.0,0.0
0.4999999990592256,0.5000000009407745,0.0,0.0
0.49999999887057783,0.5000000011294221,0.0,0.0
0.49999999970787035,0.5000000002921295,0.0,0.0
0.49999999869610195,0.5000000013038981,0.0,0.0
0.4999999995729578,0.5000000004270423,0.0,0.0
0.5000000000307779,0.4999999999692222,0.0,0.0
0.5000000000872488,0.4999999999127513,0.0,0.0
0.19985788788276934,0.19985788788458456,0.4004263385423871,0.19985788569025909
0.4999999991500718,0.5000000008499281,0.0,0.0
0.6327370408517782,3.6861276662944067e-13,1.911005782962549e-12,0.36726295914594226
0.4999999957029792,0.5000000042970207,0.0,0.0
0.4999999921007589,2.2088099758779693e-13,0.5000000002971624,7.601857797472014e-9
0.47756173196853063,2.7453054153023704e-10,0.5224382677557494,1.1894228696667343e-12
0.2499999964130006,0.2500000014589811,0.25000000105993175,0.25000000106808656
0.4999999994122049,3.0320539221269263e-12,0.5000000005846786,8.416043689647055e-14
4.577980218707346e-13,0.13432274465636693,0.7425022750869162,0.12317498025625903
0.5000000004983177,0.4999999995014425,2.3972472168602165e-13,0.0
0.49999998843175225,2.3802339968104183e-8,0.4999999877656677,2.4023190644072346e-13
1.443720823216159e-9,0.49999999948021995,0.4999999990760592,0.0
4.545442799450801e-13,0.1440784497995154,0.7156720405929146,0.14024950960711538
0.2766716064257236,0.36166419681659756,0.36166419675767886,0.0
0.9155578224799549,0.04875017758693147,6.712919966625678e-13,0.03569199993244232
0.8526456521569762,1.261922146206882e-13,0.14735434784216483,7.328797670193887e-13
1.021671934356809e-12,0.15544216268641822,0.40265841155119886,0.4418994257613613
0.23654560027528243,0.7634543997247176,0.0,0.0
0.3971934669312988,0.6028065330687012,0.0,0.0
0.6748624293032496,0.3030974344783245,0.022040136218425994,0.0
0.9135971289974951,0.0362157398225861,1.147117451999401e-13,0.05018713117980398
2.179352179178446e-13,1.6525835166257774e-12,0.7511485335856329,0.24885146641249653
0.5000000026238002,0.4999999973761997,0.0,0.0
2.1001718451167587e-8,0.49999998931987777,0.4999999896784038,0.0
0.6644903652743824,4.696326926373378e-13,4.4639375321105414e-10,0.3355096342787542
0.6185756414483446,0.3814243585516553,0.0,0.0
0.7646127222715585,8.228274187673178e-13,2.3482828532310436e-12,0.23538727772527018
0.19821476531272983,0.8017852346872701,0.0,0.0
0.5000000818360406,0.49999991810856714,3.1661492831791206e-11,2.373068111138381e-11
0.5693609456320536,0.37278735141150465,0.057851702956277624,1.641279783749034e-13
0.9208648800139246,5.384039662615646e-13,4.122244616170882e-12,0.07913511998141483
0.04489230636271428,0.9551076936368335,3.236635215622191e-13,1.285814315566025e-13
0.8215452546389345,0.08922464137861699,0.0892301039823994,4.91856192243892e-14
0.33333333386972114,0.3333333336355435,0.3333333324947354,0.0
0.449994226177487,0.1000115462924049,0.4499942261727965,1.357311644437735e-9
0.5000000018628539,0.49999999813183893,5.307294337496491e-12,0.0
0.16290035920895404,0.674089484152573,0.1630101566381024,3.706172290714635e-13
0.4999999400871832,1.2932973031891024e-7,0.49999993058308645,0.0
0.08719488317076723,0.3643466896264996,0.5484584272013806,1.352684180634216e-12
0.1957737601766522,0.6086466206408168,0.19557961918203703,4.940371119442425e-13
0.18640782565172778,0.18640782570701306,0.6271843486400575,1.2017928637303937e-12
0.5569276813884488,0.44307231861155116,0.0,0.0
0.5549957435610027,0.4450042564389974,0.0,0.0
0.6512971871556391,0.27255248237188734,0.07615033047247355,0.0
0.3446348673466761,0.32768256621762976,0.3276825664332696,2.4245249686053675e-12
0.3324319131098892,0.33513617336535867,0.3324319135239701,7.820947498897877e-13
0.49999999868946216,0.5000000013105378,0.0,0.0
0.3333333336282211,0.3333333332287527,0.33333333314302627,0.0
0.7166925647515452,0.2833074352484548,0.0,0.0
0.7234786746399717,0.2765213253600283,0.0,0.0
0.5000000003829762,0.4999999996170238,0.0,0.0
0.5780854550940735,0.4219145449059264,0.0,0.0
0.8638415200404099,0.13615847995959,0.0,0.0
0.3200078428142996,0.6799921571857005,0.0,0.0
0.8407708259345221,0.15922917406547782,0.0,0.0
0.5000000054555769,0.49999999454442307,0.0,0.0
0.5000001044321805,0.49999989556781965,0.0,0.0
0.5726663628400472,0.42733363715995276,0.0,0.0
0.8330665905520328,0.1669334094479672,0.0,0.0
0.6667279615282704,0.33327203847172965,0.0,0.0
0.5000000000116962,0.4999999999883039,0.0,0.0
0.5905888080998493,0.4094111919001507,0.0,0.0
0.5000000007414626,0.49999999925853755,0.0,0.0
0.5000000104294051,0.4999999895705949,0.0,0.0
0.5000000004123643,0.4999999995876357,0.0,0.0
0.5000000085996018,0.4999999914003982,0.0,0.0
0.5000000006863932,0.4999999993136068,0.0,0.0
0.5000000004069677,0.49999999959303226,0.0,0.0
0.500000001566467,0.4999999984335331,0.0,0.0
0.5000000003987162,0.4999999996012839,0.0,0.0
0.5000000002194632,0.4999999997805368,0.0,0.0
0.5000000000670106,0.4999999999329894,0.0,0.0
0.01724646089927351,5.363507842942284e-13,0.3027783409092239,0.6799751981909662
0.5000000002074195,0.49999999979258053,0.0,0.0
0.32543384757586485,1.074429944298324e-13,0.45790860064981814,0.21665755177420953
0.7488623033902196,0.25113769660914415,3.081524197392639e-13,3.281180275740828e-13
0.8532717068613583,0.14672829313864164,0.0,0.0
0.7123980816234855,1.6099593128861947e-12,0.28760191837425514,6.494813151645779e-13
1.1656658091759117e-12,0.5775164611759536,0.42248353882276424,1.1669896901992718e-13
0.878599848892471,0.12140015110735718,1.2960537880572105e-13,4.224613180315856e-14
0.15306768571364265,0.846932314286029,2.9881929937449377e-13,2.9578790629005565e-14
6.437273761414168e-12,0.9287564139794116,0.07124358601415123,0.0
0.3562819561219636,0.3218590219563937,8.157785729597507e-13,0.32185902192082694
0.3302060949912811,0.33958780985239206,0.33020609515632693,0.0
1.342220882541788e-12,0.7064372623129627,0.2935627304762238,7.209471273627205e-9
0.842857592044081,1.6704244535863098e-12,0.15714240795424858,0.0
0.31225902600777034,5.915466335734202e-11,0.6877409739329867,8.811849231873418e-14
0.4437413788040256,0.11251724323306342,1.1004926663954718e-13,0.44374137796280083
0.3178531838138366,9.388770240976724e-14,0.6821468159461906,2.3987896211711095e-10
0.49999999967146663,0.5000000003285333,0.0,0.0
0.5000000002476764,0.49999999975232357,0.0,0.0
3.091082168114979e-8,0.4999999845218789,0.4999999845672994,0.0
1.245179611463026e-13,0.3333333336955548,0.3333333331977714,0.3333333331065492
0.11637001176179369,0.7672599767922684,0.1163700114457469,1.908144135095066e-13
0.5000000008209713,0.4999999991790287,0.0,0.0
0.32932427873787423,0.3413514422913013,0.32932427897082445,0.0
0.9877513473581552,0.006234014352277109,2.052345738468782e-14,0.006014638289547178
0.8510654703406829,0.14893452965931714,0.0,0.0
0.33038734156382304,0.33922531694558933,6.150619672531895e-13,0.33038734148997256
0.5497353531478999,0.4502646465965981,1.6196189610199942e-13,2.553399768965869e-10
0.9036431715391314,0.09635682846086853,0.0,0.0
0.21925790426764624,2.9178943402728943e-12,0.3766017548905526,0.4041403408388831
0.9276472817764742,0.037724570406205506,1.8839534984879698e-14,0.03462814781730139
0.5000000021224323,4.688380287475003e-10,0.4999999974074251,1.3043834053405966e-12
0.2964000103859372,0.6507770940547676,0.02641145052941134,0.026411445029883993
0.49999994853496477,0.4999999484915829,1.0297345227578112e-7,0.0
0.250000000163142,0.25000000020823704,0.2500000005035363,0.24999999912508472
0.4999999988070596,0.5000000002261131,9.668274076807683e-10,0.0
0.5000000075813044,1.3453603967106064e-10,0.49999999226820785,1.5951817770403206e-11
0.3333333335254967,0.3333333329409745,0.3333333335335288,0.0
0.3175784698872722,0.4393341247467639,0.1215437028510181,0.12154370251494581
0.44081828954981006,0.5591817104493374,3.898372497718486e-13,4.627744357050294e-13
0.48129226451486073,2.987532999494785e-10,0.5187077318734277,3.3129582138409935e-9
0.5000000000933025,0.4999999999066975,0.0,0.0
0.5000000007491682,0.49999999925083183,0.0,0.0
0.3330324400767238,0.3330324400939634,0.3339351198293127,0.0
0.19953695318746242,0.1995369543529414,0.4013891394251396,0.1995369530344567
0.33333333347328487,0.33333333321659064,6.757128811256457e-12,0.33333333330336745
0.5000000000483608,0.4999999999516392,0.0,0.0
0.4138257883398921,0.17234842306436887,0.41382578859573904,0.0
0.6236760618673075,0.37632393813253756,3.707615945164248e-14,1.1786335486612846e-13
0.2681979448911678,0.7318020551088323,0.0,0.0
0.2499999969358246,0.2500000011719886,0.25000000094380115,0.2500000009483857
0.5574350976967569,1.960695669777751e-13,1.9051805191147756e-12,0.44256490230114176
0.6033622877024243,0.39663771229757566,0.0,0.0
0.24001185437568887,0.5199762908529195,1.9972603741642715e-13,0.24001185477119186
0.9514672327013158,0.04853276729853613,9.408568358931615e-14,5.390802332727493e-14
0.49999999905894016,0.5000000004071063,2.0120436168330804e-13,5.337523833293364e-10
4.043556255936011e-13,0.2465416309140727,0.20416847593509926,0.5492898931504236
0.6158332582292869,0.1920822303318631,0.19208451143884986,0.0
0.31698115175883773,0.36603769605915204,2.9130582738431046e-12,0.31698115217909706
0.33094144946408743,0.3381171011321915,0.330941449403721,0.0
0.25000000441355835,0.2500000046986693,0.24999998643146282,0.25000000445630954
0.336635813973307,0.3316820922865813,0.3316820937401117,0.0
0.4999999303901824,1.2484853200216852e-10,0.49999992558117284,1.4390379608404511e-7
1.0802754862690048e-10,0.499999864195006,2.7044831095500604e-7,0.49999986524865553
7.995393398871876e-12,0.33333333302884405,0.3333333334098696,0.33333333355329103
0.49999999972104486,0.5000000002789551,0.0,0.0
0.49999999954900803,0.5000000004509918,0.0,0.0
0.33333333315055336,0.33333333333345216,0.33333333351599465,0.0
2.869047236520742e-10,0.33333333314621855,0.3333333334150199,0.33333333315185687
0.2500000369561117,0.2499998884047381,0.250000037112592,0.2500000375265582
0.5000000001503936,0.4999999998496064,0.0,0.0
0.33333333331946347,0.33333333334861265,0.33333333333192405,0.0
0.33026726914375154,0.33946546171190745,9.639782439335799e-13,0.3302672691433771
0.5292392342268002,0.4707607657731998,0.0,0.0
0.5333698088314807,1.0410478129305152e-12,0.4666301911673284,1.4993718590103429e-13
0.37857318134614504,0.28465665000986445,1.242875897359071e-13,0.3367701686438663
0.6141380720800667,0.38586192791993323,0.0,0.0
0.9600113064426933,0.039988693556544094,5.598596108901904e-13,2.0292210879117224e-13
0.5136464710451486,0.48635352895332024,9.682607343870136e-13,5.628500397311757e-13
0.49231147214087567,0.507688526994396,1.5894179260535208e-13,8.645694569229057e-10
0.9303389936943449,0.06891900164089196,1.9390824585274155e-12,0.0007420046628241085
0.04735731893258376,0.5888679538230754,0.36377472724434073,0.0
0.4000159224911167,0.19999469256833113,0.1999946923825188,0.1999946925580334
0.10297504059580818,0.4485124802737714,0.4485124791304204,0.0
0.1729539562664829,2.301031363111622e-13,0.6542846689480242,0.1727613747852627
0.86063105189955,4.514988314435279e-9,0.13936894358546179,0.0
2.544777757050266e-11,0.17128050989270888,0.8287194900814144,4.288357220422954e-13
0.5081010398491145,0.3242876363784228,2.446797071877437e-13,0.16761132377221807
0.30445071048001626,0.09507891514636581,0.6004703743705347,3.0830781144197585e-12
0.4711081549444057,0.5288918450555944,0.0,0.0
0.46669504999323336,0.5333049500067667,0.0,0.0
0.33692213730128345,0.3315389294012654,0.33153893329745115,0.0
0.33368294996766706,0.3331585249156414,0.33315852511605143,6.400403233651275e-13
0.48684118734087123,0.2557896573935471,0.25736915526512594,4.557963174057193e-13
0.49999999982334326,0.5000000001766566,0.0,0.0
0.33333333452562025,0.33333333290712236,0.33333333256725733,0.0
0.687481894267711,0.2769802031916973,0.03553790134246285,1.1981288644612764e-9
0.4375181177787138,0.5624818822212861,0.0,0.0
2.6123112376461043e-13,0.6858522540352816,7.197729720394148e-13,0.3141477459637374
0.958023446024431,8.024200523567591e-14,0.04197655397545649,3.198698975520251e-14
0.5000000007732672,0.49999999922673294,0.0,0.0
0.08453388171463373,0.9154661182843382,9.75049181009866e-13,5.2980689168482256e-14
4.148200862813317e-12,0.5449022122288928,0.4550977877662969,6.619394467564819e-13
7.133161444435518e-13,2.739503618803823e-13,0.6077638085704051,0.3922361914286076
0.965504704641452,0.03449529532446851,2.0576323160236303e-13,3.3873771562122244e-11
0.3333333332312555,0.3333333333898368,0.33333333337890764,0.0
0.24999999998529443,0.2500000006186766,0.25000000032979885,0.24999999906623
1.8031594689797992e-9,0.4999999992989985,0.49999999889784186,0.0
0.9003536718007623,9.54580503185113e-14,0.04977614567584901,0.049870182523293304
0.3333333333319424,0.3333333333007829,0.33333333336727455,0.0
5.863331305633494e-11,0.6769951242042986,1.7762035673549644e-13,0.3230048757368905
0.8935947835688975,1.9438379411594664e-13,0.10640521642978175,1.12634653122564e-12
2.52177227246951e-13,0.6928938671372556,1.9981630141374155e-12,0.307106132860494
0.49999999863537203,0.500000001364628,0.0,0.0
0.4999999983125988,0.5000000016874011,0.0,0.0
0.2314635849387561,0.2314635885178776,0.5370728265433663,0.0
4.999534626218515e-13,0.3072809436355965,0.34635952834449135,0.34635952801941217
0.49999998914866045,2.199272595531189e-8,1.3545271021035439e-11,0.4999999888450683
0.49999999989866123,0.5000000001013388,0.0,0.0
0.3664949397708256,0.3664949394779652,0.2670101207512091,0.0
0.07598137448736368,0.46200931275781754,0.46200931275481877,0.0
0.49999999732959327,0.5000000026704068,0.0,0.0
0.49999999977964843,0.5000000002197412,6.103962792023287e-13,0.0
0.3383282379221235,0.3383282378777357,0.32334352420014073,0.0
0.5000000116441332,0.49999998835586684,0.0,0.0
3.4836792874859954e-10,0.5000000061725898,0.49999999347904234,0.0
0.5000000003155575,0.4999999994005041,2.839384000776131e-10,0.0
0.4806282887140264,0.4806282932587687,0.03874341802720488,0.0
0.3539570894734254,0.3539570906389772,0.29208581988759735,0.0
0.33333333331057535,0.3333333332140214,0.3333333334754031,0.0
0.8893451352262867,4.958407795154223e-14,0.11065486477366371,0.0
0.9182555822876284,0.0672732945828956,0.014471123129476014,0.0
0.4999999973886237,0.49999999730876854,5.302607755391238e-9,0.0
0.9612934010621788,0.03870659893776693,5.427668272861407e-14,0.0
0.3333333439162385,0.3333333421867725,0.333333313896989,0.0
0.3333333353656293,0.3333333376310032,0.3333333270033676,0.0
0.3333333325012119,0.33333333444154756,0.33333333305724056,0.0
0.4999999971103584,0.5000000028896415,0.0,0.0
0.5000000006263793,0.49999999937362066,0.0,0.0
0.3333333330624985,0.3333333330935699,0.33333333384393166,0.0
0.33333333350507455,0.3333333331969098,0.33333333329801573,0.0
0.33333333339793836,0.3333333332062173,0.3333333333958444,0.0
0.4999999865289766,0.5000000134710234,0.0,0.0
0.33333335480104564,0.3333333228342214,0.33333332236473295,0.0
0.31371942695984417,0.08854945169698646,0.3137194276079612,0.28401169373520824
0.4999999999564843,0.5000000000435156,0.0,0.0
9.538107060937196e-9,0.49999999250735866,0.49999999795321465,1.3196975137602e-12
0.3942089553122631,0.3942089554831989,0.1396394199892088,0.07194266921532935
0.500000002339579,0.4999999976604209,0.0,0.0
5.093741035147712e-13,0.49999999642903986,8.104147612184954e-9,0.499999995466303
0.4999999966953305,0.49999998491459163,1.836662100928979e-8,2.3457062715692314e-11
0.0875466515422362,0.4562266742724893,0.3686800229732488,0.0875466512120257
9.747961990588992e-12,0.333333333804382,0.3333333332709867,0.33333333291488326
0.2500000010536084,0.25000000108319115,0.25000000134668077,0.2499999965165197
0.9366127632405833,4.622114700262583e-14,0.06338723675937043,0.0
0.8488753570394406,0.15112464295956832,9.910760205351347e-13,0.0
0.24999999996233271,0.2500000001403115,0.25000000046129073,0.24999999943606502
0.9232814345738307,0.07671856542612931,3.986357871717352e-14,0.0
0.250000000265416,0.250000000044508,0.250000000362915,0.24999999932716094
0.2499999999096697,0.250000000387753,0.25000000041354875,0.2499999992890285
0.2499999999850183,0.2500000003961594,0.2500000002309619,0.2499999993878604
0.49999999994694705,0.500000000053053,0.0,0.0
0.5000000007242256,0.4999999992757743,0.0,0.0
0.333333333515576,0.3333333330557756,0.33333333342864835,0.0
0.2500000001077165,0.25000000020839375,0.25000000021246366,0.24999999947142618
0.25000000015765983,0.25000000001234657,0.2500000000114872,0.2499999998185064
0.5000000097689036,0.4999999902310964,0.0,0.0
0.5000000860042063,0.4999999137900905,2.0570314493474824e-10,0.0
0.3333333329538178,0.3333333351147522,0.33333333193142994,0.0
0.5000000001028222,0.4999999998971778,0.0,0.0
5.234794490749184e-9,0.49999999724510596,0.49999999752009955,0.0
0.5000000004287152,0.4999999995707111,5.737123498292208e-13,0.0
0.5000000000178275,0.4999999999821725,0.0,0.0
0.09074021764600682,0.45462989150870503,0.4546298908452882,0.0
0.4999999988990405,0.5000000000778481,1.0231115790956618e-9,0.0
0.4999999995860573,0.499999999344996,1.0689467651291652e-9,0.0
0.49999999935173167,0.3849450708880685,0.11505492976019978,0.0
0.4999999991773613,0.4999999985491639,2.2734748066553574e-9,0.0
0.8104262249230327,0.18957377505231057,2.465661265719825e-11,0.0
0.9705723363830017,0.029427663616279354,7.190461011761148e-13,0.0
0.49999999997454003,0.4386072039795346,0.061392796045925416,0.0
0.6735564917293992,0.17263595272387405,0.15380755554672662,0.0
0.333333338101052,0.3333333239959875,0.3333333379029605,0.0
0.04277282719958955,0.4786135866859388,0.4786135861144717,0.0
5.875915650632951e-10,0.49999999976784537,0.49999999964456304,0.0
0.4999999998200152,0.5000000001799848,0.0,0.0
0.5000000003708207,0.49999999962917935,0.0,0.0
0.3333333319273888,0.33333333389214914,0.3333333341804621,0.0
0.5000000000073423,0.49999999971860826,2.7404921041069884e-10,0.0
0.5039207358248585,1.5220250685671486e-9,0.4960792626531164,0.0
0.5000000149182822,0.4999999850817177,0.0,0.0
0.9999999996734928,1.0958285288154632e-12,3.2541135077824976e-10,0.0
0.19999999996802445,0.20000000002135718,0.2000000000007848,0.40000000000983355
0.5000000001189281,0.49999999988107197,0.0,0.0
2.042523358411907e-13,0.13022617970437486,0.7395476407300224,0.13022617956539848
0.06646310760452127,0.8415103342488245,0.09202655814637815,2.761158535180885e-13
0.49999999482524204,0.5000000051747578,0.0,0.0
2.371176289726222e-9,0.5000000009133279,0.49999999310429294,3.6112029461234096e-9
1.839609500026218e-12,0.3333333377476772,0.33333333111690433,0.33333333113357877
0.19999999982878755,0.4000000001039763,0.20000000025332837,0.19999999981390773
0.14655336727264368,3.668870028511649e-13,0.7231780090157996,0.13026862371118988
0.5866151012182148,1.884961391912509e-13,0.09878914991395193,0.31459574886764474
0.4999999978584973,0.4999999980482755,4.093227155865322e-9,0.0
0.49999999944915885,1.2198109544760185e-9,0.499999998805967,5.250631269130019e-10
0.4999999994372755,0.49999999282331015,7.739414247116365e-9,0.0
1.5069528871097661e-9,0.49999999921836275,0.4999999992746843,0.0
0.12462868200653276,0.7507426358554523,0.12462868213784865,1.662777184958305e-13
0.8856475956137648,0.05717620215869861,0.057176202227441214,9.536922224456106e-14
0.26639224413727997,1.6459850046379346e-11,0.4672140453144387,0.26639371053182137
0.5000000043679367,0.49999999563206343,0.0,0.0
0.500000073848296,0.49999992615170397,0.0,0.0
0.01880256854784542,0.4905987157867929,0.4905987156653617,0.0
6.642702195681985e-10,0.5617442715775552,2.390840171502929e-13,0.4382557277579354
0.9377845637053827,1.1700677649366235e-12,0.062215436293398214,4.902530753680028e-14
0.5750731637050229,0.42492683629497713,0.0,0.0
0.3328267484595511,0.33282674842618465,0.33434650311426434,0.0
0.3333333333615379,0.3333333332764249,0.33333333336203713,0.0
0.5000000001006021,0.4999999998993979,0.0,0.0
0.10954248229624698,0.44522875885325147,0.44522875885050145,0.0
0.49165397562180646,0.03953445005141444,0.46881157432677906,0.0
0.5000000001555062,0.4999999998444938,0.0,0.0
0.5000000016115804,5.770862873570826e-13,0.4999999983878426,0.0
0.49999999988290905,2.193712533352067e-10,0.4999999998977197,0.0
0.5000000004862721,0.49999999895115227,5.625756252117638e-10,0.0
0.49999999812138446,5.042389678768822e-9,0.4999999968362259,0.0
0.396219034178458,0.39621903396218877,0.20756193185935318,0.0
0.9079579459341244,0.09204205406581299,6.259250536513635e-14,0.0
0.8932772300888299,0.10672276991112303,4.695652015100931e-14,0.0
0.9309116672853118,0.06908833268923191,2.5456314263321936e-11,0.0
1.8098317034665657e-9,0.4999999991182101,0.4999999990719581,0.0
0.3333333335410951,0.33333333289395356,0.33333333356495126,0.0
0.3333333342751122,0.3333333317946412,0.33333333393024667,0.0
0.3333333331232114,0.33333333345467653,0.3333333334221121,0.0
0.4999999976624032,0.5000000023375968,0.0,0.0
0.5000000005099888,0.4999999994900112,0.0,0.0
0.3333333331482176,0.3333333336908115,0.3333333331609709,0.0
0.33333333331694764,0.33333333334927523,0.3333333333337771,0.0
0.3333333333612322,0.33333333336805343,0.33333333327071435,0.0
0.49999992818753425,0.5000000718124658,0.0,0.0
0.33333334625395006,0.3333333269414302,0.3333333268046197,0.0
0.19994755651847823,0.1999475565206581,0.19994755627598887,0.4001573306848748
0.5000000003837105,0.4999999996162895,0.0,0.0
0.4999351064158204,0.30593260889059204,7.662451083359195e-12,0.19413228468592506
2.429306864921489e-13,0.29799420541202154,0.4040115890376333,0.2979942055501022
0.5000000002566987,0.4999999997433013,0.0,0.0
1.6264216277004601e-9,0.49999999933588557,0.49999999903720466,4.879353810278879e-13
0.43743078365133714,0.47914359499696385,0.041712810684941565,0.041712810666757374
0.25000000370425585,0.25000000343319984,0.2499999954782314,0.24999999738431297
0.2132861371569334,5.456321394248608e-9,0.7867138573863268,4.1845193529165113e-13
5.52636764881629e-13,0.21531265732271568,0.7846873426750223,1.7094960995558586e-12
0.3333333339912705,0.33333333398571247,0.33333333202301707,0.0
0.4254150727828206,0.42541507277830237,0.07458492903482951,0.07458492540404747
0.33333333620546374,0.33333332841699986,0.3333333353775364,0.0
0.21851072617871867,0.5633802580774918,0.21810901574352579,2.6351151520796927e-13
0.3461223143464402,0.34612231431483226,0.30775537133872743,0.0
0.8938184536534469,0.004482321812822065,9.357931668997664e-5,0.10160564521704098
0.9413379221545085,4.841907098914136e-13,4.26551776170692e-12,0.05866207784074192
0.4198854303238206,0.5801145696761795,0.0,0.0
0.6180174230729508,0.3819825769270492,0.0,0.0
0.6293947537183321,0.021837106495169362,0.3487681397864986,0.0
0.8901664984887078,0.07213687822367436,0.00037038346411025756,0.03732623982350759
0.10955158253176216,0.17129909546438102,0.7191493220036382,2.185507385053769e-13
0.617961883669,0.38203811633099993,0.0,0.0
3.2528864769033994e-12,0.4887874711465192,0.5112125288502279,0.0
0.25000000055417443,0.25000000053218163,0.24999999808477993,0.2500000008288641
0.5000000002767738,0.4999999997232261,0.0,0.0
0.8886331519686392,7.652855919718394e-14,0.056469196163936246,0.054897651867348
0.3708417001081187,1.4553617249481414e-13,0.3143919827643193,0.3147663171274165
0.5000000007147875,0.49999999928521244,0.0,0.0
0.49999999961738867,1.107314355670408e-9,1.1583367274568706e-13,0.4999999992751812
0.460522741277347,0.5394772585340801,1.0489492541426236e-12,1.8752393726694215e-10
0.2500000005403331,0.25000000028654995,0.2500000004345415,0.24999999873857545
0.534236544241684,0.24387153305685413,0.22189192270116015,3.015921482997301e-13
0.9490167183554731,4.03855710321346e-13,0.05098328164223527,1.887878074540532e-12
0.3511716214463343,0.3511716214407808,0.297656757112885,0.0
0.25000000266909433,0.2500000006219623,0.25000000111177967,0.24999999559716382
0.33333333513060837,0.33333333007299093,0.33333333479640065,0.0
0.8944805364939348,0.05315923523456328,0.052360228271313786,1.8804266282539707e-13
0.3333333334974491,0.3333333336612854,0.3333333328412655,0.0
0.9701178635271959,1.005389071999153e-12,0.020886243101389257,0.008995893370409456
0.7953910615091223,4.783437662899661e-13,4.622765416360355e-12,0.20460893848577646
0.7620717297589634,0.23792827024103652,0.0,0.0
0.6610097413879393,0.3389902586120607,0.0,0.0
0.48184681076282526,0.2427393039111839,0.2754138853259909,0.0
0.2007122452848641,0.6665900794263426,7.303264497924826e-13,0.13269767528806287
7.095697329101299e-13,0.5842794069637485,0.21530281425557643,0.20041777877996556
0.49999999990943395,0.500000000090566,0.0,0.0
0.3329775168016936,0.3329775167964701,0.3340449664018363,0.0
0.19988083343305899,0.19988083343377505,0.19988083308549076,0.4003575000476753
0.5000000001459325,0.4999999998540674,0.0,0.0
8.550337674858761e-12,0.2375342510423126,0.29143510501814857,0.47103064393098854
3.794949592326807e-13,0.08749640979087266,0.1832198729546667,0.7292837172540813
0.5000000005650223,0.4999999994349777,0.0,0.0
0.19999999996584383,0.20000000002955776,0.2000000000351338,0.39999999996946456
0.2548786041049319,0.16337312316366004,0.4183751495250038,0.16337312320640432
0.49999999938399625,5.046586542844346e-10,4.883124203497711e-10,0.49999999962303265
0.058370723173372184,0.05837072407250222,0.8832585527533301,7.954862623885068e-13
6.516452212040087e-13,0.2493340941471574,0.7506659058478532,4.337752328847343e-12
0.3333333332936424,0.3333333334261818,0.3333333332801758,0.0
0.2500000003848005,0.25000000028754943,0.2500000003804784,0.24999999894717173
0.3333333291816791,0.33333338110618604,0.33333328971213483,0.0
0.09887420221065274,0.10492768644852934,0.7961981113404463,3.715985777391442e-13
0.3333333333311654,0.3333333333492348,0.3333333333195997,0.0
0.9737310206541927,3.971081257627191e-12,1.0514698520865923e-12,0.026268979340784704
0.8447397095971846,5.420993095247247e-12,0.03199366101237234,0.12326662938502213
0.8709927521414244,0.12900724785857567,0.0,0.0
0.5069315808622347,0.4930684191377653,0.0,0.0
0.8040851369486248,0.09793176886530715,0.0979830941860679,0.0
0.8300928629398017,2.684649018847335e-12,0.09840877791987399,0.07149835913763959
0.17216434245163778,0.12128908133232903,0.7065465762158292,2.041048515983283e-13
0.6029552619038252,0.3970447380961748,0.0,0.0
4.719529510395461e-12,0.490639632884013,0.5093603671112674,0.0
0.49999999998681716,0.5000000000131829,0.0,0.0
0.5000000000730855,0.49999999992691435,0.0,0.0
0.17668908066117342,0.8233109193388266,0.0,0.0
0.9376690310012524,0.06233096899874755,0.0,0.0
0.5000000005430982,0.4999999994569019,0.0,0.0
0.49999999987774696,0.500000000122253,0.0,0.0
0.5000000000261875,0.4999999999738125,0.0,0.0
0.5000000005681888,0.4999999994318111,0.0,0.0
0.4999999984919508,0.5000000015080492,0.0,0.0
0.4999999965938412,0.5000000034061588,0.0,0.0
0.4999999994188947,0.5000000005811053,0.0,0.0
0.49999999999605943,0.5000000000039406,0.0,0.0
0.4999999998301468,0.5000000001698531,0.0,0.0
0.224152007091588,0.7758479929084119,0.0,0.0
0.5000000012189396,0.4999999987810603,0.0,0.0
0.47947065066106886,0.5205293493389312,0.0,0.0
0.7852660349007644,0.2147339650992356,0.0,0.0
0.8504668784032879,0.1495331215967121,0.0,0.0
0.7840964091239684,0.21590359087603161,0.0,0.0
0.7631436628338001,0.23685633716619994,0.0,0.0
0.8856816875817798,0.1143183124182202,0.0,0.0
0.251364148720813,0.748635851279187,0.0,0.0
0.7088476897853294,0.29115231021467064,0.0,0.0
0.47405961701924276,0.5259403829807573,0.0,0.0
0.49999999952881624,0.5000000004711836,0.0,0.0
0.500000000200483,0.49999999979951704,0.0,0.0
0.340386812075407,0.6596131879245929,0.0,0.0
0.6122000210402012,0.3877999789597987,0.0,0.0
0.5000000017817098,0.49999999821829016,0.0,0.0
0.5000000002865433,0.49999999971345677,0.0,0.0
0.5000000001187809,0.4999999998812192,0.0,0.0
0.5000000007233887,0.49999999927661143,0.0,0.0
0.5000000010977339,0.4999999989022661,0.0,0.0
0.35659920391947897,0.643400796080521,0.0,0.0
0.5000000003944493,0.4999999996055507,0.0,0.0
0.5000000025249741,0.4999999974750259,0.0,0.0
0.5000000000826099,0.4999999999173902,0.0,0.0
0.6711695137108131,0.3288304862891869,0.0,0.0
0.5000000213469982,0.4999999786530017,0.0,0.0
0.600960550517086,0.39903944948291403,0.0,0.0
0.5741569452751893,0.4258430547248107,0.0,0.0
0.748725408919529,0.25127459108047095,0.0,0.0
0.5825507223516545,0.4174492776483455,0.0,0.0
0.775080683365895,0.22491931663410497,0.0,0.0
0.5948171533253133,0.4051828466746868,0.0,0.0
0.8979014089428632,0.10209859105713688,0.0,0.0
0.9580499362298694,0.04195006377013061,0.0,0.0
0.5969776141943913,0.40302238580560884,0.0,0.0
0.33333333339475696,0.33333333331774706,0.33333333328749604,0.0
0.5000000002780781,0.4999999997219219,0.0,0.0
0.7005835838338101,0.1515949763551928,0.14782143981099705,0.0
0.33333333029416357,0.3333333330988253,0.3333333366070112,0.0
0.4999999997101635,0.5000000002898365,0.0,0.0
0.41862838564292726,0.4186283856121774,0.16274322874489536,0.0
0.4153982594398851,0.41539825939933733,0.1692034811607775,0.0
0.49999998337013674,0.49999998243038757,3.419947556697869e-8,0.0
0.3333333330175605,0.33333333373286195,0.3333333332495775,0.0
0.07667896544661135,0.5858250457455662,0.3374959888078225,0.0
0.33333333348174876,0.333333333263394,0.3333333332548572,0.0
0.33333333334408377,0.33333333346735283,0.3333333331885635,0.0
0.28973581760611933,0.49999999986214444,0.2102641825317361,0.0
0.01967737714826919,0.8694215637968201,0.11090105905491061,0.0
0.3333333332464894,0.33333333349232946,0.33333333326118125,0.0
0.2843835281170519,0.4425057915784831,0.27311068030446506,0.0
0.30849786177971716,0.4284438529944825,0.2630582852258002,0.0
0.766565230300757,0.11665027628555577,0.1167844934136873,0.0
0.6736801225770654,0.3263198774229345,0.0,0.0
0.8655006928185389,0.13449930718146108,0.0,0.0
0.14479419247976463,0.7184573157117526,0.13674849180848261,0.0
0.9617115131753063,1.6126549876365876e-12,0.038288486823081,0.0
0.755444591927617,0.24455540807238302,0.0,0.0
0.4629396896708892,0.26853015513031114,0.2685301551987997,0.0
0.1999664344682482,0.19996643447038903,0.4001006967319867,0.19996643432937605
0.5000000001785542,0.49999999982144583,0.0,0.0
0.8763567105688856,0.016989370852680125,0.1066539185556219,2.2812172470131368e-11
4.163281093634828e-13,0.37013980389655005,0.3149300978097032,0.31493009829333046
0.49999999939718337,0.5000000006028166,0.0,0.0
0.2499999996751327,0.2500000000546446,0.2500000002283477,0.2500000000418749
0.007607882670931196,0.9923921142298051,1.2388025724160357e-9,1.8604611069774948e-9
0.4855870243747951,0.014412975703404053,0.01441297581802031,0.4855870241037805
0.333333333496295,0.3333333335869686,0.33333333291497647,1.759823847610373e-12
6.088382938338664e-13,2.0999900674200128e-12,0.25061055598557236,0.7493894440117188
0.3333333333286537,0.3333333334018608,0.33333333326948544,0.0
0.2500000220079758,0.25000002256910303,0.2500000217118853,0.249999933711036
0.49999999670156375,0.4999999999729205,3.325515905533977e-9,0.0
0.27711477870933227,0.44207708624538294,2.415838734100173e-13,0.28080813504504326
0.33333333329564346,0.33333333339713794,0.33333333330721854,0.0
0.8733108658946337,0.07700048961112789,0.016207828556276678,0.033480815937961594
0.22184010722884448,0.5247235000831986,0.25343639268714047,8.165227609350241e-13
0.869093338676977,2.530918885834874e-13,0.07407850569829245,0.05682815562447754
0.913499029756618,0.08650097024338195,0.0,0.0
0.8457769248485383,0.1542230751514617,0.0,0.0
0.3034144817866044,0.39799349563523406,0.29859202257816153,0.0
0.9288046451378517,0.0055166206481443315,1.3397712826754682e-13,0.06567873421386992
0.5351442156531606,0.46485578434683933,0.0,0.0
0.47914199902643734,0.5024809547876338,0.01837704618592882,0.0
0.49999999090775715,3.6443068508351307e-9,3.6255130172606715e-9,0.500000001822423
0.49999999986319366,0.5000000001368065,0.0,0.0
2.1878845137297528e-13,2.9768250334178604e-11,0.5978744463895473,0.40212555358046553
0.176958533652532,0.17695853442408802,0.6460829319227451,6.350188843418646e-13
0.5000000002597104,0.49999999974028964,0.0,0.0
0.3333333331247179,0.3333333340233839,0.33333333285180605,9.216742677450021e-14
0.07388503751076796,0.389172443476143,0.46305748136247277,0.07388503765061621
0.24999999975377835,0.2500000002717153,0.2500000004032245,0.24999999957128163
0.3333333332246644,0.3333333333909176,0.3333333333841148,3.031296847685292e-13
9.439549810790762e-12,0.8486882515021377,6.731658924246463e-13,0.15131174848774956
0.333333333355887,0.3333333333419237,0.3333333333021893,0.0
0.2500000001515638,0.2500000002675442,0.25000000020025365,0.24999999938063824
0.500000000068537,0.4999999891109971,1.0820465797888365e-8,0.0
0.838873785012248,3.582382678388369e-13,0.08053140748320309,0.08059480750419071
0.33333333333301485,0.3333333333421577,0.3333333333248273,0.0
0.27728286160296994,0.42503160364731,1.415337898334645e-13,0.29768553474957843
8.361156510307162e-13,0.5209732639166396,0.23873002429342052,0.24029671178910386
0.3318718743407074,8.81117905354297e-12,0.6681281256503597,1.2163221012008652e-13
0.20576139689334494,0.7942386031066551,0.0,0.0
0.5006417121763919,0.4993582878236082,0.0,0.0
0.3333287476185594,0.33332875025362213,0.3333425021278184,0.0
0.7541929716851001,1.0038847220607143e-13,0.08591314401305945,0.1598938843017401
0.6512704140565143,0.34872958594348563,0.0,0.0
0.17555964937085558,0.8244403506261213,3.0231291372714556e-12,0.0
0.500000000542306,0.49999999945769397,0.0,0.0
0.5000000014806391,0.49999999851936106,0.0,0.0
0.5000000127868961,0.499999987213104,0.0,0.0
0.5000000061243405,0.4999999938756594,0.0,0.0
0.4999999999613745,0.5000000000386254,0.0,0.0
0.5000000002088566,0.49999999979114335,0.0,0.0
0.5000000002595616,0.4999999997404385,0.0,0.0
0.5000000000300089,0.499999999969991,0.0,0.0
0.5000000030108994,0.49999999698910064,0.0,0.0
0.5000000005845434,0.4999999994154565,0.0,0.0
0.5000000000272627,0.4999999999727372,0.0,0.0
0.49999999986865595,0.500000000131344,0.0,0.0
0.5000000002091645,0.4999999997908356,0.0,0.0
0.6311717989945501,0.36882820100544983,0.0,0.0
0.49999999977241066,0.5000000002275893,0.0,0.0
0.500058956512341,0.499941043487659,0.0,0.0
0.5000000007775998,0.4999999992224001,0.0,0.0
0.5026475333410478,0.49735246665895216,0.0,0.0
0.5476276959114198,0.45237230408858026,0.0,0.0
0.5016170389819812,0.4983829610180188,0.0,0.0
0.5000957134442072,0.4999042865557928,0.0,0.0
0.5930306719091352,0.40696932809086483,0.0,0.0
0.9274553233598738,0.07254467664012626,0.0,0.0
0.848857813505914,0.151142186494086,0.0,0.0
0.3333333334820075,0.33333333353851025,0.3333333329794822,0.0
0.4999999999133517,0.5000000000866484,0.0,0.0
0.49999999988803123,0.4999999997751645,3.368042792590045e-10,0.0
0.3118134507490569,0.3440932746070306,0.34409327464391243,0.0
0.50000000012378,0.49999999987622,0.0,0.0
0.07867420458094036,0.46933368099666367,0.45199211442239584,0.0
0.49999999986373256,0.5000000000851863,5.108100574960303e-11,0.0
0.3333333333213554,0.33333333332084525,0.3333333333577994,0.0
0.49999999941442275,6.839622378866248e-10,0.49999999990161487,0.0
0.49999999504905757,0.5000000028142608,2.136681559078657e-9,0.0
0.3333333347788936,0.3333333304352519,0.33333333478585464,0.0
0.49999999851932525,0.4800214930006324,0.019978508480042307,0.0
0.9999999893099423,3.4983647252222393e-12,1.0686559394896023e-8,0.0
8.050461640716716e-10,0.49999999966716896,0.4999999995277849,0.0
0.3333333363195752,0.3333333273620794,0.3333333363183454,0.0
3.244575501317978e-11,0.4997408009545777,0.5002591990129766,0.0
5.353468317962095e-10,0.4999999997308565,0.4999999997337966,0.0
2.0076459061366747e-11,0.4999967100874894,0.5000032898924341,0.0
0.49787851805159533,0.5021214819484047,0.0,0.0
0.5000000004571971,0.4999999995428029,0.0,0.0
0.14792916153206476,0.42603541923906124,0.4260354192288741,0.0
0.49999949875764027,3.0481569819953235e-12,0.5000005012393115,0.0
0.05497986113370242,0.9450201388618328,4.464883664381174e-12,0.0
0.9999999999998183,1.8168689079099873e-13,0.0,0.0
