---flow allocation with alpha---
0.01009045
0.016083284
0.004103496
0.011480934
0.016668623
0.015376148000000001
0.0021046686000000003
0.018939039999999997
0.00524656
0.009487615
0.004511612999999999
0.00797732
0.011584917
0.0034694842999999998
0.002649601
0.003282372
0.016557918999999997
0.0012808461
0.0030140327999999997
0.0008399222
0.0058644733
0.016146286
0.0009456861
0.016756878
0.00019592014999999998
0.0067702985
0.016713232
0.019798689
0.013675094
0.012520397
0.0032303002
0.00047584146
0.011388009000000001
0.018102072
0.0018143872
0.015779889000000002
0.0061222177
0.013355349
0.006276362
0.019677958
0.0057492085
0.00087943333
0.015838009
0.0055327263000000005
0.016524517
0.014990778
0.005355213
0.0016365281
0.0078628955
0.005242378999999999
0.003792023
0.0076444664
1.8787095e-5
0.011123913
0.0067417912
0.00938504
0.009570324
0.018373463
0.0085138855
0.0015129049000000001
0.005732813400000001
0.0016908405
0.004562667
0.018190612999999998
0.009024751000000001
0.0034765937
0.011759207
0.006945347
0.011186119
0.014849316999999999
0.011939418
0.0028136603999999996
0.019902654999999998
0.015286659000000001
0.0018417679
0.00047746807000000004
0.013588606
0.0019027606999999999
0.010866165
0.0005711363000000001
0.017828458999999998
0.0027220535
0.013458434
0.005754241
0.004032311
0.0017308213
0.00285762
0.01387138
0.016735693000000003
0.017307257
0.00018614016
0.0029476399999999996
0.008072666999999999
0.00401222
0.019059599
0.0071267037000000005
0.0038111975
0.009024855
0.007002925399999999
0.015615843999999999
0.0060910444000000005
0.014049869
0.009165010000000001
0.008035119
0.014785503
0.0064736004
0.012500907
0.008464138
0.00982486
0.0040162077
0.015223704
0.004338328
0.015521604
0.010230354
0.010906839
0.012498148
0.012952019
0.00054688466
0.001531258
0.0031908753000000002
0.004525112
0.008167732
0.019665518
0.0034256525
0.016038944
0.0040812984
0.007806803
0.010253436000000001
0.014468982
0.019367672
0.01208312
0.00535525
0.014897140500000001
0.008726935
0.013620992
0.0193703
0.012368613
0.0029919120000000002
0.019718997999999998
0.009297041
0.006432141299999999
0.011658634
0.015395671
0.014183916
0.019427412
0.007509758
0.0018514245000000001
0.017522504999999997
0.001619573
0.00034644958
0.0027741137
0.011657299
0.0023848707999999997
0.0048000526
0.014755865
0.010232298999999999
0.002054014
0.001290532
0.016852182
0.01024342
0.015913916
0.011955107999999999
0.00703842
0.016714018
0.0014537767
0.011403065
0.015559749999999999
0.01845853
0.0030144458
0.0060606194
0.011448204
0.0057456569999999995
0.006529409399999999
0.015485806
0.0068988357000000005
0.012291198
0.018012526
0.011696234
0.0021402133000000003
0.0029954352000000004
0.00741934
0.0021443067
0.010058161
0.004939245
0.017269563999999998
0.004840768
0.0035319683999999996
0.0007410934
0.006468489
0.0008518393
0.00010789783
0.012725524
0.014984983
0.0018996173999999998
0.014414605
0.012862615999999999
0.008805959
0.0015368028
0.015513208
0.015119712
0.019640465
0.018769505
0.008474819
0.0035284328
0.0044218183
0.010240581
0.014718281
0.017822565000000002
0.018105965
0.015896611
0.008269126
0.00014813691000000002
0.012733714
0.014947162
0.0006624046
0.017326526999999998
0.002239324
0.011982284999999999
0.009437327
0.014717517000000001
0.0041605389999999996
0.010443600999999999
0.0074464810000000005
0.004118959
0.0017238103
0.0035573277
0.009542528000000002
0.018197395
0.013629262000000001
0.014215021999999999
0.009162438
0.013601105
0.0037058957
0.013638372999999999
0.018064302
0.011716698
0.015933958
0.0012723608
0.017813818000000002
0.01573672
0.010946189
4.3940857e-5
0.014319451
0.015736221
0.008797207
0.0023474312
0.0012499058
0.008894761000000001
0.0077996129999999995
0.006235025
0.008323177
0.019199667
0.018204401000000002
0.014654026
0.0005057858
0.017725117000000002
0.0072354216999999995
0.008179494999999998
0.018512558
0.015609965
0.006997009
0.00060712516
0.0151787815
0.006627074
0.011213905
0.011430483
0.015607282
0.013175154
0.007145146999999999
0.014966100000000001
0.0067464136999999995
0.0063485155000000005
0.011790541
0.0044606360000000005
0.015946916
0.0016467453000000001
0.0030709224000000004
0.014685795
0.0018109367
0.018283736999999998
0.0003671682
0.018831087
0.016237928
0.01950807
0.009679632
0.012642799
0.017667973
0.013840116
0.011222113
0.010936926
0.01816322
0.005048384
0.019730875000000002
0.013023251
0.0013755552
0.00074357706
0.005306015999999999
0.014524321
0.010048106000000001
0.014425499999999999
0.011899416999999999
0.0052654715000000005
0.0013734082
0.011737545
0.0028000539999999997
0.0036202457
0.0018022571
0.0027300040000000003
0.0052992787
0.0068759475
0.0038167543
0.019445953
0.015075286
0.013387254999999999
0.0018250397000000001
0.017881348
0.010974035
0.008414524
0.005551179000000001
0.01230849
0.0145758095
0.014700243
0.019170532
0.018656292
0.019173107
0.010549861999999998
0.009484549
0.015361649
0.017933690999999998
0.010836152
0.012384555
0.017349255
0.013935836
0.014905291999999999
0.012245113
0.0016731844
0.012981666000000001
0.012195434
0.012586321999999999
0.016855078
0.00936701
0.008680835
0.0061629763
0.002126379
0.0038593395
0.009765026999999999
0.006038435
0.010686368
0.012365236
0.0012685841
0.00995881
0.0041669292
0.005953946
0.0058088064
0.010388422
0.017076360000000002
0.01358503
0.0015324873
0.0005680815599999999
0.014481744000000001
0.00052576005
0.004003236
0.016773811
0.00086577225
0.0024042904
0.010786899
0.0058310285
0.0005297030000000001
0.006259568
0.00081838334
0.010813884
0.006847050699999999
0.009890860999999999
0.016895617
0.013724979
0.017420727
0.014794356
0.004112429999999999
0.013221413
0.008772183999999999
0.018218391
0.018231075
0.014027617
0.014349196
0.0019839171
0.014899998
0.019907408
0.0042353354
0.005965969000000001
0.0079701934
0.018594635
0.0022816136
0.017647787
0.008228404
0.010723839
0.008218175000000001
0.012003365
0.018472406
0.0037486103
0.012374577999999999
0.0016972111000000002
0.014888794
0.00016997298999999998
0.014222588999999999
0.018958853
0.0036294322
0.018534273
0.014129797999999999
0.010930602000000001
0.018673233
0.0018260430999999999
0.014576625999999999
0.005916141
0.007585154
0.011767668
0.017009588
0.010800269999999999
0.0060331516
0.00834637
0.00014214861
0.013147611
0.012457254000000001
0.017904928
0.0038696213
0.0030099683
0.0035442076
0.0065186796
0.007212589300000001
0.009413886
0.018283327
0.0090211
0.013322449
0.0070521126
0.018036026
0.00058077824
0.014975002
0.00782788
0.0068513246
0.009479084
0.019543213
0.017004623
0.011467565
0.01106571
0.0027554889
0.012867637999999999
0.0075244827
0.014498046
0.014125768
0.012816777
0.018454889999999998
0.0001694842
0.007168255
0.01212613
0.007335273
0.0041797113000000006
0.017361479
0.00668787
0.00916839
0.007176043
0.014143348
0.019481464
0.015208753
0.01876481
0.008099239000000001
0.0053426366
0.015514105
0.006478790799999999
0.0017685819
0.007393328
0.0050865793000000005
0.019413147
0.013776128
0.018852613
0.010517148
0.017989704
0.015108711
0.010341402999999999
0.011180672
0.019560406
0.006941904499999999
0.0028690987
0.001988873
0.0029446132
0.008208205
0.003773489
0.0024480317
0.005825215
0.0057436986
0.002032978
0.019534744
0.009602783
0.004380173
0.01340833
0.0018782687
0.0005274616
0.012656057
0.010167641
0.017112053
0.008118155
0.0068424487
0.018216862
0.0076465926
0.0013324202
0.011839776
0.01654111
0.017689293
0.013632601
0.019458258
0.009296134000000001
0.017366495
0.008718992
0.0077841635
0.0045223584
0.0020395663
0.004898692
0.009729691
0.006502193
0.0042253466
0.0052696366000000005
0.005313352
0.017723848
0.0007166348
0.0028805792
0.004673106
0.010605037
0.016975319
0.0036873386
0.0017377707
0.0026698358
0.009793122
0.015770856
0.01944682
0.005058709000000001
0.008870107
0.01204509
0.0044451080000000006
0.009522240999999999
0.01242197
0.0120014105
0.016726679
0.013617281
0.012844212
0.01625126
0.0013297501
0.0046645575
0.010575968
0.017846464
0.0005187111
0.013524523
0.009951827
0.004403855
0.013936315999999999
0.0040437922
0.016421144000000002
0.009192862999999999
0.016333711999999997
0.012778316
0.016275465
0.0065158740000000005
0.0127793865
0.013838862
0.015002146
0.013751648
0.00098814607
0.009796674
0.017621084
0.0065694813999999995
0.016799076
2.0770437999999997e-5
0.009151697
0.016885063
0.018740545
0.017876469
0.0027934308
0.009176397
0.002752324
0.016403221
0.0005502801
0.01121158
0.0013507615
0.00035235128
0.011113301999999999
0.010617065
0.016864508
0.0011375633
0.007580763
0.016655722
0.011334308999999999
0.015803712
0.0063353260000000005
0.015975683
0.017729979
0.012402111
0.013409974
0.0039533992
0.0026401873
0.001952894
0.010895079
0.019139134999999998
0.0050649414
---weights per flow tunnel---
0.5,0.5,0.0,0.0
0.5,0.5,0.0,0.0
0.25,0.25,0.25,0.25
0.9735858869377828,0.026414113062217238,0.0,0.0
0.0,0.07888407819257832,0.07888407819257832,0.8422318436148434
0.0,0.0,0.08108246129680474,0.9189175387031953
0.0,0.3333333333333333,0.3333333333333333,0.3333333333333333
0.021284294304501253,0.021284294304501253,0.021284294304501253,0.9361471170864963
0.0,0.33333333333333337,0.33333333333333337,0.33333333333333337
0.5,0.0,0.5,0.0
0.0,0.5,0.5,0.0
0.5,0.5,0.0,0.0
0.0,0.5,0.5,0.0
0.5,0.0,0.5,0.0
0.0,0.5,0.5,0.0
0.0,0.33333333333333337,0.33333333333333337,0.33333333333333337
0.25,0.25,0.25,0.25
0.5,0.5,0.0,0.0
0.5,0.5,0.0,0.0
0.5,0.5,0.0,0.0
0.0,0.3333333333333333,0.3333333333333333,0.3333333333333333
0.0,0.31661520420385303,0.36676959159229405,0.31661520420385303
0.5,0.5,0.0,0.0
0.33333333333333337,0.33333333333333337,0.33333333333333337,0.0
0.5,0.5,0.0,0.0
0.5,0.5,0.0,0.0
0.07476614804294518,0.9252338519570549,0.0,0.0
0.5810899835625193,0.41891001643748077,0.0,0.0
0.5,0.5,0.0,0.0
0.1670499553378495,0.8329500446621505,0.0,0.0
0.5,0.5,0.0,0.0
0.5,0.5,0.0,0.0
0.5,0.5,0.0,0.0
0.5,0.5,0.0,0.0
0.5,0.5,0.0,0.0
0.5,0.5,0.0,0.0
0.5,0.5,0.0,0.0
0.5,0.5,0.0,0.0
0.5,0.5,0.0,0.0
0.5,0.5,0.0,0.0
0.5,0.5,0.0,0.0
0.5,0.5,0.0,0.0
0.5,0.5,0.0,0.0
0.041505846273414054,0.9584941537265859,0.0,0.0
0.5,0.5,0.0,0.0
0.334504903512061,0.665495096487939,0.0,0.0
0.5,0.5,0.0,0.0
0.5,0.5,0.0,0.0
0.25,0.25,0.25,0.25
0.5,0.5,0.0,0.0
0.0,0.0,0.5,0.5
0.5,0.5,0.0,0.0
0.0,0.3333333333333333,0.3333333333333333,0.3333333333333333
0.0,0.0,0.5,0.5
0.0,0.5,0.5,0.0
0.0,0.5,0.5,0.0
0.0,0.0,0.981372629382287,0.018627370617712982
0.5,0.5,0.0,0.0
0.0,0.3333333333333333,0.3333333333333333,0.3333333333333333
0.0,0.5,0.5,0.0
0.0,0.5,0.0,0.5
0.33333333333333337,0.33333333333333337,0.33333333333333337,0.0
0.0,0.0,0.5,0.5
0.0,0.0,0.5,0.5
0.0,0.5,0.0,0.5
0.5,0.5,0.0,0.0
0.5,0.5,0.0,0.0
0.0,0.5,0.5,0.0
0.0,0.33333333333333337,0.33333333333333337,0.33333333333333337
0.0,0.0,0.09072859546619047,0.9092714045338095
0.5,0.5,0.0,0.0
0.0,0.5,0.5,0.0
0.032847538756689755,0.3223841537477701,0.3223841537477701,0.3223841537477701
0.05010768588649136,0.9498923141135087,0.0,0.0
0.0,0.0,0.5,0.5
0.5,0.5,0.0,0.0
0.33333333333333337,0.0,0.33333333333333337,0.33333333333333337
0.0,0.5,0.5,0.0
0.0,0.0,0.5,0.5
0.0,0.0,0.5,0.5
0.0,0.5,0.0,0.5
0.3333333333333333,0.3333333333333333,0.3333333333333333,0.0
0.02870131190757347,0.0,0.0,0.9712986880924265
0.5,0.0,0.5,0.0
0.25,0.25,0.25,0.25
0.3333333333333333,0.3333333333333333,0.3333333333333333,0.0
0.3333333333333333,0.3333333333333333,0.3333333333333333,0.0
0.0,0.029053422487475868,0.8712302957892074,0.09971628172331669
0.4,0.19999999999999996,0.19999999999999996,0.19999999999999996
0.5,0.5,0.0,0.0
0.5,0.5,0.0,0.0
0.5,0.5,0.0,0.0
0.0,0.3333333333333333,0.3333333333333333,0.3333333333333333
0.0,0.5,0.0,0.5
0.5,0.5,0.0,0.0
0.0,0.5,0.5,0.0
0.5,0.5,0.0,0.0
0.09837695180380489,0.9016230481961951,0.0,0.0
0.5,0.5,0.0,0.0
0.9573945781781303,0.04260542182186974,0.0,0.0
0.5,0.5,0.0,0.0
0.03575149455496042,0.9642485054450396,0.0,0.0
0.5,0.5,0.0,0.0
0.5,0.5,0.0,0.0
0.5,0.5,0.0,0.0
0.5,0.5,0.0,0.0
0.5,0.5,0.0,0.0
0.5,0.5,0.0,0.0
0.5,0.5,0.0,0.0
0.5,0.5,0.0,0.0
0.5,0.5,0.0,0.0
0.5,0.5,0.0,0.0
0.5,0.5,0.0,0.0
0.5,0.5,0.0,0.0
0.5,0.5,0.0,0.0
0.5,0.5,0.0,0.0
0.5,0.5,0.0,0.0
0.5,0.5,0.0,0.0
0.5,0.5,0.0,0.0
0.5,0.5,0.0,0.0
0.25,0.25,0.25,0.25
0.5,0.5,0.0,0.0
0.0,0.3333333333333333,0.3333333333333333,0.3333333333333333
0.0,0.0,0.5,0.5
0.5,0.5,0.0,0.0
0.0,0.5,0.0,0.5
0.0,0.5,0.0,0.5
0.25,0.25,0.25,0.24999999999999997
0.0,0.5,0.5,0.0
0.5,0.5,0.0,0.0
0.0,0.5,0.0,0.5
0.5,0.0,0.5,0.0
0.0,0.07336759175549855,0.07336759175549855,0.8532648164890029
0.5,0.0,0.5,0.0
0.0,0.5,0.5,0.0
0.25,0.25,0.25,0.25
0.0,0.0,0.5,0.5
0.5,0.5,0.0,0.0
0.5,0.5,0.0,0.0
0.3333333333333333,0.3333333333333333,0.3333333333333333,0.0
0.0,0.3333333333333333,0.3333333333333333,0.3333333333333333
0.0,0.0,0.5,0.5
0.4472382431714831,0.5527617568285169,0.0,0.0
0.0,0.5,0.5,0.0
0.6676808893361021,0.0,0.0,0.3323191106638978
0.5,0.5,0.0,0.0
0.0,0.0,0.5,0.5
0.0,0.5,0.0,0.5
0.5,0.5,0.0,0.0
0.0,0.0,0.5,0.5
0.0,0.5,0.5,0.0
0.0,0.5,0.5,0.0
0.25,0.25,0.25,0.25
0.5,0.5,0.0,0.0
0.031858169687992,0.031858169687992,0.031858169687992,0.904425490936024
0.5,0.0,0.5,0.0
0.25,0.25,0.25,0.25
0.5,0.0,0.5,0.0
0.25,0.25,0.25,0.25
0.5,0.0,0.5,0.0
0.25,0.25,0.25,0.25
0.8401618141254725,0.15983818587452758,0.0,0.0
0.5,0.5,0.0,0.0
0.5,0.5,0.0,0.0
0.25,0.25,0.25,0.25
0.7041966229090603,0.0611930619334564,0.0,0.23461031515748335
0.1540790257175408,0.8459209742824592,0.0,0.0
0.5,0.5,0.0,0.0
0.3333333333333333,0.3333333333333333,0.3333333333333333,0.0
0.5,0.5,0.0,0.0
0.0,0.5,0.0,0.5
0.0,0.0,0.5,0.5
0.5,0.5,0.0,0.0
0.0,0.11225885812006364,0.0,0.8877411418799365
0.0,0.5,0.0,0.5
0.0,0.5,0.5,0.0
0.0,0.0,0.5,0.5
0.0,0.5,0.5,0.0
0.0,0.33333333333333337,0.33333333333333337,0.33333333333333337
0.5,0.5,0.0,0.0
0.0,0.0,0.5,0.5
0.5,0.0,0.5,0.0
0.0,0.037529712661604965,0.037529712661604965,0.92494057467679
0.5,0.0,0.0,0.5
0.25,0.25,0.25,0.25
0.5,0.5,0.0,0.0
0.5,0.5,0.0,0.0
0.5,0.5,0.0,0.0
0.0,0.33333333333333337,0.33333333333333337,0.33333333333333337
0.0,0.5,0.0,0.5
0.5,0.5,0.0,0.0
0.0,0.5,0.5,0.0
0.0,0.06683951941237827,0.06683951941237827,0.8663209611752434
0.5,0.5,0.0,0.0
0.3333333333333333,0.3333333333333333,0.3333333333333333,0.0
0.0,0.5,0.0,0.5
0.9152044180787344,0.08479558192126552,0.0,0.0
0.0,0.0,0.5,0.5
0.5,0.0,0.0,0.5
0.0,0.2202012030373726,0.0,0.7797987969626273
0.0,0.5,0.0,0.5
0.5,0.0,0.5,0.0
0.0,0.5,0.5,0.0
0.0,0.5,0.5,0.0
0.0,0.0,0.5,0.5
0.5,0.0,0.5,0.0
0.0,0.0,0.9729379539321386,0.027062046067861292
0.0,0.0,0.5,0.5
0.0,0.0,0.5,0.5
0.5,0.5,0.0,0.0
0.5,0.5,0.0,0.0
0.0,0.5,0.5,0.0
0.0,0.3333333333333333,0.3333333333333333,0.3333333333333333
0.0,0.0,0.2128720997008602,0.7871279002991398
0.5,0.5,0.0,0.0
0.0,0.5,0.5,0.0
0.0,0.3333333333333333,0.3333333333333333,0.3333333333333333
0.04708295305998792,0.9529170469400121,0.0,0.0
0.0,0.0,0.13212727481613892,0.8678727251838612
0.0,0.0,0.9541635267453737,0.045836473254626246
0.5,0.5,0.0,0.0
0.0,0.5,0.5,0.0
0.0,0.0,0.5,0.5
0.0,0.3333333333333333,0.3333333333333333,0.3333333333333333
0.0,0.0,0.5,0.5
0.3333333333333333,0.3333333333333333,0.3333333333333333,0.0
0.0,0.5,0.0,0.5
0.0,0.5,0.5,0.0
0.0,0.0,0.5,0.5
0.08779804635364971,0.0,0.9122019536463503,0.0
0.25000000000000216,0.24999999999999575,0.25000000000000105,0.25000000000000105
0.0,0.0,0.06524628531737123,0.9347537146826288
0.0,0.5,0.5,0.0
0.5,0.5,0.0,0.0
0.5,0.5,0.0,0.0
0.5,0.5,0.0,0.0
0.0,0.0,0.07516460637291227,0.9248353936270878
0.0,0.5,0.0,0.5
0.5,0.5,0.0,0.0
0.5,0.5,0.0,0.0
0.5,0.5,0.0,0.0
0.5,0.5,0.0,0.0
0.5,0.5,0.0,0.0
0.10050639486314629,0.7989872102737076,0.10050639486314629,0.0
0.9389402185445296,0.06105978145547037,0.0,0.0
0.5,0.5,0.0,0.0
0.5,0.5,0.0,0.0
0.5,0.5,0.0,0.0
0.5,0.5,0.0,0.0
0.5,0.5,0.0,0.0
0.5,0.0,0.5,0.0
0.5,0.5,0.0,0.0
0.5,0.0,0.5,0.0
0.26120332571217497,0.738796674287825,0.0,0.0
0.3333333333333333,0.3333333333333333,0.3333333333333333,0.0
0.3333333333333333,0.3333333333333333,0.3333333333333333,0.0
0.5,0.5,0.0,0.0
0.5,0.5,0.0,0.0
0.5,0.5,0.0,0.0
0.16875488444607814,0.16875488444607814,0.6624902311078437,0.0
0.5,0.5,0.0,0.0
0.5,0.5,0.0,0.0
0.13859096288361059,0.8614090371163895,0.0,0.0
0.5,0.5,0.0,0.0
0.25,0.25,0.25,0.25
0.5,0.5,0.0,0.0
0.25,0.25,0.25,0.25
0.0,0.33333333333333337,0.33333333333333337,0.33333333333333337
0.5,0.5,0.0,0.0
0.25,0.25,0.25,0.25
0.0,0.3333333333333333,0.3333333333333333,0.3333333333333333
0.0,0.3333333333333333,0.3333333333333333,0.3333333333333333
0.0,0.33333333333333337,0.33333333333333337,0.33333333333333337
0.0,0.5,0.0,0.5
0.04337637781440088,0.0,0.9566236221855992,0.0
0.5,0.5,0.0,0.0
0.3999999999999999,0.19999999999999998,0.19999999999999998,0.19999999999999998
0.042790103699001616,0.9572098963009984,0.0,0.0
0.0,0.3333333333333333,0.3333333333333333,0.3333333333333333
0.0,0.07724237811022362,0.0,0.9227576218897764
0.0,0.5,0.5,0.0
0.10803985125083485,0.8919601487491652,0.0,0.0
0.5,0.5,0.0,0.0
0.5,0.5,0.0,0.0
0.0,0.3333333333333333,0.3333333333333333,0.3333333333333333
0.25,0.25,0.25,0.25
0.5,0.5,0.0,0.0
0.5,0.0,0.5,0.0
0.5,0.5,0.0,0.0
0.5,0.5,0.0,0.0
0.0,0.5,0.5,0.0
0.5,0.5,0.0,0.0
0.5,0.5,0.0,0.0
0.5,0.5,0.0,0.0
0.5,0.0,0.5,0.0
0.5,0.5,0.0,0.0
0.0,0.5,0.5,0.0
0.08416697582197885,0.0,0.9158330241780211,0.0
0.5,0.5,0.0,0.0
0.04811291667454328,0.8290657192807911,0.12282136404466572,0.0
0.0,0.5,0.5,0.0
0.5,0.5,0.0,0.0
0.0,0.5,0.5,0.0
0.0,0.5,0.5,0.0
0.0,0.5,0.5,0.0
0.5,0.5,0.0,0.0
0.5,0.5,0.0,0.0
0.33333333333333337,0.33333333333333337,0.33333333333333337,0.0
0.5,0.5,0.0,0.0
0.0,0.5,0.5,0.0
0.5,0.5,0.0,0.0
0.33333333333333337,0.33333333333333337,0.33333333333333337,0.0
0.33333333333333337,0.33333333333333337,0.33333333333333337,0.0
0.5,0.5,0.0,0.0
0.0,0.5,0.0,0.5
0.0,0.3333333333333333,0.3333333333333333,0.3333333333333333
0.5,0.5,0.0,0.0
0.0,0.5,0.5,0.0
0.0,0.5,0.0,0.5
0.092831974211174,0.0,0.4535840128944131,0.4535840128944131
0.0,0.0,0.9516200092428448,0.04837999075715527
0.0,0.0,0.5,0.5
0.5,0.0,0.5,0.0
0.0,0.33333333333333337,0.33333333333333337,0.33333333333333337
0.0,0.5,0.5,0.0
0.5,0.5,0.0,0.0
0.33333333333333337,0.0,0.33333333333333337,0.33333333333333337
0.0,0.251667344347415,0.0,0.748332655652585
0.0,0.5,0.0,0.5
0.5,0.5,0.0,0.0
0.5,0.5,0.0,0.0
0.0,0.5,0.5,0.0
0.0,0.733906957601806,0.133046521199097,0.133046521199097
0.0,0.11811834196253439,0.0,0.8818816580374657
0.5,0.5,0.0,0.0
0.0,0.5,0.5,0.0
0.5,0.0,0.5,0.0
0.5,0.5,0.0,0.0
0.3333333333333333,0.3333333333333333,0.3333333333333333,0.0
0.3333333333333333,0.3333333333333333,0.3333333333333333,0.0
0.5,0.5,0.0,0.0
0.5,0.0,0.5,0.0
0.5,0.5,0.0,0.0
0.5,0.5,0.0,0.0
0.5,0.0,0.5,0.0
0.5,0.0,0.5,0.0
0.5,0.0,0.5,0.0
0.1537865962833006,0.0,0.8462134037166994,0.0
0.33333333333333337,0.33333333333333337,0.33333333333333337,0.0
0.5,0.0,0.5,0.0
0.3333333333333333,0.3333333333333333,0.3333333333333333,0.0
0.5,0.0,0.5,0.0
0.33333333333333337,0.33333333333333337,0.33333333333333337,0.0
0.5,0.5,0.0,0.0
0.5,0.5,0.0,0.0
0.3333333333333333,0.3333333333333333,0.3333333333333333,0.0
0.038769571417648446,0.038769571417648446,0.9224608571647032,0.0
0.5,0.0,0.5,0.0
0.5,0.5,0.0,0.0
0.03534639685224887,0.41774769698441205,0.5469059061633392,0.0
0.25,0.25,0.25,0.25
0.5,0.5,0.0,0.0
0.0,0.0,0.5,0.5
0.0,0.0,0.5,0.5
0.5,0.5,0.0,0.0
0.0,0.0,0.5,0.5
0.25,0.25,0.25,0.25
0.25,0.25,0.25,0.25
0.0,0.0,0.5,0.5
0.0,0.0,0.5,0.5
0.3333333333333333,0.3333333333333333,0.3333333333333333,0.0
0.0,0.3333333333333333,0.3333333333333333,0.3333333333333333
0.0,0.5,0.5,0.0
0.0,0.0,0.5,0.5
0.3333333333333333,0.3333333333333333,0.3333333333333333,0.0
0.3333333333333333,0.0,0.3333333333333333,0.3333333333333333
0.0,0.5,0.0,0.5
0.5,0.5,0.0,0.0
0.5149354316149329,0.4850645683850672,0.0,0.0
0.0,0.5,0.5,0.0
0.0,0.0,0.5,0.5
0.20000000000000004,0.4,0.20000000000000004,0.20000000000000004
0.5626261648367405,0.4373738351632594,0.0,0.0
0.0,0.04327308409095761,0.9567269159090424,0.0
0.0,0.3333333333333333,0.3333333333333333,0.3333333333333333
0.5,0.5,0.0,0.0
0.3333333333333333,0.0,0.3333333333333333,0.3333333333333333
0.0,0.5,0.0,0.5
0.5,0.5,0.0,0.0
0.0,0.3333333333333333,0.3333333333333333,0.3333333333333333
0.0,0.04638886404972468,0.04638886404972468,0.9072222719005507
0.0,0.5,0.0,0.5
0.4,0.19999999999999998,0.20000000000000004,0.20000000000000004
0.0,0.0,0.5,0.5
0.3333333333333333,0.3333333333333333,0.3333333333333333,0.0
0.0,0.04665989371646346,0.04665989371646346,0.906680212567073
0.0,0.5,0.5,0.0
0.19999999999999996,0.4,0.2000000000000001,0.19999999999999996
0.3333333333333333,0.3333333333333333,0.3333333333333333,0.0
0.96312948691529,0.036870513084709906,0.0,0.0
0.0,0.0,0.5,0.5
0.7906586077640322,0.20934139223596782,0.0,0.0
0.5,0.5,0.0,0.0
0.33333333333333337,0.33333333333333337,0.33333333333333337,0.0
0.0,0.08730967404147942,0.08730967404147942,0.8253806519170411
0.0,0.0,0.5,0.5
0.5,0.5,0.0,0.0
0.0,0.5,0.5,0.0
0.0,0.3333333333333333,0.3333333333333333,0.3333333333333333
0.5,0.5,0.0,0.0
0.0,0.0,0.5,0.5
0.0,0.0,0.5,0.5
0.5,0.5,0.0,0.0
0.0,0.3333333333333333,0.3333333333333333,0.3333333333333333
0.0,0.33333333333333337,0.33333333333333337,0.33333333333333337
0.0,0.053312374647734626,0.053312374647734626,0.8933752507045308
0.0,0.0,0.030450294395488655,0.9695497056045114
0.0,0.0,0.5,0.5
0.5,0.5,0.0,0.0
0.0,0.3333333333333333,0.3333333333333333,0.3333333333333333
0.0,0.039765196067432826,0.9602348039325672,0.0
0.0,0.0491825802191637,0.9508174197808364,0.0
0.3333333333333333,0.3333333333333333,0.3333333333333333,0.0
0.0,0.5,0.0,0.5
0.0,0.0,0.02030491234458383,0.9796950876554161
0.5,0.5,0.0,0.0
0.5,0.5,0.0,0.0
0.5,0.0,0.5,0.0
0.0,0.9830611566326503,0.016938843367349677,0.0
0.0,0.5,0.5,0.0
0.5,0.5,0.0,0.0
0.0,0.969913000110999,0.030086999889000918,0.0
0.5,0.5,0.0,0.0
0.5,0.5,0.0,0.0
0.5,0.5,0.0,0.0
0.5,0.5,0.0,0.0
0.9560726927986442,0.04392730720135578,0.0,0.0
0.5,0.5,0.0,0.0
0.07538260292647338,0.9246173970735266,0.0,0.0
0.5,0.5,0.0,0.0
0.5,0.5,0.0,0.0
0.5,0.5,0.0,0.0
0.5,0.5,0.0,0.0
0.5,0.5,0.0,0.0
0.5,0.5,0.0,0.0
0.5,0.5,0.0,0.0
0.5,0.5,0.0,0.0
0.5,0.5,0.0,0.0
0.14463081438912978,0.8553691856108703,0.0,0.0
0.48862440062993195,0.511375599370068,0.0,0.0
0.5,0.5,0.0,0.0
0.5,0.5,0.0,0.0
0.5,0.5,0.0,0.0
0.5,0.5,0.0,0.0
0.5,0.5,0.0,0.0
0.5,0.5,0.0,0.0
0.5,0.5,0.0,0.0
0.5,0.5,0.0,0.0
0.5,0.5,0.0,0.0
0.5,0.5,0.0,0.0
0.5,0.5,0.0,0.0
0.5,0.5,0.0,0.0
0.5,0.5,0.0,0.0
0.5,0.5,0.0,0.0
0.5,0.5,0.0,0.0
0.03609364533162482,0.9639063546683752,0.0,0.0
0.5,0.5,0.0,0.0
0.5,0.5,0.0,0.0
0.5,0.5,0.0,0.0
0.5,0.5,0.0,0.0
0.5,0.5,0.0,0.0
0.5,0.5,0.0,0.0
0.38816700820471145,0.6118329917952885,0.0,0.0
0.5,0.5,0.0,0.0
0.5,0.5,0.0,0.0
0.03366110379539632,0.9663388962046037,0.0,0.0
0.5,0.5,0.0,0.0
0.5,0.5,0.0,0.0
0.24707756052809576,0.7529224394719042,0.0,0.0
0.5,0.5,0.0,0.0
0.3333333333333333,0.3333333333333333,0.3333333333333333,0.0
0.5,0.5,0.0,0.0
0.0,0.5,0.5,0.0
0.0,0.5,0.5,0.0
0.5,0.5,0.0,0.0
0.0,0.5,0.5,0.0
0.0,0.5,0.5,0.0
0.0,0.5,0.5,0.0
0.0,0.5,0.5,0.0
0.5,0.5,0.0,0.0
0.5,0.5,0.0,0.0
0.33333333333333337,0.33333333333333337,0.33333333333333337,0.0
0.0,0.5,0.5,0.0
0.0,0.5,0.5,0.0
0.33333333333333337,0.33333333333333337,0.33333333333333337,0.0
0.9597449517897271,0.0402550482102729,0.0,0.0
0.5,0.5,0.0,0.0
0.7804833544889979,0.0,0.2195166455110021,0.0
0.5,0.5,0.0,0.0
0.5,0.5,0.0,0.0
0.0,0.5,0.5,0.0
0.5,0.0,0.5,0.0
0.5,0.5,0.0,0.0
0.5,0.0,0.5,0.0
0.021111582825698118,0.9366652515229056,0.021111582825698118,0.021111582825698118
0.5,0.5,0.0,0.0
0.0,0.10763963085916593,0.6585999606087595,0.23376040853207464
0.01017385193976834,0.2289391961443913,0.531947755771449,0.2289391961443913
0.5,0.5,0.0,0.0
0.0,0.5,0.5,0.0
0.0,0.33333333333333337,0.33333333333333337,0.33333333333333337
0.0,0.5,0.5,0.0
0.5,0.0,0.5,0.0
0.0,0.0,0.5,0.5
0.5,0.5,0.0,0.0
0.25,0.25,0.25,0.25
0.0,0.5,0.5,0.0
0.25,0.25,0.25,0.25
0.33333333333333337,0.33333333333333337,0.33333333333333337,0.0
0.0,0.5,0.0,0.5
0.026316197119927113,0.9473676057601457,0.0,0.026316197119927113
0.0,0.5,0.5,0.0
0.5,0.5,0.0,0.0
0.5,0.5,0.0,0.0
0.43961159370948427,0.5603884062905157,0.0,0.0
0.0,0.5,0.5,0.0
0.5,0.5,0.0,0.0
0.5,0.0,0.5,0.0
0.0,0.3333333333333333,0.3333333333333333,0.3333333333333333
0.5,0.5,0.0,0.0
0.0,0.0,0.039039158306737626,0.9609608416932623
0.5,0.0,0.5,0.0
0.5,0.5,0.0,0.0
0.0,0.0,0.5,0.5
0.0,0.33333333333333337,0.33333333333333337,0.33333333333333337
0.0,0.0,0.5,0.5
0.0,0.0,0.5,0.5
0.5,0.5,0.0,0.0
0.5,0.0,0.5,0.0
0.25,0.25,0.25,0.25
0.0,0.5,0.5,0.0
0.0,0.0,0.9586742327343994,0.041325767265600444
0.5,0.0,0.5,0.0
0.0,0.3333333333333333,0.3333333333333333,0.3333333333333333
0.0,0.0,0.5,0.5
0.3333333333333333,0.0,0.3333333333333333,0.3333333333333333
0.5,0.5,0.0,0.0
0.5,0.5,0.0,0.0
0.07076925167898208,0.3049399557976396,0.6242907925233783,0.0
0.4,0.20000000000000004,0.19999999999999998,0.20000000000000007
0.5,0.5,0.0,0.0
0.0,0.5,0.5,0.0
0.5,0.5,0.0,0.0
0.5,0.5,0.0,0.0
0.5,0.5,0.0,0.0
0.5,0.5,0.0,0.0
0.5,0.5,0.0,0.0
0.5,0.5,0.0,0.0
0.5,0.5,0.0,0.0
0.5,0.5,0.0,0.0
0.5,0.5,0.0,0.0
0.5,0.5,0.0,0.0
0.5,0.5,0.0,0.0
0.5,0.5,0.0,0.0
0.5,0.5,0.0,0.0
0.5,0.5,0.0,0.0
0.5,0.5,0.0,0.0
0.5,0.5,0.0,0.0
0.5,0.5,0.0,0.0
0.5,0.5,0.0,0.0
0.9628226751027641,0.03717732489723595,0.0,0.0
0.5,0.5,0.0,0.0
0.5,0.5,0.0,0.0
0.5,0.5,0.0,0.0
0.5,0.5,0.0,0.0
0.5,0.5,0.0,0.0
0.5,0.0,0.5,0.0
0.5,0.5,0.0,0.0
0.3333333333333333,0.3333333333333333,0.3333333333333333,0.0
0.33333333333333337,0.33333333333333337,0.33333333333333337,0.0
0.5,0.5,0.0,0.0
0.5,0.0,0.5,0.0
0.33333333333333337,0.33333333333333337,0.33333333333333337,0.0
0.5,0.0,0.5,0.0
0.5,0.0,0.5,0.0
0.5,0.5,0.0,0.0
0.9534027290322753,0.046597270967724744,0.0,0.0
0.5,0.5,0.0,0.0
0.0,0.5,0.5,0.0
0.0,0.5,0.5,0.0
0.050360960591713154,0.8992780788165736,0.050360960591713154,0.0
0.5,0.0,0.5,0.0
0.0,0.08124454974344508,0.9187554502565549,0.0
0.0,0.9447522198325453,0.05524778016745467,0.0
0.5,0.5,0.0,0.0
0.5,0.5,0.0,0.0
0.5,0.5,0.0,0.0
0.5,0.0,0.5,0.0
0.0,0.08456401383602019,0.9154359861639798,0.0
0.5,0.5,0.0,0.0
