---flow allocation with alpha---
0.0022582498860290157
0.0024411913041299397
0.00017240396340681215
0.0037387465534180204
0.0006541360715938647
0.039530995415403634
0.0006604987137622386
0.0010208605498897936
0.0023643232378491724
0.00440059219930584
0.006853137415774073
0.0031623785816767883
0.004637895070393034
0.0034647902771551414
0.0024707044856728563
0.0028585731768891783
0.0023014738555433194
0.003068085578482827
0.0012885745701299988
0.00011143608293145411
0.0019879728233354577
0.000708594049539769
0.0010459334289730322
0.0038923019467573855
0.010634041937849269
0.0033395503379818666
0.0010130076927420874
0.0011656851796140474
0.0040706976099401295
0.001819115716251158
0.010590148922002968
0.002742675943341297
0.008398248759398378
0.0012876151074017355
0.004783671292705363
0.0013621973434787354
0.0035921470526734016
0.0032440423239650695
0.0010641508754914563
0.0024002132566980075
0.004469825517475794
0.0020384607783012786
0.004617953908768104
0.002648893882019998
0.0009506686177322292
0.001588015673325429
0.0016088895237689554
0.002857535398546184
0.00011042998576226099
0.004005536603720875
0.024718721946909668
0.0043620377693855674
0.001116311158175201
0.002804561482209883
0.0036150964598029175
0.001015583929254672
0.003670920833040725
0.00027700513014976443
0.0023400228843867155
0.0031872685185703443
0.0005018671761877284
0.002728820792300784
0.0012908178302530515
0.008088764548710988
0.000462404956413266
0.012623668893550336
0.0008254360085918607
7.762742494743214e-5
0.007182731382645837
0.006386645005284058
0.0011408977860229337
0.002348650410275215
0.016930192266242174
0.003145103005807653
0.003230987689676123
0.009853800098385438
0.0015012047047723756
0.002997762785948332
0.008724575229255667
0.0037951656623783415
0.0012474983002571268
0.001661994763431634
0.004558488052340881
0.002315230629826412
0.01907871621067218
9.127285255856239e-5
0.0040530005074388776
0.001697958451089994
0.00465502115217001
0.002251997290802032
0.0007259209356392455
0.0042653357315875174
0.0013319129653158756
0.002466534468531803
0.0006877152143041093
0.0034700289359356346
0.004755478442983998
0.008033755663107196
0.0049271508999700975
0.0006300312969618943
0.006695846021794302
0.0005515824685270256
0.001056816984673489
0.0007670150290658149
0.011007173384254717
0.0037101218490215417
0.003225954580449959
0.003024880204104632
0.0010585341413295003
0.004914010851508237
0.003815546780294109
0.0013793895884474667
0.0017119918376674829
0.004876737557023434
0.003998116295672859
0.0034353404425281797
0.0033179733444870605
0.0009640181508187168
0.004930845236554677
0.004780311437095612
0.0025719551768675687
0.00013307362249806334
0.0029254355959157144
0.004901376961108089
0.0012927154600350305
0.00302906302951371
0.0045135217725839625
0.003913995041651973
0.003078300403707542
0.004303799500574481
0.0022982936243192884
0.00036129211375111664
0.0012802988858209832
0.003732575437293654
0.02053644655128356
0.0067837429140384315
0.02123419268166795
0.001259921780133754
0.0038658683049338453
0.0017282246199079505
0.0017841972141269397
0.002888176479257717
0.0013605070378906324
0.004040210167008674
0.017193860950722575
0.00041439012368660273
0.002575578507103863
0.0013029523139375828
0.02379397344601475
0.0013872019375185875
0.0013389986380721768
0.002031225572873697
0.0031360612173226086
0.004682550016647056
0.0012930165893605416
0.004543347290686912
0.004876494971513369
0.004062656078035795
0.0022981648472148682
0.0029232334804247364
0.007557061936463997
0.00212241951531328
0.001603402801243278
0.0046268435412016706
0.00462674184663988
0.002636585290764391
0.0034905771014434156
0.0009377553373410048
0.006681600071901396
0.013667667648430885
0.0022266145442224766
0.000943984707937413
0.0031570294322950192
0.0008700345521716258
0.004659921047692889
0.0032447308841087783
0.0011903430245183292
0.0022846547478286203
0.00022572489121670326
0.004876424371722749
0.0015934442185373062
0.0034846256548315027
0.0005538385369181036
0.0030898150366620767
0.003005443734534834
0.0036905064494905985
0.0015838766737973045
0.001304948860584671
0.0017448935005271997
0.0009664137598888509
0.0016969462892830493
0.003133792533559108
0.0035236284580368376
0.0015258199583275617
0.003150384564570207
0.001538871737761587
0.0009381635044365024
0.002105493311959913
0.0014768851215971415
0.0012970122867453555
2.1826081515641467e-5
0.015512692823164231
0.003727364709796444
0.004857519136643028
0.0006325030612160087
2.0685309651868036e-5
0.00424377810481123
2.827139758199637e-5
0.006701344652632754
0.0016249947634368604
0.00031218002910920724
0.0003428092814623779
0.005207763810589559
0.004189124993673548
0.004775867508198601
0.004848041018304479
0.0031311013312672626
0.004815631007757145
0.0006286057212990561
0.020102199715145326
0.0034635961762156473
0.007430643396455911
0.0028922931800541597
0.001379449000293125
0.001435743614431407
0.002258137157838747
0.0011638559120336963
0.0036881932454219746
0.005452892347439954
0.0019233115167427651
0.002719825144443926
0.0039178471885927295
0.0025681337013142933
0.004843241698548892
0.004359729966393821
0.0041697534913427686
0.004749243285519507
0.005328305430144868
0.0027959426752026295
0.0016853342826282274
0.0036784797944480244
0.0031238527003057278
0.003855869831417217
0.003152234587717418
0.002442131322981442
0.0008419562052804813
0.004147321044428722
0.0024015907627766304
0.003512538651611939
0.004004996496033071
0.013993119871151939
0.029838792816383825
0.0005046630436336459
0.0013683385993637903
0.0023981387802273933
0.002268322277140632
0.001217528110452087
0.0023177028570299726
0.00023337677429377743
0.0028376466273669705
0.0034872435567942887
0.004382238182700643
0.0007247339332579344
0.004289973283874386
0.00038824534688614845
0.0010564588932764746
0.0030873463378275974
0.0035406543430917823
0.0010766821454309208
0.0018156104173573096
0.001233504418699089
0.0005395699720216969
0.002786968978865368
0.0022649493046302954
0.0016462439115651698
3.331556589885885e-5
0.003495940602258033
0.030098248758932314
0.0016805785572788718
0.002310367500205424
0.0013358950249815727
0.0034416074663462517
0.00021082280314997474
0.0001062429475132184
0.0011368582434676062
0.0006270260606287115
0.002650614202163895
0.0032686941505265447
0.002009141649734766
0.003943512180018283
0.0036914923003373225
0.002622853207118456
0.0010640906149051456
0.02298557543715121
0.005840657253926488
0.002044528116591346
0.004752753213907822
0.00010094976100372903
0.00458351983838647
0.0005216257814141809
0.0029432759508202506
0.002087719293853176
0.0009979052787339525
0.002733738087007034
0.004631330833030189
0.0030540368374153567
0.0030239258338202826
0.0020021537364699575
0.0022644905217286265
0.002033242679877297
0.007734774909896109
0.0029699845074568827
0.00015299838799675663
0.004694082473155287
0.0005565565902778568
0.011416757089511212
0.0029020978320691074
0.012710668839466437
0.0014748408911570443
0.005575302497830067
0.000434551093708821
0.004192402289964901
0.0011484890381541402
0.0023837683664527146
0.002480321874636618
0.001205477825698172
0.0021081372355395145
0.002788774481707456
0.000640028767421388
0.0026459399559171566
0.004512664544525176
0.0025491677026163984
0.02055017080572652
0.000801218332163579
0.0008947429665871341
0.0012613666453568707
0.0017983386222419895
0.0003852473171326859
0.0017669483350092302
0.005314515670713699
0.0010784605657303775
0.009368721343461643
0.0028330651253260517
0.003879961334831716
0.0010586446705098972
0.0029276558050142345
0.032441249951695464
0.001552964999134181
0.003265086771279701
0.0005032517422454141
0.003145680149451192
0.004363885323469062
0.004757193670683983
0.002049029682694469
0.0013120787450131308
0.0012678588169225164
0.0047751311099454
0.0004657264489451304
0.000885789184791905
0.0015721186065920517
0.0027886905177740397
0.0030515517247855293
0.010241105597455653
0.0042790964795200274
9.759409508687497e-5
0.000993696450997619
0.001340630997821203
0.001277998104229179
0.015709703297994947
0.00028303391246674634
0.00010684047636406008
0.001201274418328277
0.0029970641180750365
0.01651959923680506
0.0024989415470659743
0.02117340010928544
0.0020481045553835016
0.004509580529627815
0.02285704233062102
0.0024912393538071447
0.004490012428098675
0.029216940190058036
0.0071425845101405925
0.007153666935263011
0.0002485012324113991
0.0011105313114915282
0.003422244682896719
0.0029364778468285845
0.0025875659657599503
0.005755370855059624
0.0007552350489200857
0.004106375789249262
0.003513363473209456
0.003477797381967561
0.002896989493557857
0.0018880449537928773
0.003707710885461426
0.00046580920115872604
0.0008062631887319523
0.002171196447703259
0.0016217467872771303
0.01340077648448265
0.0016085109082798047
0.0032297209164226983
0.0013963975795364151
0.01663478144774127
0.0011501540744182782
0.004669102569752593
0.004548849907810261
0.004167541518886486
0.0006422843342838986
0.0011064096725676544
0.0003193264022537933
0.00420519288191251
0.0035751903718147936
0.004559359168883069
0.0049327431363905
0.002434182403823548
0.0011675270239877003
0.0017857589483659317
0.0005494254713175391
0.002309854436481131
0.003685502428921335
0.0006297218152567824
0.00161977639727378
0.002282263228145265
0.025679436014620066
0.001264431987959882
0.0016778136688667615
0.004260901833261853
0.002531283812677608
0.0037479860213168016
0.0002228899739849575
0.0017520709915904273
0.0006158852593523778
0.00014598105429461104
0.0023025878662285364
0.004187836065255723
0.0024807400723034605
7.251443379424245e-5
0.0005221651252353979
0.0042753416894535335
0.0023828293506583465
0.004556143753501088
0.0025891057356196385
0.0013486154097700099
0.0032737923041499676
0.0378387862334041
0.00202598251607346
0.0016361753783656094
0.0005299336021306208
0.00940992116952781
0.004480974883316891
0.0008340461738761091
0.0006909040854887967
0.00331487621268871
0.003563029229957957
0.0038953371204881212
0.0009105327062071205
0.0038201184060801647
0.0016376352894457435
0.0010413751515626895
0.003968070876582732
0.003171319292865973
0.0001891221172788371
0.0008446660027084352
0.004509882218350574
0.00043889348236052434
0.004757503461022058
0.0036637117070986405
0.0024051609517512567
0.002107648881741939
0.0012922572558201697
0.001039578599076571
0.021493407382509645
0.0013464742685790722
0.028710094424918075
0.00020548173223604944
0.002828544886928579
0.0015729366382643516
0.002871109847905521
0.004814534820625626
0.00019068433247086556
0.000966149724387756
0.00169295713105917
0.0026687919121881456
0.00040025621535258975
0.0015523505109019421
0.004588399601882672
0.00905105422466992
0.0020966965008904076
0.0021755563126965743
0.000713070616372771
0.003949838384207291
0.0034879865257271413
0.003230707706738543
0.00012415286443003112
0.0026267782468439695
0.006651554190136489
0.000837192879844376
0.008265160614714915
0.0008253690738176937
0.017725366708056155
1.0363609461055991e-6
0.0028909809498475192
0.00016264297524051145
0.033731325967610706
0.004842391028940599
0.004128766493554866
0.0024032894014547742
0.0031148417751171286
0.002507603022580564
0.00015611577769131184
0.0015111075020700212
1.5212399608723454e-5
0.0032237818815384063
0.004154860639117502
0.0035856129070245893
0.0039625162548048735
0.0024659508435960114
0.0040445136293277345
0.00047331505454866623
0.004331270920741016
0.0046655771325578126
0.014497059944968797
0.0048072122720691016
0.0006582930952871136
0.0038596561406252054
0.005651410057649958
0.004067351157007635
0.0005783172203865167
0.0007900813309306202
0.0048808289499167904
0.001684534768933795
0.00011614778178842951
0.00015377872015244766
0.004416848669126331
0.017259890299339324
0.004585555934906385
0.0013113587814652882
0.001894519051040542
0.0032767577268307353
0.004728610400262983
0.03345263894573898
0.0009012526993684576
0.0015756302324616716
0.001431689218914665
0.002357093219334485
0.0002899428465559497
0.003670408270844999
0.001075273467422887
0.0009958156792480796
0.004012630532408975
0.004080304791158962
0.003215422557696022
0.0033744315726756263
0.004808209928126718
0.003477845991659463
0.0023476305326441582
0.0042757976175002805
0.0030158548503249442
0.0043114898624663995
0.0021602748915690527
0.0035179766101292313
3.948442282992558e-5
0.003351568814250882
0.003668143444993554
0.004247617190256142
0.0007597080664739964
0.0023236236718201624
0.003951482934958413
0.004543838788682813
0.0023598629687157854
0.0017671423879856343
0.001139149920386959
0.004146623533929043
0.003723327250513627
0.003983205156944448
0.0027872946252219936
0.004964875138678936
0.004924628982859258
0.0038451498897670443
0.0030777180133036057
0.000583107821260856
0.003046256740489022
0.004449699870496359
0.000902315785614538
0.0008126478402886041
0.0022382849596658217
0.0014572342292752851
0.0018251113745352291
0.010848748985114893
0.003986728279391993
0.004656030182141465
0.00012941491758923062
0.0022931387593886454
0.004182097806864011
0.003029926507390026
0.0022610809762120022
0.0008097746602850896
---weights per flow tunnel---
0.5,0.5,0.0,0.0
0.0,0.5,0.5,0.0
0.5,0.0,0.03603096587931841,0.4639690341206815
0.5,0.5,0.0,0.0
0.0,0.5,0.0,0.5
0.6009505921734841,0.04613271843891586,0.0,0.3529166893876
0.33333333333333337,0.33333333333333337,0.0,0.33333333333333337
0.0,0.0,0.5,0.5
0.0,0.4165748746239092,0.0,0.5834251253760908
0.5,0.0,0.5,0.0
0.0,0.3333333333333333,0.3333333333333333,0.3333333333333333
0.5,0.5,0.0,0.0
0.0,0.08321612024198746,0.4167838797580126,0.5
0.5,0.0,0.5,0.0
0.0,0.5,0.0,0.5
0.5,0.0,0.0,0.5
0.0,0.5,0.0,0.5
0.5,0.5,0.0,0.0
0.5,0.5,0.0,0.0
0.5,0.5,0.0,0.0
0.25,0.24999999999999994,0.25,0.25
0.25,0.25,0.25,0.25
0.5,0.5,0.0,0.0
0.5,0.0,0.5,0.0
0.4427490139735987,0.5572509860264012,0.0,0.0
0.5,0.5,0.0,0.0
0.5,0.5,0.0,0.0
0.5,0.5,0.0,0.0
0.5307661847833267,0.4692338152166734,0.0,0.0
0.5,0.5,0.0,0.0
0.1579982203083118,0.8420017796916882,0.0,0.0
0.5,0.5,0.0,0.0
0.24815782655963745,0.7518421734403625,0.0,0.0
0.5,0.5,0.0,0.0
0.5000000000000423,0.49999999999995764,0.0,0.0
0.5,0.5,0.0,0.0
0.5,0.5,0.0,0.0
0.5,0.5,0.0,0.0
0.5,0.5,0.0,0.0
0.5,0.5,0.0,0.0
0.5,0.5,0.0,0.0
0.5,0.5,0.0,0.0
0.5,0.5,0.0,0.0
0.5,0.5,0.0,0.0
0.5,0.5,0.0,0.0
0.5,0.5,0.0,0.0
0.5,0.5,0.0,0.0
0.5,0.5,0.0,0.0
0.0,0.5,0.5,0.0
0.5,0.5,0.0,0.0
0.055817077781024405,0.055817077781024405,0.027039597342911423,0.8613262470950397
0.5,0.5,0.0,0.0
0.5,0.0,0.0,0.5
0.5,0.0,0.5,0.0
0.0,0.5,0.0,0.5
0.5,0.0,0.5,0.0
0.0,0.5,0.0,0.5
0.5,0.5,0.0,0.0
0.5,0.0,0.5,0.0
0.0,0.5,0.5,0.0
0.0,0.3333333333333333,0.3333333333333333,0.3333333333333333
0.0,0.5,0.5,0.0
1.0,0.0,0.0,0.0
0.104942898340969,0.0,0.8950571016590309,0.0
0.0,0.0,0.5,0.5
0.32806449721070147,0.6719355027892985,0.0,0.0
0.5,0.5,0.0,0.0
0.5,0.5,0.0,0.0
0.2830230164683598,0.7169769835316401,0.0,0.0
0.0,0.0,0.7294607947060127,0.27053920529398734
0.5,0.5,0.0,0.0
0.0,0.5,0.5,0.0
0.9189501238240071,0.0,0.0756018600931352,0.005448016082857517
0.5,0.5,0.0,0.0
0.5,0.0,0.5,0.0
0.7575851318874354,0.24241486811256466,0.0,0.0
0.5,0.0,0.5,0.0
0.5,0.5,0.0,0.0
0.2772698543764691,0.0,0.2772698543764691,0.44546029124706177
0.5,0.5,0.0,0.0
0.5,0.5,0.0,0.0
0.3333333333333333,0.3333333333333333,0.3333333333333333,0.0
0.32601980431928224,0.1739801956807178,0.32601980431928224,0.1739801956807178
0.5,0.5,0.0,0.0
0.0,0.6984688068231462,0.30153119317685384,0.0
0.33333333333333337,0.33333333333333337,0.33333333333333337,0.0
0.3215046926417659,0.3215046926417659,0.3215046926417659,0.03548592207470227
0.5,0.0,0.5,0.0
0.3333333333333333,0.3333333333333333,0.3333333333333333,0.0
0.5,0.5,0.0,0.0
0.5,0.5,0.0,0.0
0.5,0.5,0.0,0.0
0.25,0.25,0.25,0.25000000000000006
0.5,0.0,0.5,0.0
0.11528338427868445,0.8847166157213155,0.0,0.0
0.5,0.0,0.5,0.0
0.5,0.5,0.0,0.0
0.7046094083444068,0.2953905916555932,0.0,0.0
0.5,0.5,0.0,0.0
0.5,0.5,0.0,0.0
1.0,0.0,0.0,0.0
0.5,0.5,0.0,0.0
0.5,0.5,0.0,0.0
0.5,0.5,0.0,0.0
0.9386717769679239,0.0613282230320761,0.0,0.0
0.5,0.5,0.0,0.0
0.5,0.5,0.0,0.0
0.5,0.5,0.0,0.0
0.5,0.5,0.0,0.0
0.5,0.5,0.0,0.0
0.5,0.5,0.0,0.0
0.5,0.5,0.0,0.0
0.5,0.5,0.0,0.0
0.5,0.5,0.0,0.0
0.5,0.5,0.0,0.0
0.5,0.5,0.0,0.0
0.5,0.5,0.0,0.0
0.5,0.5,0.0,0.0
0.5,0.5,0.0,0.0
0.5,0.5,0.0,0.0
0.03737772127938251,0.0,0.4813111393603088,0.4813111393603088
0.5,0.5,0.0,0.0
0.33333333333333337,0.33333333333333337,0.0,0.33333333333333337
0.5,0.0,0.5,0.0
1.0,0.0,0.0,0.0
0.5,0.0,0.5,0.0
0.0,0.5,0.5,0.0
0.41759510386641746,0.5824048961335825,0.0,0.0
0.5,0.5,0.0,0.0
0.5,0.5,0.0,0.0
0.5,0.5,0.0,0.0
0.5,0.5,0.0,0.0
0.0,0.5,0.5,0.0
0.5,0.5,0.0,0.0
0.0,0.09762390476089361,0.9023760952391063,0.0
0.3333333333333333,0.3333333333333333,0.0,0.3333333333333333
0.05338117074174603,0.05338117074174603,0.839856487774762,0.05338117074174603
0.5,0.5,0.0,0.0
0.5,0.5,0.0,0.0
0.5,0.0,0.5,0.0
0.25,0.25,0.25,0.25
0.5,0.0,0.5,0.0
0.5,0.5,0.0,0.0
0.33333333333333337,0.33333333333333337,0.33333333333333337,0.0
0.0994543463913136,0.9005456536086863,0.0,0.0
0.5,0.5,0.0,0.0
0.5,0.5,0.0,0.0
0.5,0.0,0.0,0.5
0.9109840521305619,0.08901594786943817,0.0,0.0
0.0,0.0,0.5,0.5
0.5,0.5,0.0,0.0
0.5,0.0,0.5,0.0
0.0,0.5,0.5,0.0
0.5,0.5,0.0,0.0
0.3333333333333333,0.3333333333333333,0.0,0.3333333333333333
0.5,0.5,0.0,0.0
0.5,0.5,0.0,0.0
0.5,0.0,0.5,0.0
0.4819845170603408,0.4819845170603408,0.018015482939659162,0.018015482939659162
0.5,0.5,0.0,0.0
0.19486512168254216,0.0929920795025001,0.5172776771324156,0.19486512168254216
0.5,0.5,0.0,0.0
0.5,0.5,0.0,0.0
0.5,0.0,0.5,0.0
0.11715672714986726,0.38284327285013287,0.11715672714986726,0.38284327285013275
0.25,0.25,0.25,0.25
0.5,0.5,0.0,0.0
0.5,0.5,0.0,0.0
0.3082922239469769,0.691707776053023,0.0,0.0
0.8348538079371187,0.16514619206288123,0.0,0.0
0.5,0.5,0.0,0.0
0.5,0.0,0.5,0.0
0.5,0.5,0.0,0.0
0.0,0.5,0.0,0.5
0.5,0.5,0.0,0.0
0.5,0.5,0.0,0.0
0.0,0.5,0.0,0.5
0.5,0.0,0.5,0.0
0.0,0.5,0.0,0.5
0.5,0.5,0.0,0.0
0.5,0.5,0.0,0.0
0.5,0.0,0.5,0.0
0.5,0.0,0.5,0.0
0.0,0.5,0.0,0.5
0.0,0.0,0.5,0.5
0.5,0.5,0.0,0.0
0.5,0.5,0.0,0.0
0.5,0.0,0.5,0.0
0.25,0.25,0.25,0.25
0.5,0.0,0.0,0.5
0.5,0.5,0.0,0.0
0.5,0.0,0.5,0.0
0.48261105745582733,0.4826110574558274,0.0,0.03477788508834538
0.5,0.5,0.0,0.0
0.5,0.0,0.5,0.0
0.5,0.5,0.0,0.0
0.5,0.5,0.0,0.0
0.5,0.5,0.0,0.0
0.5,0.5,0.0,0.0
0.5,0.5,0.0,0.0
0.3333333333333333,0.3333333333333333,0.0,0.3333333333333333
0.12684021753802896,0.7463195649239421,0.12684021753802896,0.0
0.0,0.5,0.0,0.5
0.0,0.5,0.5,0.0
0.3333333333333333,0.0,0.3333333333333333,0.3333333333333333
0.0,0.5,0.5,0.0
0.5,0.5,0.0,0.0
0.0,0.5,0.0,0.5
0.0,0.22430884659260658,0.5513823068147868,0.22430884659260658
0.5,0.5,0.0,0.0
0.5,0.5,0.0,0.0
0.5,0.0,0.5,0.0
0.3333333333333333,0.3333333333333333,0.3333333333333333,0.0
0.5,0.0,0.5,0.0
0.5,0.5,0.0,0.0
0.5,0.0,0.5,0.0
0.5,0.5,0.0,0.0
0.5,0.5,0.0,0.0
0.0,0.0,0.5,0.5
0.10252530688115793,0.0,0.897474693118842,0.0
0.5,0.5,0.0,0.0
0.16063868611565615,0.8393613138843438,0.0,0.0
0.0,0.5,0.5,0.0
0.5,0.0,0.5,0.0
0.3333333333333333,0.3333333333333333,0.0,0.3333333333333333
0.5,0.5,0.0,0.0
0.5,0.5,0.0,0.0
0.0,0.5,0.5,0.0
0.3254769864516442,0.0,0.6745230135483559,0.0
0.5,0.0,0.5,0.0
0.5,0.0,0.0,0.5
0.0376769525614237,0.0,0.5,0.46232304743857633
0.0,0.3333333333333333,0.3333333333333333,0.3333333333333333
0.5,0.5,0.0,0.0
0.5,0.5,0.0,0.0
0.0,0.5,0.5,0.0
0.0,0.33333333333333337,0.33333333333333337,0.33333333333333337
0.3333333333333333,0.0,0.3333333333333333,0.3333333333333333
0.5,0.5,0.0,0.0
0.5,0.5,0.0,0.0
0.0,0.5,0.5,0.0
0.5,0.5,0.0,0.0
0.5,0.5,0.0,0.0
0.3333333333333333,0.3333333333333333,0.3333333333333333,0.0
0.5,0.5,0.0,0.0
0.5,0.5,0.0,0.0
0.5,0.5,0.0,0.0
0.5,0.5,0.0,0.0
0.3333333333333333,0.3333333333333333,0.3333333333333333,0.0
0.0,0.5,0.5,0.0
0.6498877355490148,0.0,0.35011226445098514,0.0
0.8423271164919511,0.0788364417540244,0.0788364417540244,0.0
0.5,0.5,0.0,0.0
0.5,0.5,0.0,0.0
0.5,0.5,0.0,0.0
0.0,0.5,0.5,0.0
0.5,0.5,0.0,0.0
0.5,0.5,0.0,0.0
0.5,0.5,0.0,0.0
0.0,0.5,0.5,0.0
0.5,0.5,0.0,0.0
0.5,0.5,0.0,0.0
0.5,0.5,0.0,0.0
0.5,0.5,0.0,0.0
0.5,0.0,0.5,0.0
0.5,0.5,0.0,0.0
0.4684026553536664,0.46840265535357634,0.0,0.06319468929275729
0.5,0.5,0.0,0.0
0.5,0.5,0.0,0.0
0.0,0.5,0.5,0.0
0.5,0.5,0.0,0.0
0.0,0.5,0.5,0.0
0.0,0.33333333333333337,0.33333333333333337,0.33333333333333337
0.0,0.5,0.5,0.0
0.5,0.0,0.5,0.0
0.5,0.5,0.0,0.0
0.5,0.5,0.0,0.0
0.5752126856238104,0.4247873143761895,0.0,0.0
0.5,0.5,0.0,0.0
0.0,0.5,0.5,0.0
0.5,0.5,0.0,0.0
0.5,0.5,0.0,0.0
0.5,0.5,0.0,0.0
0.5,0.5,0.0,0.0
0.5,0.5,0.0,0.0
0.0,0.5,0.5,0.0
0.5,0.5,0.0,0.0
0.5,0.0,0.5,0.0
0.0,0.5,0.5,0.0
0.5,0.5,0.0,0.0
0.0,0.5,0.5,0.0
0.5,0.5,0.0,0.0
0.5,0.5,0.0,0.0
0.07816632367179938,0.9218336763282007,0.0,0.0
0.33333333333333337,0.33333333333333337,0.33333333333333337,0.0
0.5,0.5,0.0,0.0
0.5,0.0,0.5,0.0
0.5,0.0,0.5,0.0
0.4366606844673322,0.28166965776633396,0.28166965776633396,0.0
0.5,0.0,0.5,0.0
0.5,0.0,0.5,0.0
0.5,0.5,0.0,0.0
0.5,0.0,0.5,0.0
0.5,0.5,0.0,0.0
0.5,0.0,0.5,0.0
0.5,0.5,0.0,0.0
0.5,0.5,0.0,0.0
0.5,0.0,0.5,0.0
0.300092911961102,0.1999070880388981,0.5000000000000001,0.0
0.38282493613374197,0.2343501277325162,0.3828249361337419,0.0
0.8032183145491498,0.1967816854508501,0.0,0.0
0.5,0.0,0.5,0.0
0.5,0.0,0.0,0.5
0.5,0.5,0.0,0.0
0.0,0.0,0.5,0.5
0.0,0.7917683060113985,0.20823169398860158,0.0
0.5,0.5,0.0,0.0
0.0,0.8142378754957246,0.18576212450427543,0.0
0.0,0.5,0.0,0.5
0.30826764186019284,0.6917323581398072,0.0,0.0
0.5,0.0,0.5,0.0
0.5,0.0,0.5,0.0
0.3333333333333333,0.33333333333333326,0.3333333333333333,0.0
0.5,0.0,0.4694054941475666,0.030594505852433413
0.5,0.5,0.0,0.0
0.3333333333333333,0.33333333333333337,0.3333333333333333,0.0
0.3333333333333333,0.33333333333333337,0.3333333333333333,0.0
0.33333333333333337,0.33333333333333337,0.33333333333333337,0.0
0.0,0.5,0.5,0.0
0.5,0.5,0.0,0.0
0.5,0.5,0.0,0.0
0.0,0.5292199524691605,0.47078004753083935,0.0
0.0,0.6632112106013365,0.0,0.33678878939866347
0.33333333333333337,0.3333333333333333,0.3333333333333333,0.0
0.5,0.5,0.0,0.0
0.0,0.5,0.5,0.0
0.5,0.0,0.5,0.0
0.5,0.5,0.0,0.0
0.0,0.5,0.5,0.0
0.3333333333333333,0.3333333333333333,0.3333333333333333,0.0
0.5,0.5,0.0,0.0
0.2239570764132418,0.2239570764132418,0.5520858471735163,0.0
0.5,0.0,0.5,0.0
0.5,0.5,0.0,0.0
0.3333333333333333,0.3333333333333333,0.3333333333333333,0.0
0.5,0.5,0.0,0.0
0.3010629230111358,0.6989370769888643,0.0,0.0
0.5,0.5,0.0,0.0
0.5,0.5,0.0,0.0
0.0,0.5,0.5,0.0
0.5,0.0,0.5,0.0
0.0,0.5,0.5,0.0
0.0,0.5,0.5,0.0
0.5,0.5,0.0,0.0
0.5,0.5,0.0,0.0
0.0,0.5000000000000001,0.5,0.0
0.0,0.5,0.5,0.0
0.0,0.5,0.5,0.0
0.5,0.5,0.0,0.0
0.5,0.0,0.5,0.0
0.03737772127938252,0.4813111393603087,0.0,0.4813111393603087
0.5,0.5,0.0,0.0
0.0,0.8082344700803341,0.19176552991966586,0.0
0.0,0.3333333333333333,0.3333333333333333,0.3333333333333333
0.5,0.5,0.0,0.0
0.25,0.24999999999999994,0.24999999999999994,0.25
0.5,0.5,0.0,0.0
0.5,0.5,0.0,0.0
0.11493132304032003,0.11493132304032003,0.7701373539193599,0.0
0.0,0.5,0.5,0.0
0.0,0.5,0.5,0.0
0.5,0.5,0.0,0.0
0.5,0.5,0.0,0.0
0.1089382392656267,0.8813130802363933,0.009748680497979905,0.0
0.5,0.0,0.5,0.0
0.0,0.8763955170242544,0.0,0.12360448297574554
0.5,0.0,0.0,0.5
0.5,0.5,0.0,0.0
0.8993370966758933,0.10066290332410659,0.0,0.0
0.36647673559521843,0.26704652880956314,0.36647673559521843,0.0
0.08138566292683547,0.08138566292683548,0.4186143370731645,0.4186143370731645
0.05026364789225896,0.05026364789225896,0.8994727042154821,0.0
0.16781528215703873,0.8321847178429613,0.0,0.0
0.25245782581104165,0.25245782581104165,0.4950843483779167,0.0
0.0,0.5,0.5,0.0
0.5,0.5,0.0,0.0
0.0,0.0,0.5,0.5
0.0,0.0,0.5,0.5
0.5,0.5,0.0,0.0
0.33333333333333337,0.33333333333333337,0.0,0.33333333333333337
0.5,0.5,0.0,0.0
0.5,0.5,0.0,0.0
0.0,0.5,0.5,0.0
0.5,0.0,0.5,0.0
0.5,0.0,0.5,0.0
0.5,0.5,0.0,0.0
0.5,0.5,0.0,0.0
0.3333333333333333,0.3333333333333333,0.3333333333333333,0.0
0.5,0.5,0.0,0.0
0.3333333333333333,0.3333333333333333,0.3333333333333333,0.0
0.0,0.5,0.0,0.5
0.8526418059787256,0.14735819402127426,0.0,0.0
0.5,0.5,0.0,0.0
0.4559684506801213,0.4559684506801213,0.08806309863975743,0.0
0.25,0.25,0.25,0.25
0.0,0.8846493723482858,0.11535062765171425,0.0
0.5,0.5,0.0,0.0
0.5,0.5,0.0,0.0
0.018015482939659204,0.4819845170603407,0.018015482939659204,0.4819845170603408
0.5,0.5,0.0,0.0
0.0,0.5,0.0,0.5
0.0,0.5,0.5,0.0
0.5,0.5,0.0,0.0
0.1289951765332018,0.2903349411555994,0.2903349411555994,0.2903349411555994
0.48198451706034084,0.018015482939659166,0.48198451706034084,0.018015482939659166
0.11214819666194235,0.11214819666194235,0.38785180333805763,0.38785180333805763
0.33333333333333337,0.33333333333333337,0.33333333333333337,0.0
0.0,0.5,0.5,0.0
0.5,0.5,0.0,0.0
0.4,0.2,0.2,0.2
0.5,0.0,0.5,0.0
0.33333333333333337,0.33333333333333337,0.33333333333333337,0.0
0.5,0.0,0.5,0.0
0.5,0.0,0.0,0.5
0.5,0.0,0.0,0.5
0.5,0.5,0.0,0.0
0.05853970130901825,0.9414602986909817,0.0,0.0
0.5,0.0,0.5,0.0
0.4,0.2,0.2,0.2
0.0,0.5,0.5,0.0
0.5,0.5,0.0,0.0
0.5000000000000001,0.2342831371126461,0.2657168628873539,0.0
0.5,0.5,0.0,0.0
0.5,0.5,0.0,0.0
0.5,0.5,0.0,0.0
0.5,0.5,0.0,0.0
0.5,0.5,0.0,0.0
0.5,0.5,0.0,0.0
0.5,0.5,0.0,0.0
0.5,0.5,0.0,0.0
0.5,0.5,0.0,0.0
0.5,0.5,0.0,0.0
0.5,0.5,0.0,0.0
0.5,0.5,0.0,0.0
0.5,0.5,0.0,0.0
0.5,0.5,0.0,0.0
0.5,0.5,0.0,0.0
0.3885527821124384,0.6114472178875616,0.0,0.0
0.5,0.5,0.0,0.0
0.5,0.5,0.0,0.0
0.5,0.5,0.0,0.0
0.9594118326008658,0.04058816739913414,0.0,0.0
0.5,0.5,0.0,0.0
0.5,0.5,0.0,0.0
0.09840453053884815,0.9015954694611519,0.0,0.0
0.5,0.5,0.0,0.0
0.5,0.5,0.0,0.0
0.5,0.5,0.0,0.0
0.5,0.5,0.0,0.0
0.5,0.5,0.0,0.0
0.5,0.5,0.0,0.0
0.5,0.5,0.0,0.0
0.5,0.5,0.0,0.0
0.5,0.5,0.0,0.0
0.5,0.5,0.0,0.0
0.5,0.5,0.0,0.0
0.5,0.5,0.0,0.0
0.5,0.5,0.0,0.0
0.5,0.5,0.0,0.0
0.5,0.5,0.0,0.0
0.5,0.5,0.0,0.0
0.5,0.5,0.0,0.0
0.5,0.5,0.0,0.0
0.5,0.5,0.0,0.0
0.0781887994967498,0.9218112005032502,0.0,0.0
0.5,0.5,0.0,0.0
0.9168134905941779,0.08318650940582198,0.0,0.0
0.5,0.5,0.0,0.0
0.5,0.5,0.0,0.0
0.5,0.5,0.0,0.0
0.5,0.5,0.0,0.0
0.5,0.5,0.0,0.0
0.0,0.5,0.5,0.0
0.5,0.0,0.5,0.0
0.5,0.5,0.0,0.0
0.5,0.5,0.0,0.0
0.5,0.5,0.0,0.0
0.0,0.5,0.5,0.0
0.5000000000000002,0.3180235327661553,0.1819764672338446,0.0
0.1850751784450181,0.8149248215549819,0.0,0.0
0.0,0.5,0.5,0.0
0.5,0.16803479467004867,0.33196520532995133,0.0
0.0,0.5,0.5,0.0
0.0,0.5,0.5,0.0
0.21715140111630335,0.3914242994418483,0.3914242994418483,0.0
0.577669677466419,0.4223303225335811,0.0,0.0
0.5,0.5,0.0,0.0
0.5,0.5,0.0,0.0
0.9680451451765311,0.03195485482346891,0.0,0.0
0.5,0.5,0.0,0.0
0.2099967337690659,0.790003266230934,0.0,0.0
0.5,0.0,0.5,0.0
0.8805114544686914,0.11948854553130855,0.0,0.0
0.5,0.5,0.0,0.0
0.25,0.25,0.25,0.25
0.5,0.5,0.0,0.0
0.02581827297736764,0.0360315795239274,0.9021185679747777,0.0360315795239274
0.0,0.33333333333333337,0.33333333333333337,0.33333333333333337
0.5,0.5,0.0,0.0
0.5,0.0,0.0,0.5
0.25,0.25,0.25,0.25
0.25,0.25,0.25,0.25
0.3333333333333333,0.3333333333333333,0.0,0.3333333333333333
0.0,0.3333333333333333,0.3333333333333333,0.3333333333333333
0.3333333333333333,0.3333333333333333,0.3333333333333333,0.0
0.5,0.5,0.0,0.0
0.5,0.0,0.5,0.0
0.0,0.5,0.0,0.5
0.0,0.5,0.5,0.0
0.0,0.0,0.5,0.5
0.5,0.0,0.5,0.0
0.5,0.0,0.0,0.5
0.5,0.5,0.0,0.0
0.5,0.5,0.0,0.0
0.8640465916043619,0.10228704756915478,0.03366636082648326,0.0
0.5,0.5,0.0,0.0
0.5,0.5,0.0,0.0
0.5,0.5,0.0,0.0
0.18186480720803067,0.18186480720803064,0.18186480720803067,0.45440557837590806
0.5,0.5,0.0,0.0
0.0,0.5,0.0,0.5
0.0,0.5,0.5,0.0
0.5,0.5,0.0,0.0
0.5,0.0,0.5,0.0
0.25,0.25,0.25,0.25
0.5,0.5,0.0,0.0
0.0,0.5,0.5,0.0
0.0,0.05789127089864201,0.0,0.9421087291013579
0.5,0.0,0.5,0.0
0.25,0.25,0.25,0.25
0.3333333333333333,0.33333333333333337,0.33333333333333337,0.0
0.5,0.0,0.0,0.5
0.16198537183407308,0.3380146281659269,0.5,0.0
0.06013494347000214,0.06013494347000214,0.0,0.8797301130599957
0.0,0.5,0.5,0.0
0.0,0.5,0.5,0.0
0.5,0.5,0.0,0.0
0.5,0.5,0.0,0.0
0.0,0.5,0.5,0.0
0.5,0.0,0.0,0.5
0.5,0.5,0.0,0.0
0.5,0.5,0.0,0.0
0.5,0.5,0.0,0.0
0.5,0.5,0.0,0.0
0.5,0.5,0.0,0.0
0.5,0.5,0.0,0.0
0.5,0.5,0.0,0.0
0.5,0.5,0.0,0.0
0.5,0.5,0.0,0.0
0.5,0.5,0.0,0.0
0.5,0.5,0.0,0.0
0.5,0.5,0.0,0.0
0.5,0.5,0.0,0.0
0.5,0.5,0.0,0.0
0.5,0.5,0.0,0.0
0.5,0.5,0.0,0.0
0.5000000000000001,0.5,0.0,0.0
0.5,0.5,0.0,0.0
0.5,0.5,0.0,0.0
0.5,0.5,0.0,0.0
0.5,0.5,0.0,0.0
0.5,0.5,0.0,0.0
0.5,0.5,0.0,0.0
0.5,0.5,0.0,0.0
0.5,0.5,0.0,0.0
0.5,0.5,0.0,0.0
0.0,0.5,0.5,0.0
0.5,0.5,0.0,0.0
0.5,0.5,0.0,0.0
0.0,0.6947653557226762,0.3052346442773237,0.0
0.5,0.5,0.0,0.0
0.3333333333333333,0.3333333333333333,0.3333333333333333,0.0
0.5,0.0,0.5,0.0
0.0,0.5,0.5,0.0
0.5,0.0,0.5,0.0
0.5,0.5,0.0,0.0
0.5,0.5,0.0,0.0
0.5,0.5,0.0,0.0
0.5,0.5,0.0,0.0
0.0,0.5,0.5,0.0
0.5,0.5,0.0,0.0
0.170907271431382,0.0,0.829092728568618,0.0
0.5,0.0,0.5,0.0
0.2642127305154897,0.7357872694845103,0.0,0.0
0.5,0.5,0.0,0.0
0.5,0.5,0.0,0.0
0.5,0.5,0.0,0.0
0.5,0.0,0.5,0.0
0.5,0.5,0.0,0.0
0.5,0.5,0.0,0.0
