---flow allocation with alpha---
0.007079363467683268
0.02378913581679194
0.0003346012900363175
0.013856391811943012
0.02848998917396213
0.017225998848858053
0.008940770373337183
0.014180267167458212
0.02207053118686314
0.02625771008341851
0.015497076816522494
0.012957011528240981
0.004916789377069211
0.01942957160161067
0.011079047763281688
0.007680969990451805
0.00019899064871536663
0.011504342887953736
0.01437481920020071
0.031223078608337403
0.004154809079872508
0.0187850698325469
0.02132485097912134
0.01484158271710059
0.03014533659828841
0.006108977231247658
0.029475937322544065
0.021273729225215043
0.005697444374335063
0.014901754826782696
0.013782989895990897
0.016715947938671167
0.028518409270663216
0.011163160917813091
0.027608238659302325
0.02065876699018731
0.02912276462181618
0.024406017366635415
0.027547181996832752
0.023435040030071567
0.027134938050795435
0.001666155353201098
0.02828688287594437
0.02926390290551586
0.025288277143143623
0.010118540875954913
0.02857931338926114
0.0017892220773379891
0.009519276578733419
0.031280822330825436
0.002702213655137464
0.027476421197298033
0.009820892188813629
0.01803309347428765
0.01911385194161381
0.019862883029735986
0.006634197906589093
0.02788845392874386
0.025259575426987205
0.02545692651852466
0.028880883236179856
0.028685266451121523
0.02261811792289218
0.011427404648324762
0.010821277856027737
0.019454542557938926
0.024123647708360552
0.02114846234908333
0.021207962911642283
0.022489221979331474
0.029757832139126174
0.027432922725592456
0.011718383843601217
0.002400082407657296
0.020423768462267046
0.014786797172307993
0.015258979125756184
0.02824477685599018
0.002785948467410487
0.006713068079682296
0.010958582905306874
0.017584876238725133
0.022840629629930657
0.002260831680283515
0.018175503052228634
0.006085623690368648
0.03515880369971096
0.017495882814946018
0.012919470807378618
0.02280401961901765
0.015750154746914314
0.002089029260262989
0.022650309373465977
0.025534420369870716
0.020481684676671472
0.015142371070030747
0.021781662768518253
0.011052369477254763
0.018658427128034425
0.024848342573022177
0.026073571347697617
0.023990131447708167
0.00818842438954281
0.006163918449016959
0.030281401820410697
0.014539398392175856
0.027460286806647173
0.005530341950267726
0.027120677154487682
0.028769320471224415
0.021893843531722905
0.02212427082828967
0.02864528665805513
0.027338775777120804
0.001373149984171122
0.02009461203400742
0.024465005690660787
0.0065806933391801435
0.030916219009315942
0.012248412388866266
0.017363296019924507
0.023352607668665665
0.0030231941230152754
0.016358969072776782
0.011567035290093052
0.02709363581970335
0.028220008033755163
0.021774720457806065
0.013848127063205137
0.01773143523015101
0.011876292402952252
0.00299205768932603
0.026039379698815063
0.002082467135815507
0.017751633933510255
0.019857498231067066
0.029222759085367398
0.025598379277282785
0.026585866163277624
0.0018505472561354578
0.01803277821695293
0.020540392163517777
0.014326390432336076
0.03518358195388064
0.004408256610147148
0.024514411533774323
0.030765564334854677
0.03055184254792325
0.024402883298327818
0.031007711694421045
0.022786462411650676
0.016207654939424276
0.0034237118651843142
0.0005749183378915865
0.009903633366473793
0.03139219065894142
0.0033813916304162883
0.012482349367895162
0.009658399718774906
0.014988093090147123
0.02441907783103697
0.012655755374104459
0.018562985512344487
0.011512472143960782
0.02594544703296359
0.034450076200047586
0.004741624813816592
0.012450524352689335
0.011585558971023063
0.010289956380208357
0.005822776076272361
0.01247077415205449
0.008504294246582523
0.019428742388769956
0.01275814131465047
0.02699003065572069
0.01107223264503306
0.01410436955736332
0.017425520621724977
0.024195472403615435
0.004143350487208235
0.0276982418903992
0.02114535569727399
0.012551943402380899
0.0041215457219592345
0.015866241806647374
0.027350830654361752
0.018560877277810788
0.00880476695103982
0.028954958540248644
0.0041418191814198415
0.0068657153051308924
0.023214204597476286
0.027966701112132942
0.01900100546130779
0.025287176480439013
0.006621749544386939
0.010626497691976995
0.02396934371512388
0.00787688091138571
0.008044699131361188
0.0007508899346154105
0.030410378055021142
0.009344214416944947
0.02663166139032338
0.01984449248881482
0.029947127349688452
0.000848493447358064
0.016705634799533853
0.02214152951904604
0.0013987004568499467
0.02970381596304002
0.016337706175933595
0.011947079962793926
0.008531109894664447
0.007901743242678515
0.0029344762891629467
0.018223727941815312
0.012671795948914688
0.03010179119000695
0.017029536286984517
0.004241347017179091
0.03039249091708779
0.031248457997197103
0.0026495427204301244
0.03055801275196204
0.03328806098801726
0.0013447725997541003
0.006144293271770196
0.0047693244340777695
0.014588688055069932
0.005240771438975155
0.020189009310883816
0.02915536989653408
0.013196859777865031
0.024898509167609113
0.025410322978121867
0.007051880151733964
0.01918021165488262
0.013400122531135756
0.027784319659199187
0.023609318665454272
0.015367383059154265
0.02432562538286391
0.016030808091064146
0.014740418359395331
0.027694701119800404
0.026677912699978226
0.002421897452320247
0.03180602022873672
0.021107842048430414
0.02932295694074747
0.010652688888030528
0.013784110511662251
0.006402905412473434
0.023420735717431113
0.013960911743686239
0.027489340489811616
0.020762670488233857
0.017981888171043747
0.005330374926900706
0.02050107574072395
0.016527933560653376
0.011659144017756704
0.00278817521679831
0.018429750956886475
0.010181278650117587
1.2901320530449968e-5
0.004723064527157362
0.002092076460997361
0.02348036983539518
0.005457656359983408
0.005590381878504586
0.0242935209549579
0.0034950789747389814
0.017571449368833852
0.01991643590270429
0.004137009245313708
0.027749478638916417
0.0077926772809471774
0.018534198919213336
0.012325558900520613
0.023097243751605084
0.02453721370128543
0.008883549211394053
0.01884290253896006
0.012516770696961848
0.015276935495138968
0.009009764793065929
0.02429482931201082
0.012211888493680245
0.005392141693725896
0.017046054050316294
0.022794556423042064
0.020165462795312592
0.004339315776342545
0.011078599782352294
0.018241117160906102
0.006867473079897953
0.026155135275313053
0.02187876241875148
0.024199421725338403
0.0037026335807705357
0.017737191218907593
0.005090469179971194
0.0017577552101544817
0.01469007731720133
0.0015367652944465627
0.001623531091398543
0.016503185613578542
0.015414360432537856
0.019272940336486147
0.02994790571457195
0.007980719871640408
0.014765783667282269
0.011059179192140061
0.012391781360789979
0.028726764642417947
0.023824545667496477
0.022338465892361322
0.02106049006618486
0.011657566166530553
0.014795416182852898
0.005754182774038265
0.02850279894779864
0.020616394214026817
0.014182495700432758
0.01873615292429301
0.027433768369893915
0.003964432171298854
0.018716748170405903
0.02088822856670515
0.015774171816208365
0.013708538859924216
0.016117533975749544
0.016308672766282555
0.02249592754374096
0.016375079270174585
0.02159478088023295
0.002728382079464293
0.025641678268540836
0.002981862087197503
0.02215617270219911
0.0018271005981294391
0.020769595661838794
0.021525393366681134
0.02571772987992361
0.00372032012489338
0.014979066597229133
0.015145058580138553
0.014244198620881606
0.019858684553022674
0.02130876659684028
0.005974202373824202
0.0033462141024569263
0.007638011680507092
0.029847598340514807
0.026590713810663677
0.013889274012458652
0.030407227046226424
0.030469643304844266
0.009364572060049156
0.012829495434055744
0.005562496945135515
0.01318443331939829
0.002177231143804854
0.010495773265483737
0.02461337377159997
0.013920588140201456
0.01074284231617025
0.019202226473527314
0.01653275956777024
0.00810043848409723
0.005025255990353014
0.031116544315212248
0.00014189084520057778
0.017585622454630877
0.01668002374953014
0.02047990030451141
0.027653196076241802
0.015368672568986587
0.013771245343036302
0.022392953840558765
0.014603962390278764
0.015779019274318348
0.013168214776737809
0.01218863201012276
0.011437885352276456
0.025530360356056277
0.00954690920379844
0.004826282078594208
0.021621078661427564
0.01052479434592527
0.006051508870004841
0.00019193901489517054
0.0023910248610388364
0.02756077013555276
0.025599276734927887
0.002309368439460013
0.009717087648714583
0.020723375578037318
0.024685120239228368
0.020337451941768125
0.018323601655845078
0.028576422878462612
0.0027257571589450677
0.008544529452849383
0.030623209611563198
0.025294887377581395
0.003046705553496022
0.03506195491043451
0.010022122979486474
0.02047404731349799
0.02590042826629896
0.026702409681211212
0.02692584342797044
0.02982657075451632
0.004660609154726287
0.001750040010492648
0.015203813003560744
0.007837609469477112
0.005153387268812913
0.019789314770610196
0.023364967072634128
0.0199885439775361
0.028753491111005686
0.02510985948404373
0.017774162996162763
0.011950263650827563
0.005251629433530923
0.0025527458111113776
0.02906536975150025
0.028466149304791598
0.00387197454842109
0.014913787989758313
0.020690043959807534
0.02931655987659187
0.02068610676336667
0.02546838451897554
0.0018838178568165848
0.006393078458034706
0.02506002301004055
0.014409076642389915
0.0013244066239065872
0.028233742849274823
0.006187157921154238
0.022940965293075998
0.027646481799060808
0.011273016364820556
0.0012365990467160081
0.01634505120461116
0.000968886194766531
0.016855508762282822
0.022239261445455755
0.013114359749562219
0.010578797027745848
0.003316560747224348
0.029253768516505053
0.008346424638130777
0.018449803044382724
0.00657596291460675
0.027330565787721472
0.023799344913186034
0.01655880428259318
0.021956469831517847
0.023034300629922896
0.002201149788195254
0.020585039407918244
0.0071546313395319085
0.012599185066013662
0.022453718654457944
0.00355845112903772
0.0016079485231642865
0.027376515130964743
0.004049724925867089
0.007318682597824323
0.022078988197233005
0.029769785320452696
0.011831257273706788
0.017071526921189645
0.015102797669483928
0.030514305021355624
0.01913268993634705
0.020260929443842984
0.007576483305449834
0.01955511129658974
0.03051685588431083
0.014985079954876844
0.02065909384666585
0.021149778724467962
0.012172816419569958
0.0275149717716286
0.011520876687948938
0.024222891186697546
0.0049423791982441566
0.004829556968502344
0.017583636255194487
0.012490208033537382
0.01258744309927864
0.02421639047093685
0.020811753188016577
0.016627566366271277
0.01716436355691772
0.029376356078417997
0.005749292167966832
0.023030576212626063
0.0056053576200573605
0.02510475513141575
0.0048811609957259035
0.011883052997346814
0.0044796029434660874
0.028650324517200607
0.017682731101041155
0.004691031878665319
0.00469174363217221
0.012387065772010722
0.01978012917151403
0.011546038473751468
0.030834568924174854
0.025809063152762365
0.016067870413124307
0.01982126319448039
0.02528645443944658
0.018949809122493857
0.026415303848471273
0.025884205814371904
0.02835052261464039
0.010004017799906707
0.02138648417919808
0.01710507757677358
0.01331097198116754
0.00621859022345054
0.0152825424602671
0.0293929080843481
0.0300006741600157
0.024701312126840836
0.015078863438238952
0.014264233889438165
0.026116559075102665
0.0014041801847436042
0.007885490252818239
0.007011881530921393
0.018378111727230997
0.014514281394628027
0.029304225335586246
0.01668297210970414
0.02234428211639029
0.004012365758287856
0.02669942138587958
0.024881340941563142
0.023189262908636418
0.015329835362995212
0.025226778494584434
0.029528460915516922
0.02763363916962118
0.017893791192981522
0.009439449979565648
0.018004281848316026
0.01155638890126692
0.01825592877970429
0.014252243549989064
0.02514109186391686
0.01675100639412723
0.022725420411309392
0.009222373009734384
0.008080247707399658
0.010750969775423646
0.004315011626208838
0.014334450615830696
0.027573669871159723
0.017766198022807288
0.00958543290017338
0.016282779275964186
0.023150963222542592
0.028299087950228168
0.01913672463240592
0.002028771190718425
0.015845251378771463
0.02592133812183434
0.031061804533581143
0.021813765821874127
0.0048431775716873396
0.014912349376758479
0.029128594535679786
0.02422534929625005
0.019439091121477323
0.014733606297681237
0.02543426162830389
0.02645158061965782
0.028757521789460196
0.01382761640294736
0.006624655748638845
0.02656568746438996
0.017643721386196735
0.02086746030528845
0.02425232198433278
0.0284149743560993
0.02761522047496589
0.018126271964743448
0.011139146992173636
---weights per flow tunnel---
0.02560203006329993,0.9743979699367,0.0,0.0
0.5,0.43816499421502686,0.06183500578497314,0.0
0.3333333333333333,0.0,0.3333333333333333,0.3333333333333333
0.5,0.5,0.0,0.0
0.0,0.5,0.0,0.5
0.04838736517476951,0.9516126348252305,0.0,0.0
0.5,0.5,0.0,0.0
0.0,0.3333333333333333,0.3333333333333333,0.3333333333333333
0.0,0.0,0.5,0.5
0.33333333333333337,0.33333333333333337,0.33333333333333337,0.0
0.0,0.3333333333333333,0.3333333333333333,0.3333333333333333
0.5,0.0,0.5,0.0
0.0,0.5,0.0,0.5
0.5,0.0,0.5,0.0
0.0,0.33333333333333337,0.33333333333333337,0.33333333333333337
0.5,0.0,0.0,0.5
0.25,0.25,0.25,0.25
0.5,0.5,0.0,0.0
0.5,0.5,0.0,0.0
0.5,0.5,0.0,0.0
0.0,0.3333333333333333,0.3333333333333333,0.3333333333333333
0.0,0.0,0.5,0.5
0.5,0.5,0.0,0.0
0.5,0.5,0.0,0.0
0.5,0.5,0.0,0.0
0.5,0.5,0.0,0.0
0.5,0.5,0.0,0.0
0.5,0.5,0.0,0.0
0.5,0.5,0.0,0.0
0.2745937300725081,0.7254062699274919,0.0,0.0
0.9296732655926473,0.07032673440735276,0.0,0.0
0.5,0.5,0.0,0.0
0.5,0.5,0.0,0.0
0.5,0.5,0.0,0.0
0.5,0.5,0.0,0.0
0.5,0.5,0.0,0.0
0.5,0.5,0.0,0.0
0.5,0.5,0.0,0.0
0.5,0.5,0.0,0.0
0.5,0.5,0.0,0.0
0.5,0.5,0.0,0.0
0.5,0.5,0.0,0.0
0.5,0.5,0.0,0.0
0.5,0.5,0.0,0.0
0.5,0.5,0.0,0.0
0.5,0.5,0.0,0.0
0.5,0.5,0.0,0.0
0.5,0.5,0.0,0.0
0.5,0.0,0.5,0.0
0.5,0.5,0.0,0.0
0.5,0.0,0.0,0.5
0.5,0.5,0.0,0.0
0.0,0.0,0.5,0.5
0.5,0.0,0.5,0.0
0.5,0.5,0.0,0.0
0.5,0.0,0.0,0.5
0.0,0.5,0.5,0.0
0.5,0.0,0.5,0.0
0.5,0.0,0.5,0.0
0.5,0.5,0.0,0.0
0.0,0.5,0.5,0.0
0.5,0.0,0.5,0.0
0.0,0.5,0.0,0.5
0.3333333333333333,0.0,0.33333333333333337,0.33333333333333337
0.0,0.0787450685429281,0.9212549314570718,0.0
0.5634132750606232,0.43658672493937684,0.0,0.0
0.5,0.5,0.0,0.0
0.33333333333333337,0.33333333333333337,0.3333333333333333,0.0
0.0620447567803743,0.0,0.0,0.9379552432196256
0.0,0.0,0.1319391771412156,0.8680608228587844
0.5,0.5,0.0,0.0
0.5,0.0,0.5,0.0
0.5,0.0,0.5,0.0
0.5,0.5,0.0,0.0
0.5,0.0,0.0,0.5
0.5,0.5,0.0,0.0
0.0,0.5,0.5,0.0
0.5,0.5,0.0,0.0
0.5,0.0,0.0,0.5
0.0,0.9641661998397086,0.0,0.0358338001602913
0.0,0.9609124665861828,0.0390875334138172,0.0
0.33333333333333337,0.33333333333333337,0.33333333333333337,0.0
0.33333333333333337,0.0,0.33333333333333337,0.33333333333333337
0.3333333333333333,0.3333333333333333,0.3333333333333333,0.0
0.0,0.4203903598657969,0.579609640134203,0.0
0.33333333333333337,0.33333333333333337,0.33333333333333337,0.0
0.0,0.3333333333333333,0.3333333333333333,0.3333333333333333
0.045111091368785106,0.9548889086312149,0.0,0.0
0.4,0.2,0.19999999999999998,0.2
0.5,0.5,0.0,0.0
0.5,0.5,0.0,0.0
0.5,0.0,0.5,0.0
0.5,0.0,0.5,0.0
0.0,0.5,0.0,0.5
0.5,0.5,0.0,0.0
0.5,0.0,0.5,0.0
0.5,0.5,0.0,0.0
0.5,0.5,0.0,0.0
0.5,0.5,0.0,0.0
0.5,0.5,0.0,0.0
0.8861739374292824,0.11382606257071767,0.0,0.0
0.11345985241315243,0.8865401475868475,0.0,0.0
0.5,0.5,0.0,0.0
0.5,0.5,0.0,0.0
0.5,0.5,0.0,0.0
0.5,0.5,0.0,0.0
0.5641416037134664,0.4358583962865335,0.0,0.0
0.5,0.5,0.0,0.0
0.5,0.5,0.0,0.0
0.5,0.5,0.0,0.0
0.5,0.5,0.0,0.0
0.5,0.5,0.0,0.0
0.5,0.5,0.0,0.0
0.5,0.5,0.0,0.0
0.5,0.5,0.0,0.0
0.5,0.5,0.0,0.0
0.5,0.5,0.0,0.0
0.5,0.5,0.0,0.0
0.5,0.5,0.0,0.0
0.5,0.5,0.0,0.0
0.5000000000000001,0.0,0.07244985607828527,0.42755014392171475
0.5,0.5,0.0,0.0
0.0,0.0,0.5,0.5
0.5,0.5,0.0,0.0
0.5,0.5,0.0,0.0
0.5,0.0,0.5,0.0
0.0,0.5,0.5,0.0
0.5,0.5,0.0,0.0
0.0,0.5,0.5,0.0
0.5,0.0,0.5,0.0
0.12081984497413652,0.17704672858784137,0.0,0.7021334264380221
0.3333333333333333,0.3333333333333333,0.3333333333333333,0.0
0.0,0.0,0.5,0.5
1.0,0.0,0.0,0.0
0.0,0.07400831700425517,0.912387662959744,0.013604020036000787
0.5,0.0,0.0,0.5
0.5,0.0,0.5,0.0
0.5,0.5,0.0,0.0
0.5,0.5,0.0,0.0
0.3333333333333333,0.3333333333333333,0.3333333333333333,0.0
0.0,0.5,0.0,0.5
0.5,0.5,0.0,0.0
0.5,0.5,0.0,0.0
0.3333333333333333,0.3333333333333333,0.3333333333333333,0.0
0.5,0.0,0.0,0.5
0.20686943803607666,0.7931305619639233,0.0,0.0
0.5,0.5,0.0,0.0
0.5,0.2573020883133731,0.0,0.24269791168662688
0.9272790955059885,0.07272090449401158,0.0,0.0
0.0,0.0,0.5,0.5
0.9134804420095328,0.0,0.0,0.08651955799046718
0.5,0.0,0.5,0.0
0.0,0.0,0.5,0.5
0.3333333333333333,0.3333333333333333,0.3333333333333333,0.0
0.0,0.3333333333333333,0.3333333333333333,0.3333333333333333
0.3333333333333333,0.3333333333333333,0.3333333333333333,0.0
0.3333333333333333,0.3333333333333333,0.0,0.3333333333333333
0.5,0.5,0.0,0.0
0.5,0.5,0.0,0.0
0.2945876728100839,0.2945876728100839,0.11623698156974809,0.2945876728100839
0.33333333333333337,0.0,0.33333333333333337,0.33333333333333337
0.5,0.5,0.0,0.0
0.5,0.5,0.0,0.0
0.02885186558062249,0.48557406720968876,0.48557406720968876,0.0
0.0,0.09523416016954404,0.904765839830456,0.0
0.3333333333333333,0.0,0.3333333333333333,0.3333333333333333
0.5,0.5,0.0,0.0
0.3333333333333333,0.3333333333333333,0.3333333333333333,0.0
0.03223764914621139,0.9677623508537887,0.0,0.0
0.5,0.5,0.0,0.0
0.1930752073353761,0.0,0.0,0.8069247926646239
0.26699461287435833,0.0,0.0,0.7330053871256417
0.5,0.5,0.0,0.0
0.0,0.5,0.0,0.5
0.10611789014613376,0.8938821098538662,0.0,0.0
0.43232862911757214,0.5676713708824278,0.0,0.0
0.0,0.0,0.5,0.5
0.3333333333333333,0.3333333333333333,0.3333333333333333,0.0
0.3333333333333333,0.3333333333333333,0.0,0.3333333333333333
0.5,0.5,0.0,0.0
0.5,0.5,0.0,0.0
0.5,0.0,0.5,0.0
0.33333333333333337,0.0,0.33333333333333337,0.33333333333333337
0.0,0.5,0.0,0.5
0.0,0.3333333333333333,0.3333333333333333,0.3333333333333333
0.5,0.5,0.0,0.0
0.5,0.5,0.0,0.0
0.5,0.0,0.5,0.0
0.0,0.5,0.5,0.0
0.5,0.0,0.0,0.5
0.5,0.5,0.0,0.0
0.5,0.0,0.5,0.0
0.21054797551615137,0.5789040489676973,0.0,0.21054797551615137
0.5,0.5,0.0,0.0
0.5,0.5,0.0,0.0
0.5,0.5,0.0,0.0
0.5,0.5,0.0,0.0
0.3333333333333334,0.3333333333333333,0.0,0.3333333333333333
0.5,0.5,0.0,0.0
0.5,0.5,0.0,0.0
0.0,0.9402644038493377,0.059735596150662255,0.0
0.3333333333333333,0.3333333333333333,0.3333333333333333,0.0
0.25,0.25,0.25,0.25
0.3333333333333333,0.3333333333333333,0.3333333333333333,0.0
0.0,0.0,0.7611173447405484,0.2388826552594516
0.8503947619210751,0.07480261903946245,0.07480261903946245,0.0
0.5,0.0,0.5,0.0
0.0,0.5,0.5,0.0
0.25,0.25,0.25,0.25
0.43319261940867654,0.5668073805913235,0.0,0.0
0.5,0.5,0.0,0.0
0.5,0.0,0.5,0.0
0.0,0.8870967810095909,0.11290321899040898,0.0
0.5,0.0,0.5,0.0
0.5,0.5,0.0,0.0
0.3333333333333333,0.3333333333333333,0.3333333333333333,0.0
0.5,0.5,0.0,0.0
0.5,0.5,0.0,0.0
0.0,0.5,0.0,0.5
0.5,0.0,0.5,0.0
0.5,0.5,0.0,0.0
0.5,0.5,0.0,0.0
0.0,0.5,0.5,0.0
0.5,0.0,0.0,0.5
0.0,0.5,0.5,0.0
0.5,0.5,0.0,0.0
0.11003196553850997,0.2966560114871643,0.29665601148716236,0.2966560114871633
0.5,0.5,0.0,0.0
0.025753774329497908,0.0,0.9484924513410042,0.025753774329497908
0.5,0.0,0.5,0.0
0.5,0.5,0.0,0.0
0.5,0.0,0.5,0.0
0.0,0.5,0.5,0.0
0.5,0.5,0.0,0.0
0.5,0.5,0.0,0.0
0.5,0.5,0.0,0.0
0.0,0.1161270592158833,0.607615681560133,0.27625725922398364
0.41478964165763266,0.0,0.17042071668473466,0.41478964165763266
0.5,0.5,0.0,0.0
0.0,0.5,0.5,0.0
0.5,0.5,0.0,0.0
0.5,0.5,0.0,0.0
0.5,0.5,0.0,0.0
0.3333333333333333,0.3333333333333333,0.3333333333333333,0.0
0.5,0.5,0.0,0.0
0.5,0.0,0.5,0.0
0.33333333333333337,0.33333333333333337,0.33333333333333337,0.0
0.5,0.5,0.0,0.0
0.3333333333333333,0.3333333333333333,0.3333333333333333,0.0
0.3333333333333333,0.3333333333333333,0.3333333333333333,0.0
0.2773362231923776,0.046434783007073974,0.6762289938005485,0.0
0.5,0.5,0.0,0.0
0.5,0.5,0.0,0.0
0.0,0.8539720803413176,0.14602791965868236,0.0
0.5,0.5,0.0,0.0
0.5,0.5,0.0,0.0
0.5,0.5,0.0,0.0
0.5,0.5,0.0,0.0
0.5,0.5,0.0,0.0
0.5013478551506402,0.24932607242467988,0.24932607242467988,0.0
0.5,0.0,0.5,0.0
0.5,0.0,0.5,0.0
0.062352813232202764,0.9376471867677971,0.0,0.0
0.5,0.5,0.0,0.0
0.5,0.0,0.5,0.0
0.5,0.5,0.0,0.0
0.0,0.5,0.5,0.0
0.3333333333333333,0.3333333333333333,0.3333333333333333,0.0
0.5,0.5,0.0,0.0
0.0,0.5,0.0,0.5
0.3333333333333333,0.3333333333333333,0.3333333333333333,0.0
0.5,0.0,0.5,0.0
0.0,0.02559653875904349,0.9744034612409566,0.0
0.20000000000000004,0.20000000000000004,0.39999999999999997,0.19999999999999993
0.005782386644258159,0.005782386644258159,0.9884352267114836,0.0
0.3333333333333333,0.3333333333333333,0.3333333333333333,0.0
0.0,0.3333333333333333,0.3333333333333333,0.3333333333333333
0.15141692903675652,0.8485830709632435,0.0,0.0
0.5,0.5,0.0,0.0
0.3333333333333333,0.3333333333333333,0.3333333333333333,0.0
0.5,0.3098987386592412,0.19010126134075875,0.0
0.5900865338178695,0.4099134661821306,0.0,0.0
0.5,0.5,0.0,0.0
0.5,0.0,0.5,0.0
0.5,0.5,0.0,0.0
0.3333333333333333,0.0,0.3333333333333333,0.3333333333333333
0.5,0.5,0.0,0.0
0.5,0.5,0.0,0.0
0.5,0.5,0.0,0.0
0.5,0.5,0.0,0.0
0.0734560609314545,0.9265439390685455,0.0,0.0
0.3333333333333333,0.3333333333333333,0.3333333333333333,0.0
0.5,0.5,0.0,0.0
0.0,0.5,0.5,0.0
0.5,0.5,0.0,0.0
0.5,0.5,0.0,0.0
0.3333333333333333,0.3333333333333333,0.3333333333333333,0.0
0.0,0.5,0.5,0.0
0.5,0.5,0.0,0.0
0.7648494812254099,0.0,0.23515051877459014,0.0
0.0,0.5,0.5,0.0
0.5,0.0,0.5,0.0
0.33333333333333337,0.33333333333333337,0.33333333333333337,0.0
0.5,0.5,0.0,0.0
0.5,0.5,0.0,0.0
0.5,0.5,0.0,0.0
0.5,0.5,0.0,0.0
0.5,0.0,0.5,0.0
0.3333333333333333,0.3333333333333333,0.3333333333333333,0.0
0.0,0.5,0.5,0.0
0.15220872465341914,0.8477912753465809,0.0,0.0
0.5,0.5,0.0,0.0
0.5,0.0,0.0,0.5
0.5,0.5,0.0,0.0
0.0,0.5,0.5,0.0
0.0,0.5,0.5,0.0
0.042729093287354164,0.9572709067126458,0.0,0.0
0.0,0.0,0.5,0.5
0.0,0.3333333333333333,0.3333333333333333,0.3333333333333333
0.5,0.5,0.0,0.0
0.0,0.0,0.7365421670492075,0.26345783295079245
0.5,0.0,0.0,0.5
0.14137512943995806,0.8586248705600419,0.0,0.0
0.3333333333333333,0.3333333333333333,0.3333333333333333,0.0
0.0,0.5,0.5,0.0
0.5,0.0,0.5,0.0
0.33333333333333337,0.33333333333333337,0.33333333333333337,0.0
0.5,0.5,0.0,0.0
0.0,0.0,0.20238785903040035,0.7976121409695998
0.5,0.5,0.0,0.0
0.5,0.5,0.0,0.0
0.5,0.0,0.5,0.0
0.0,0.05104248020452524,0.0,0.9489575197954747
0.0,0.0,0.5,0.5
0.5,0.5,0.0,0.0
0.3333333333333333,0.3333333333333333,0.3333333333333333,0.0
0.5,0.0,0.5,0.0
0.5,0.5,0.0,0.0
0.5,0.0,0.5,0.0
0.3333333333333333,0.3333333333333333,0.3333333333333333,0.0
0.5,0.5,0.0,0.0
1.0,0.0,0.0,0.0
0.328719687307852,0.328719687307852,0.3425606253842961,0.0
0.5,0.5,0.0,0.0
0.7799919130146209,0.11000404349268963,0.11000404349268963,0.0
0.5,0.0,0.5,0.0
0.0,0.906592771486731,0.09340722851326903,0.0
0.5,0.5,0.0,0.0
0.5,0.5,0.0,0.0
0.5,0.0,0.5,0.0
0.0,0.5,0.5,0.0
0.5,0.0,0.5,0.0
0.5,0.0,0.5,0.0
0.5,0.5,0.0,0.0
0.5,0.5,0.0,0.0
0.5,0.5,0.0,0.0
0.5,0.0,0.5,0.0
0.4026897633744166,0.5973102366255834,0.0,0.0
0.5,0.5,0.0,0.0
0.5,0.5,0.0,0.0
0.0,0.5,0.0,0.5
0.5,0.5,0.0,0.0
0.0,0.0,0.05017276443725544,0.9498272355627445
0.0,0.0,0.9891201889656371,0.010879811034362764
0.5,0.5,0.0,0.0
0.3134899120209318,0.5,0.0,0.1865100879790682
0.5,0.5,0.0,0.0
0.25,0.25,0.25,0.25
0.5,0.0,0.5,0.0
0.0,0.3333333333333333,0.3333333333333333,0.33333333333333337
0.5,0.5,0.0,0.0
0.5,0.5,0.0,0.0
0.3333333333333333,0.3333333333333333,0.3333333333333333,0.0
0.3333333333333333,0.3333333333333333,0.3333333333333333,0.0
0.0,0.5,0.5,0.0
0.0,0.5,0.0,0.5
0.0,0.5,0.0,0.5
0.952724937583114,0.04727506241688588,0.0,0.0
0.5,0.5,0.0,0.0
0.5,0.0,0.5,0.0
0.0,0.8687111161959428,0.13128888380405732,0.0
0.5,0.0,0.5,0.0
0.2543010013503406,0.7456989986496594,0.0,0.0
0.0,0.5,0.5,0.0
0.3333333333333333,0.3333333333333333,0.0,0.3333333333333333
0.5,0.5,0.0,0.0
0.0,0.0,0.5,0.5
0.0,0.0,0.9273710243072696,0.0726289756927303
0.5,0.5,0.0,0.0
0.9483688331738983,0.0,0.0,0.0516311668261017
0.3333333333333333,0.3333333333333333,0.0,0.3333333333333333
0.04322756793042433,0.5,0.45677243206957563,0.0
0.33333333333333337,0.33333333333333337,0.33333333333333337,0.0
0.5,0.0,0.5,0.0
0.5,0.0,0.5,0.0
0.33333333333333337,0.33333333333333337,0.33333333333333337,0.0
0.5,0.5,0.0,0.0
0.17593082488571724,0.8240691751142829,0.0,0.0
0.5,0.0,0.5,0.0
0.0,0.0,0.5,0.5
0.0,0.0,0.5,0.5
0.5,0.5,0.0,0.0
0.0980993217008428,0.9019006782991572,0.0,0.0
0.8894926908793948,0.0,0.11050730912060516,0.0
0.0,0.0,0.5,0.5
0.0,0.0,0.5,0.5
0.5,0.5,0.0,0.0
0.5,0.5,0.0,0.0
0.0,0.5,0.0,0.5
0.5,0.5,0.0,0.0
0.0,0.3333333333333333,0.3333333333333333,0.3333333333333333
0.0,0.0,0.5,0.5
0.5,0.5,0.0,0.0
0.0,0.3333333333333333,0.3333333333333333,0.3333333333333333
0.5,0.0,0.5,0.0
0.25,0.25,0.25,0.25
0.0,0.5,0.0,0.5
0.0,0.5,0.0,0.5
0.5,0.5,0.0,0.0
0.5,0.0,0.5,0.0
0.5,0.0,0.5,0.0
0.5,0.5,0.0,0.0
0.33333333333333337,0.33333333333333337,0.33333333333333337,0.0
0.025029551689733687,0.4874852241551331,0.0,0.4874852241551331
0.0,0.0,0.5,0.5
0.5,0.5,0.0,0.0
0.5,0.5,0.0,0.0
0.5694371160494802,0.0,0.43056288395051984,0.0
0.0,0.0,0.3793456321042998,0.6206543678957003
0.5,0.5,0.0,0.0
0.5,0.5,0.0,0.0
0.33333333333333337,0.33333333333333337,0.33333333333333337,0.0
0.5,0.5,0.0,0.0
0.5,0.5,0.0,0.0
0.5,0.5,0.0,0.0
0.5,0.5,0.0,0.0
0.5,0.5,0.0,0.0
0.5,0.5,0.0,0.0
0.5,0.5,0.0,0.0
0.5,0.5,0.0,0.0
0.5,0.5,0.0,0.0
0.5,0.5,0.0,0.0
0.5,0.5,0.0,0.0
0.5,0.5,0.0,0.0
0.5,0.5,0.0,0.0
0.5,0.5,0.0,0.0
0.5,0.5,0.0,0.0
0.5,0.5,0.0,0.0
0.5,0.5,0.0,0.0
0.5,0.5,0.0,0.0
0.5,0.5,0.0,0.0
0.5,0.5,0.0,0.0
0.5,0.5,0.0,0.0
0.1523527753651179,0.8476472246348821,0.0,0.0
0.5,0.5,0.0,0.0
0.5,0.5,0.0,0.0
0.5,0.5,0.0,0.0
0.5,0.5,0.0,0.0
0.5,0.5,0.0,0.0
0.5,0.5,0.0,0.0
0.5,0.5,0.0,0.0
0.5,0.5,0.0,0.0
0.5,0.5,0.0,0.0
0.5,0.5,0.0,0.0
0.5,0.5,0.0,0.0
0.5,0.5,0.0,0.0
0.5,0.5,0.0,0.0
0.5,0.5,0.0,0.0
0.0694177701376203,0.9305822298623797,0.0,0.0
0.5,0.5,0.0,0.0
0.5,0.5,0.0,0.0
0.5,0.5,0.0,0.0
0.5,0.5,0.0,0.0
0.5,0.5,0.0,0.0
0.5,0.5,0.0,0.0
0.5,0.5,0.0,0.0
0.8479542906084563,0.1520457093915437,0.0,0.0
0.5,0.5,0.0,0.0
0.9167970012403174,0.08320299875968264,0.0,0.0
0.5,0.5,0.0,0.0
0.47029097358265304,0.5000000000000001,0.029709026417346948,0.0
0.5,0.5,0.0,0.0
0.0,0.5,0.5,0.0
0.2649149134246797,0.23508508657531976,0.5000000000000006,0.0
0.5,0.5,0.0,0.0
0.0,0.5,0.5,0.0
0.4855740672096887,0.02885186558062249,0.4855740672096887,0.0
0.0,0.5,0.5,0.0
0.2094329907989136,0.39528350460054323,0.39528350460054323,0.0
0.5,0.0,0.5,0.0
0.33333333333333337,0.33333333333333337,0.33333333333333337,0.0
0.0,0.5,0.5,0.0
0.5,0.0,0.5,0.0
0.5,0.0,0.5,0.0
0.5,0.0,0.5,0.0
0.5,0.5,0.0,0.0
0.5,0.0,0.5,0.0
0.9776309847373725,0.0,0.022369015262627467,0.0
0.5,0.5,0.0,0.0
0.5,0.5,0.0,0.0
0.9431500944930724,0.0,0.05684990550692761,0.0
0.5,0.0,0.5,0.0
0.5,0.5,0.0,0.0
0.33333333333333337,0.33333333333333337,0.33333333333333337,0.0
0.0,0.03994648106534542,0.9600535189346546,0.0
0.5,0.5,0.0,0.0
0.0,0.015503628460178855,0.9689927430796422,0.015503628460178855
0.0,0.5,0.5,0.0
0.5,0.5,0.0,0.0
0.0,0.5,0.0,0.5
0.5,0.5,0.0,0.0
0.25,0.25,0.25,0.25
0.0,0.5,0.5,0.0
0.0,0.5,0.5,0.0
0.3333333333333333,0.3333333333333333,0.3333333333333333,0.0
0.0,0.5,0.5,0.0
0.33333333333333337,0.33333333333333337,0.33333333333333337,0.0
0.0,0.02802422034992107,0.0,0.971975779650079
0.5,0.5,0.0,0.0
0.0,0.0,0.04770379608178998,0.9522962039182101
0.45447029832811414,0.5455297016718857,0.0,0.0
0.3333333333333333,0.0,0.3333333333333333,0.3333333333333333
0.5,0.5,0.0,0.0
0.7429028809352762,0.2570971190647239,0.0,0.0
0.08784365083122991,0.91215634916877,0.0,0.0
0.5,0.0,0.0,0.5
0.5,0.5,0.0,0.0
0.06115796072869805,0.877684078542604,0.06115796072869805,0.0
0.0,0.5,0.0,0.5
0.5,0.5,0.0,0.0
0.0,0.0,0.5,0.5
0.04042283902921029,0.0,0.9595771609707897,0.0
0.5,0.5,0.0,0.0
0.5,0.5,0.0,0.0
0.5,0.0,0.5,0.0
0.4528555599865342,0.0,0.4528555599865342,0.09428888002693156
0.3333333333333333,0.3333333333333333,0.3333333333333333,0.0
0.0,0.5,0.0,0.5
0.5,0.0,0.5,0.0
0.5,0.5,0.0,0.0
0.0,0.5,0.5,0.0
0.0,0.4302049904295848,0.5697950095704151,0.0
0.5,0.5,0.0,0.0
0.0,0.036075252621571366,0.0,0.9639247473784287
0.0,0.0,0.5,0.5
0.29420552155845314,0.29420552155845314,0.41158895688309366,0.0
0.5,0.5,0.0,0.0
0.5,0.5,0.0,0.0
0.0,0.5,0.5,0.0
0.5,0.0,0.0,0.5
0.5,0.5,0.0,0.0
0.5,0.0,0.5,0.0
0.5,0.5,0.0,0.0
0.5,0.5,0.0,0.0
0.5,0.5,0.0,0.0
0.5,0.5,0.0,0.0
0.5,0.5,0.0,0.0
0.5,0.5,0.0,0.0
0.5,0.5,0.0,0.0
0.5,0.5,0.0,0.0
0.5,0.5,0.0,0.0
0.5,0.5,0.0,0.0
0.09706261112421613,0.9029373888757838,0.0,0.0
0.5,0.5,0.0,0.0
0.5,0.5,0.0,0.0
0.5,0.5,0.0,0.0
0.5,0.5,0.0,0.0
0.5,0.5,0.0,0.0
0.5,0.5,0.0,0.0
0.5,0.5,0.0,0.0
0.5,0.5,0.0,0.0
0.5,0.5,0.0,0.0
0.5,0.5,0.0,0.0
0.9192035436981223,0.08079645630187784,0.0,0.0
0.5,0.5,0.0,0.0
0.6397433538538304,0.3602566461461696,0.0,0.0
0.33333333333333337,0.33333333333333337,0.33333333333333337,0.0
0.5,0.5,0.0,0.0
0.5,0.5,0.0,0.0
0.0,0.5,0.5,0.0
0.5,0.5,0.0,0.0
0.5,0.0,0.5,0.0
0.3333333333333333,0.3333333333333333,0.3333333333333333,0.0
0.5,0.5,0.0,0.0
0.2855607604750329,0.2855607604750329,0.42887847904993415,0.0
0.0,0.5,0.5,0.0
0.5,0.5,0.0,0.0
0.5,0.5,0.0,0.0
0.0,0.5,0.5,0.0
0.0,0.5,0.5,0.0
0.3333333333333333,0.3333333333333333,0.3333333333333333,0.0
0.0,0.7964003356104986,0.2035996643895014,0.0
0.3333333333333333,0.3333333333333333,0.3333333333333333,0.0
0.3333333333333333,0.3333333333333333,0.3333333333333333,0.0
0.5,0.5,0.0,0.0
0.5,0.5,0.0,0.0
0.5,0.5,0.0,0.0
0.5,0.5,0.0,0.0
0.5,0.5,0.0,0.0
0.5,0.5,0.0,0.0
