---flow allocation with alpha---
0.01009045
0.016083284
0.004103496
0.011480934
0.016668623
0.015376148000000001
0.0021046686000000003
0.018939039999999997
0.00524656
0.009487615
0.004511612999999999
0.00797732
0.011584917
0.0034694842999999998
0.002649601
0.003282372
0.016557918999999997
0.0012808461
0.0030140327999999997
0.0008399222
0.0058644733
0.016146286
0.0009456861
0.016756878
0.00019592014999999998
0.0067702985
0.016713232
0.019798689
0.013675094
0.012520397
0.0032303002
0.00047584146
0.011388009000000001
0.018102072
0.0018143872
0.015779889000000002
0.0061222177
0.013355349
0.006276362
0.019677958
0.0057492085
0.00087943333
0.015838009
0.0055327263000000005
0.016524517
0.014990778
0.005355213
0.0016365281
0.0078628955
0.005242378999999999
0.003792023
0.0076444664
1.8787095e-5
0.011123913
0.0067417912
0.00938504
0.009570324
0.018373463
0.0085138855
0.0015129049000000001
0.005732813400000001
0.0016908405
0.004562667
0.018190612999999998
0.009024751000000001
0.0034765937
0.011759207
0.006945347
0.011186119
0.014849316999999999
0.011939418
0.0028136603999999996
0.019902654999999998
0.015286659000000001
0.0018417679
0.00047746807000000004
0.013588606
0.0019027606999999999
0.010866165
0.0005711363000000001
0.017828458999999998
0.0027220535
0.013458434
0.005754241
0.004032311
0.0017308213
0.00285762
0.01387138
0.016735693000000003
0.017307257
0.00018614016
0.0029476399999999996
0.008072666999999999
0.00401222
0.019059599
0.0071267037000000005
0.0038111975
0.009024855
0.007002925399999999
0.015615843999999999
0.0060910444000000005
0.014049869
0.009165010000000001
0.008035119
0.014785503
0.0064736004
0.012500907
0.008464138
0.00982486
0.0040162077
0.015223704
0.004338328
0.015521604
0.010230354
0.010906839
0.012498148
0.012952019
0.00054688466
0.001531258
0.0031908753000000002
0.004525112
0.008167732
0.019665518
0.0034256525
0.016038944
0.0040812984
0.007806803
0.010253436000000001
0.014468982
0.019367672
0.01208312
0.00535525
0.014897140500000001
0.008726935
0.013620992
0.0193703
0.012368613
0.0029919120000000002
0.019718997999999998
0.009297041
0.006432141299999999
0.011658634
0.015395671
0.014183916
0.019427412
0.007509758
0.0018514245000000001
0.017522504999999997
0.001619573
0.00034644958
0.0027741137
0.011657299
0.0023848707999999997
0.0048000526
0.014755865
0.010232298999999999
0.002054014
0.001290532
0.016852182
0.01024342
0.015913916
0.011955107999999999
0.00703842
0.016714018
0.0014537767
0.011403065
0.015559749999999999
0.01845853
0.0030144458
0.0060606194
0.011448204
0.0057456569999999995
0.006529409399999999
0.015485806
0.0068988357000000005
0.012291198
0.018012526
0.011696234
0.0021402133000000003
0.0029954352000000004
0.00741934
0.0021443067
0.010058161
0.004939245
0.017269563999999998
0.004840768
0.0035319683999999996
0.0007410934
0.006468489
0.0008518393
0.00010789783
0.012725524
0.014984983
0.0018996173999999998
0.014414605
0.012862615999999999
0.008805959
0.0015368028
0.015513208
0.015119712
0.019640465
0.018769505
0.008474819
0.0035284328
0.0044218183
0.010240581
0.014718281
0.017822565000000002
0.018105965
0.015896611
0.008269126
0.00014813691000000002
0.012733714
0.014947162
0.0006624046
0.017326526999999998
0.002239324
0.011982284999999999
0.009437327
0.014717517000000001
0.0041605389999999996
0.010443600999999999
0.0074464810000000005
0.004118959
0.0017238103
0.0035573277
0.009542528000000002
0.018197395
0.013629262000000001
0.014215021999999999
0.009162438
0.013601105
0.0037058957
0.013638372999999999
0.018064302
0.011716698
0.015933958
0.0012723608
0.017813818000000002
0.01573672
0.010946189
4.3940857e-5
0.014319451
0.015736221
0.008797207
0.0023474312
0.0012499058
0.008894761000000001
0.0077996129999999995
0.006235025
0.008323177
0.019199667
0.018204401000000002
0.014654026
0.0005057858
0.017725117000000002
0.0072354216999999995
0.008179494999999998
0.018512558
0.015609965
0.006997009
0.00060712516
0.0151787815
0.006627074
0.011213905
0.011430483
0.015607282
0.013175154
0.007145146999999999
0.014966100000000001
0.0067464136999999995
0.0063485155000000005
0.011790541
0.0044606360000000005
0.015946916
0.0016467453000000001
0.0030709224000000004
0.014685795
0.0018109367
0.018283736999999998
0.0003671682
0.018831087
0.016237928
0.01950807
0.009679632
0.012642799
0.017667973
0.013840116
0.011222113
0.010936926
0.01816322
0.005048384
0.019730875000000002
0.013023251
0.0013755552
0.00074357706
0.005306015999999999
0.014524321
0.010048106000000001
0.014425499999999999
0.011899416999999999
0.0052654715000000005
0.0013734082
0.011737545
0.0028000539999999997
0.0036202457
0.0018022571
0.0027300040000000003
0.0052992787
0.0068759475
0.0038167543
0.019445953
0.015075286
0.013387254999999999
0.0018250397000000001
0.017881348
0.010974035
0.008414524
0.005551179000000001
0.01230849
0.0145758095
0.014700243
0.019170532
0.018656292
0.019173107
0.010549861999999998
0.009484549
0.015361649
0.017933690999999998
0.010836152
0.012384555
0.017349255
0.013935836
0.014905291999999999
0.012245113
0.0016731844
0.012981666000000001
0.012195434
0.012586321999999999
0.016855078
0.00936701
0.008680835
0.0061629763
0.002126379
0.0038593395
0.009765026999999999
0.006038435
0.010686368
0.012365236
0.0012685841
0.00995881
0.0041669292
0.005953946
0.0058088064
0.010388422
0.017076360000000002
0.01358503
0.0015324873
0.0005680815599999999
0.014481744000000001
0.00052576005
0.004003236
0.016773811
0.00086577225
0.0024042904
0.010786899
0.0058310285
0.0005297030000000001
0.006259568
0.00081838334
0.010813884
0.006847050699999999
0.009890860999999999
0.016895617
0.013724979
0.017420727
0.014794356
0.004112429999999999
0.013221413
0.008772183999999999
0.018218391
0.018231075
0.014027617
0.014349196
0.0019839171
0.014899998
0.019907408
0.0042353354
0.005965969000000001
0.0079701934
0.018594635
0.0022816136
0.017647787
0.008228404
0.010723839
0.008218175000000001
0.012003365
0.018472406
0.0037486103
0.012374577999999999
0.0016972111000000002
0.014888794
0.00016997298999999998
0.014222588999999999
0.018958853
0.0036294322
0.018534273
0.014129797999999999
0.010930602000000001
0.018673233
0.0018260430999999999
0.014576625999999999
0.005916141
0.007585154
0.011767668
0.017009588
0.010800269999999999
0.0060331516
0.00834637
0.00014214861
0.013147611
0.012457254000000001
0.017904928
0.0038696213
0.0030099683
0.0035442076
0.0065186796
0.007212589300000001
0.009413886
0.018283327
0.0090211
0.013322449
0.0070521126
0.018036026
0.00058077824
0.014975002
0.00782788
0.0068513246
0.009479084
0.019543213
0.017004623
0.011467565
0.01106571
0.0027554889
0.012867637999999999
0.0075244827
0.014498046
0.014125768
0.012816777
0.018454889999999998
0.0001694842
0.007168255
0.01212613
0.007335273
0.0041797113000000006
0.017361479
0.00668787
0.00916839
0.007176043
0.014143348
0.019481464
0.015208753
0.01876481
0.008099239000000001
0.0053426366
0.015514105
0.006478790799999999
0.0017685819
0.007393328
0.0050865793000000005
0.019413147
0.013776128
0.018852613
0.010517148
0.017989704
0.015108711
0.010341402999999999
0.011180672
0.019560406
0.006941904499999999
0.0028690987
0.001988873
0.0029446132
0.008208205
0.003773489
0.0024480317
0.005825215
0.0057436986
0.002032978
0.019534744
0.009602783
0.004380173
0.01340833
0.0018782687
0.0005274616
0.012656057
0.010167641
0.017112053
0.008118155
0.0068424487
0.018216862
0.0076465926
0.0013324202
0.011839776
0.01654111
0.017689293
0.013632601
0.019458258
0.009296134000000001
0.017366495
0.008718992
0.0077841635
0.0045223584
0.0020395663
0.004898692
0.009729691
0.006502193
0.0042253466
0.0052696366000000005
0.005313352
0.017723848
0.0007166348
0.0028805792
0.004673106
0.010605037
0.016975319
0.0036873386
0.0017377707
0.0026698358
0.009793122
0.015770856
0.01944682
0.005058709000000001
0.008870107
0.01204509
0.0044451080000000006
0.009522240999999999
0.01242197
0.0120014105
0.016726679
0.013617281
0.012844212
0.01625126
0.0013297501
0.0046645575
0.010575968
0.017846464
0.0005187111
0.013524523
0.009951827
0.004403855
0.013936315999999999
0.0040437922
0.016421144000000002
0.009192862999999999
0.016333711999999997
0.012778316
0.016275465
0.0065158740000000005
0.0127793865
0.013838862
0.015002146
0.013751648
0.00098814607
0.009796674
0.017621084
0.0065694813999999995
0.016799076
2.0770437999999997e-5
0.009151697
0.016885063
0.018740545
0.017876469
0.0027934308
0.009176397
0.002752324
0.016403221
0.0005502801
0.01121158
0.0013507615
0.00035235128
0.011113301999999999
0.010617065
0.016864508
0.0011375633
0.007580763
0.016655722
0.011334308999999999
0.015803712
0.0063353260000000005
0.015975683
0.017729979
0.012402111
0.013409974
0.0039533992
0.0026401873
0.001952894
0.010895079
0.019139134999999998
0.0050649414
---weights per flow tunnel---
0.2579035136477513,0.7420964863522486,0.0,0.0
0.0,0.5,0.5,0.0
0.0,0.5,0.5,0.0
0.5,0.5,0.0,0.0
0.3333333333333333,0.0,0.3333333333333333,0.3333333333333333
0.0,0.0,0.07992033795868492,0.9200796620413151
0.3333333333333333,0.3333333333333333,0.0,0.3333333333333333
0.0,0.3333333333333333,0.3333333333333333,0.3333333333333333
0.33333333333333337,0.0,0.33333333333333337,0.33333333333333337
0.3333333333333333,0.3333333333333333,0.3333333333333333,0.0
0.0,0.3333333333333333,0.3333333333333333,0.3333333333333333
0.3333333333333333,0.3333333333333333,0.3333333333333333,0.0
0.0,0.5,0.0,0.5
0.5,0.0,0.5,0.0
0.25,0.25,0.25,0.25
0.25,0.25,0.25,0.25
0.0,0.3333333333333333,0.3333333333333333,0.3333333333333333
0.5,0.5,0.0,0.0
0.5,0.5,0.0,0.0
0.0,0.5,0.5,0.0
0.0,0.9478660688739826,0.02606696556300866,0.02606696556300866
0.06496844538935119,0.06496844538935119,0.06496844538935119,0.8050946638319464
0.5,0.5,0.0,0.0
0.5,0.0,0.5,0.0
0.5,0.5,0.0,0.0
0.5,0.5,0.0,0.0
0.5,0.5,0.0,0.0
0.5914395428200798,0.4085604571799202,0.0,0.0
0.5,0.5,0.0,0.0
0.07869290316236122,0.9213070968376389,0.0,0.0
0.5,0.5,0.0,0.0
0.5,0.5,0.0,0.0
0.5,0.5,0.0,0.0
0.5,0.5,0.0,0.0
0.5,0.5,0.0,0.0
0.5,0.5,0.0,0.0
0.5,0.5,0.0,0.0
0.5,0.5,0.0,0.0
0.5,0.5,0.0,0.0
0.5,0.5,0.0,0.0
0.5,0.5,0.0,0.0
0.5,0.5,0.0,0.0
0.5,0.5,0.0,0.0
0.5,0.5,0.0,0.0
0.5,0.5,0.0,0.0
0.8940431645861029,0.10595683541389705,0.0,0.0
0.5,0.5,0.0,0.0
0.5,0.5,0.0,0.0
0.0,0.5,0.5,0.0
0.5,0.5,0.0,0.0
0.25,0.25,0.25,0.25
0.5,0.5,0.0,0.0
0.4,0.19999999999999996,0.19999999999999996,0.2000000000000001
0.0,0.3333333333333333,0.3333333333333333,0.3333333333333333
0.0,0.5,0.0,0.5
0.3333333333333333,0.0,0.3333333333333333,0.3333333333333333
0.0,0.021608601718036618,0.9567827965639267,0.021608601718036618
0.3333333333333333,0.3333333333333333,0.3333333333333333,0.0
0.0,0.3333333333333333,0.3333333333333333,0.3333333333333333
0.3333333333333333,0.3333333333333333,0.3333333333333333,0.0
0.0,0.5,0.5,0.0
0.5,0.0,0.5,0.0
0.0,0.0,0.5,0.5
0.0,0.0,0.5,0.5
0.0,0.01830214246684777,0.0,0.9816978575331522
0.5,0.5,0.0,0.0
0.963554908973971,0.03644509102602899,0.0,0.0
0.0,0.5,0.5,0.0
0.0,0.053062158682220514,0.0,0.9469378413177795
0.0,0.33333333333333337,0.33333333333333337,0.33333333333333337
0.5,0.5,0.0,0.0
0.5,0.0,0.5,0.0
0.0,0.5,0.5,0.0
0.5,0.5,0.0,0.0
0.25,0.25,0.25,0.25
0.5,0.5,0.0,0.0
0.5,0.0,0.5,0.0
0.3333333333333333,0.3333333333333333,0.3333333333333333,0.0
0.0,0.0,0.07213302659089486,0.9278669734091051
0.39999999999999997,0.19999999999999996,0.2,0.2
0.0,0.5,0.0,0.5
0.5,0.5,0.0,0.0
0.10457192128802056,0.10457192128802056,0.0,0.7908561574239588
0.5,0.0,0.5,0.0
0.4,0.20000000000000007,0.19999999999999996,0.19999999999999996
0.5,0.0,0.5,0.0
0.19999999999999998,0.4,0.19999999999999998,0.19999999999999998
0.0,0.0,0.6186976607984771,0.38130233920152284
0.2,0.3999999999999999,0.2,0.2
0.5,0.5,0.0,0.0
0.5,0.5,0.0,0.0
0.3333333333333333,0.3333333333333333,0.3333333333333333,0.0
0.0,0.0,0.5,0.5
0.0,0.0,0.5,0.5
0.5,0.5,0.0,0.0
0.5,0.0,0.5,0.0
0.5,0.5,0.0,0.0
0.6642736272706049,0.33572637272939504,0.0,0.0
0.5,0.5,0.0,0.0
0.5453130520567534,0.45468694794324643,0.0,0.0
0.5,0.5,0.0,0.0
0.5,0.5,0.0,0.0
0.5,0.5,0.0,0.0
0.5,0.5,0.0,0.0
0.5,0.5,0.0,0.0
0.5,0.5,0.0,0.0
0.9637405575769173,0.036259442423082607,0.0,0.0
0.5,0.5,0.0,0.0
0.5,0.5,0.0,0.0
0.5,0.5,0.0,0.0
0.5,0.5,0.0,0.0
0.5,0.5,0.0,0.0
0.5,0.5,0.0,0.0
0.5,0.5,0.0,0.0
0.5,0.5,0.0,0.0
0.5,0.5,0.0,0.0
0.5,0.5,0.0,0.0
0.5,0.5,0.0,0.0
0.5,0.5,0.0,0.0
0.5,0.5,0.0,0.0
0.0,0.0,0.5,0.5
0.5,0.5,0.0,0.0
0.39999999999999997,0.19999999999999996,0.2,0.2
0.4,0.20000000000000004,0.20000000000000004,0.19999999999999996
0.5,0.5,0.0,0.0
0.0,0.0,0.5,0.5
0.0,0.0,0.5,0.5
0.0,0.07468409535259615,0.03265069501305487,0.8926652096343489
0.3333333333333333,0.0,0.3333333333333333,0.3333333333333333
0.5,0.5,0.0,0.0
0.0,0.0,0.21416353537658894,0.785836464623411
0.5,0.5,0.0,0.0
0.0,0.0,0.947430608784057,0.05256939121594292
0.5,0.0,0.5,0.0
0.0,0.3333333333333333,0.3333333333333333,0.3333333333333333
0.25,0.25,0.25,0.25
0.25,0.25,0.25,0.25
0.5,0.5,0.0,0.0
0.5,0.5,0.0,0.0
0.0,0.5,0.5,0.0
0.0,0.3333333333333333,0.3333333333333333,0.3333333333333333
0.0,0.11001483711044241,0.11001483711044241,0.7799703257791152
0.5,0.5,0.0,0.0
0.0,0.929909486317302,0.0700905136826981,0.0
0.33333333333333337,0.33333333333333337,0.0,0.33333333333333337
0.5,0.5,0.0,0.0
0.33333333333333337,0.33333333333333337,0.33333333333333337,0.0
0.5,0.0,0.0,0.5
0.5,0.5,0.0,0.0
0.0,0.0,0.5,0.5
0.33333333333333337,0.33333333333333337,0.0,0.33333333333333337
0.0,0.0,0.06017566164659496,0.939824338353405
0.0,0.3333333333333333,0.3333333333333333,0.3333333333333333
0.3333333333333333,0.3333333333333333,0.3333333333333333,0.0
0.0,0.3333333333333333,0.3333333333333333,0.3333333333333333
0.33333333333333337,0.33333333333333337,0.33333333333333337,0.0
0.25,0.25,0.25,0.25
0.5,0.0,0.5,0.0
0.3333333333333333,0.0,0.3333333333333333,0.3333333333333333
0.0,0.9600885184251572,0.039911481574842755,0.0
0.0,0.5,0.5,0.0
0.5198166017302476,0.48018339826975237,0.0,0.0
0.5,0.5,0.0,0.0
0.0,0.5,0.5,0.0
0.0,0.33333333333333337,0.33333333333333337,0.33333333333333337
0.1063536395181257,0.0,0.1063536395181257,0.7872927209637486
0.5,0.5,0.0,0.0
0.5,0.5,0.0,0.0
0.3333333333333333,0.3333333333333333,0.0,0.3333333333333333
0.5,0.5,0.0,0.0
0.0,0.5,0.5,0.0
0.0,0.0,0.5,0.5
0.5,0.5,0.0,0.0
0.07312791577295334,0.0,0.0,0.9268720842270467
0.0,0.0,0.5,0.5
0.33333333333333337,0.33333333333333337,0.0,0.33333333333333337
0.0,0.0,0.5,0.5
0.3333333333333333,0.3333333333333333,0.3333333333333333,0.0
0.25,0.25,0.25,0.25
0.5,0.5,0.0,0.0
0.0,0.3333333333333333,0.3333333333333333,0.3333333333333333
0.5,0.0,0.5,0.0
0.3333333333333333,0.0,0.3333333333333333,0.3333333333333333
0.25,0.25,0.25,0.25
0.0,0.5,0.0,0.5
0.5,0.5,0.0,0.0
0.5,0.5,0.0,0.0
0.0,0.5,0.5,0.0
0.0,0.0,0.5,0.5
0.0,0.3333333333333333,0.3333333333333333,0.3333333333333333
0.5,0.5,0.0,0.0
0.33333333333333337,0.33333333333333337,0.33333333333333337,0.0
0.10058642808683356,0.10058642808683356,0.10058642808683356,0.6982407157394993
0.5,0.5,0.0,0.0
0.25,0.25,0.25,0.25
0.4,0.19999999999999996,0.19999999999999996,0.19999999999999996
0.5,0.5,0.0,0.0
0.3333333333333333,0.3333333333333333,0.0,0.3333333333333333
0.5,0.0,0.5,0.0
0.0,0.5,0.0,0.5
0.3333333333333333,0.3333333333333333,0.3333333333333333,0.0
0.5,0.3461906111472654,0.1538093888527346,0.0
0.0,0.5,0.5,0.0
0.5,0.5,0.0,0.0
0.042428881610743305,0.3191903727964189,0.3191903727964189,0.3191903727964189
0.5,0.0,0.5,0.0
0.0,0.3333333333333333,0.3333333333333333,0.3333333333333333
0.5,0.0,0.0,0.5
0.25,0.25,0.25,0.25
0.5,0.5,0.0,0.0
0.5,0.5,0.0,0.0
0.0,0.5,0.5,0.0
0.0,0.0,0.03933158124295811,0.9606684187570419
0.0,0.8893985048679995,0.05530074756600016,0.05530074756600016
0.5,0.5,0.0,0.0
0.04631448265631577,0.04631448265631577,0.9073710346873685,0.0
0.0,0.0,0.5,0.5
0.03401220666620892,0.9659877933337911,0.0,0.0
0.0,0.0,0.016713387980682313,0.9832866120193177
0.0,0.0,0.5,0.5
0.5,0.5,0.0,0.0
0.0,0.0,0.5,0.5
0.0,0.0,0.5,0.5
0.0,0.0,0.5,0.5
0.3333333333333333,0.3333333333333333,0.3333333333333333,0.0
0.5,0.5,0.0,0.0
0.0,0.21958870376892634,0.21958870376892634,0.5608225924621474
0.5,0.5,0.0,0.0
0.0,0.03707328210208457,0.03707328210208457,0.9258534357958309
0.5,0.0,0.5,0.0
0.0,0.0,0.5,0.5
0.25,0.25,0.25,0.25
0.4000000000000001,0.2000000000000001,0.19999999999999996,0.19999999999999996
0.5,0.5,0.0,0.0
0.5,0.5,0.0,0.0
0.23325124628870905,0.0,0.766748753711291,0.0
0.0,0.3333333333333333,0.3333333333333333,0.3333333333333333
0.25,0.25,0.25,0.25
0.5,0.5,0.0,0.0
0.3333333333333333,0.3333333333333333,0.3333333333333333,0.0
0.5,0.5,0.0,0.0
0.5,0.5,0.0,0.0
0.5,0.0,0.5,0.0
0.176241517688913,0.8237584823110871,0.0,0.0
0.5,0.5,0.0,0.0
0.5,0.0,0.5,0.0
0.33333333333333337,0.33333333333333337,0.33333333333333337,0.0
0.5,0.5,0.0,0.0
0.5,0.5,0.0,0.0
0.0,0.5,0.5,0.0
0.5,0.0,0.5,0.0
0.5,0.5,0.0,0.0
0.5,0.5,0.0,0.0
0.5,0.0,0.5,0.0
0.5,0.5,0.0,0.0
0.3333333333333333,0.3333333333333333,0.3333333333333333,0.0
0.0,0.5,0.5,0.0
0.5,0.5,0.0,0.0
0.5,0.5,0.0,0.0
0.33333333333333337,0.33333333333333337,0.33333333333333337,0.0
0.5,0.5,0.0,0.0
0.5,0.5,0.0,0.0
0.3568638445909693,0.6431361554090308,0.0,0.0
0.5,0.5,0.0,0.0
0.25,0.25,0.25,0.25
0.5,0.5,0.0,0.0
0.25,0.25,0.25,0.25
0.25,0.25,0.25,0.25
0.5,0.5,0.0,0.0
0.4000000000000001,0.20000000000000004,0.2,0.2
0.25,0.25,0.25,0.25
0.25,0.25,0.25,0.25
0.5,0.5,0.0,0.0
0.0,0.3333333333333333,0.3333333333333333,0.3333333333333333
0.06564821756573304,0.0,0.934351782434267,0.0
0.5,0.5,0.0,0.0
0.3333333333333333,0.3333333333333333,0.3333333333333333,0.0
0.02017937462589694,0.9596412507482062,0.02017937462589694,0.0
0.0,0.5,0.5,0.0
0.0,0.3333333333333333,0.3333333333333333,0.3333333333333333
0.0,0.33333333333333337,0.33333333333333337,0.33333333333333337
0.5,0.5,0.0,0.0
0.5,0.5,0.0,0.0
0.5,0.5,0.0,0.0
0.25,0.25,0.25,0.25
0.25,0.25,0.25,0.25
0.5,0.5,0.0,0.0
0.5,0.5,0.0,0.0
0.13778709175809983,0.0,0.8622129082419001,0.0
0.5,0.5,0.0,0.0
0.3333333333333333,0.3333333333333333,0.3333333333333333,0.0
0.5,0.0,0.5,0.0
0.5,0.5,0.0,0.0
0.02329100180310746,0.9767089981968925,0.0,0.0
0.3333333333333333,0.3333333333333333,0.3333333333333333,0.0
0.5,0.5,0.0,0.0
0.5,0.5,0.0,0.0
0.5,0.0,0.5,0.0
0.5,0.5,0.0,0.0
0.0,0.6014534135736391,0.39854658642636087,0.0
0.5,0.5,0.0,0.0
0.5,0.5,0.0,0.0
0.5,0.0,0.5,0.0
0.3333333333333333,0.3333333333333333,0.3333333333333333,0.0
0.0,0.5,0.5,0.0
0.5,0.5,0.0,0.0
0.5,0.5,0.0,0.0
0.33333333333333337,0.33333333333333337,0.33333333333333337,0.0
0.0,0.5,0.5,0.0
0.33333333333333337,0.33333333333333337,0.33333333333333337,0.0
0.5,0.5,0.0,0.0
0.33333333333333337,0.33333333333333337,0.33333333333333337,0.0
0.0,0.5,0.5,0.0
0.5,0.5,0.0,0.0
0.0,0.5,0.5,0.0
0.0,0.3333333333333333,0.3333333333333333,0.3333333333333333
0.5,0.5,0.0,0.0
0.0,0.0,0.5,0.5
0.39999999999999997,0.20000000000000004,0.20000000000000004,0.20000000000000004
0.0,0.0,0.5,0.5
0.0,0.043780507609036665,0.9124389847819268,0.043780507609036665
0.0,0.33333333333333337,0.33333333333333337,0.33333333333333337
0.5,0.0,0.5,0.0
0.0,0.5,0.5,0.0
0.09379293370690457,0.0,0.9062070662930954,0.0
0.5,0.0,0.5,0.0
0.0,0.0,0.5,0.5
0.0,0.19975001865284542,0.19975001865284542,0.6004999626943092
0.0,0.5,0.5,0.0
0.5,0.5,0.0,0.0
0.5,0.5,0.0,0.0
0.0,0.5,0.5,0.0
0.0,0.11968216968322686,0.7606356606335462,0.11968216968322686
0.33333333333333337,0.0,0.33333333333333337,0.33333333333333337
0.8769400892870449,0.12305991071295502,0.0,0.0
0.3333333333333333,0.3333333333333333,0.3333333333333333,0.0
0.033925609327128736,0.033925609327128736,0.9321487813457425,0.0
0.5,0.5,0.0,0.0
0.5,0.0,0.5,0.0
0.5,0.0,0.5,0.0
0.5,0.5,0.0,0.0
0.5,0.0,0.5,0.0
0.5,0.0,0.5,0.0
0.5,0.0,0.5,0.0
0.5,0.5,0.0,0.0
0.024018321786980486,0.0,0.9759816782130195,0.0
0.5,0.0,0.5,0.0
0.5,0.0,0.5,0.0
0.33333333333333337,0.33333333333333337,0.33333333333333337,0.0
0.5,0.0,0.5,0.0
0.3333333333333333,0.3333333333333333,0.3333333333333333,0.0
0.3333333333333333,0.3333333333333333,0.3333333333333333,0.0
0.33333333333333337,0.33333333333333337,0.33333333333333337,0.0
0.5,0.5,0.0,0.0
0.5,0.5,0.0,0.0
0.5,0.5,0.0,0.0
0.5,0.0,0.5,0.0
0.5,0.0,0.5,0.0
0.5,0.5,0.0,0.0
0.5,0.5,0.0,0.0
0.4,0.20000000000000004,0.20000000000000004,0.20000000000000004
0.5,0.5,0.0,0.0
0.0,0.0,0.5,0.5
0.0,0.5,0.0,0.5
0.5,0.5,0.0,0.0
0.0,0.0,0.5,0.5
0.0,0.177133782113173,0.32286621788682707,0.5
0.0,0.5,0.0,0.5
0.0,0.3333333333333333,0.3333333333333333,0.3333333333333333
0.0,0.33333333333333337,0.33333333333333337,0.33333333333333337
0.3333333333333333,0.3333333333333333,0.3333333333333333,0.0
0.0,0.5,0.5,0.0
0.5,0.0,0.5,0.0
0.0,0.3333333333333333,0.3333333333333333,0.3333333333333333
0.3333333333333333,0.3333333333333333,0.3333333333333333,0.0
0.0,0.0,0.5,0.5
0.0,0.0,0.0243097648974223,0.9756902351025777
0.5,0.5,0.0,0.0
0.359000635379716,0.640999364620284,0.0,0.0
0.0,0.5,0.5,0.0
0.0,0.5,0.0,0.5
0.0,0.0342997304249801,0.96570026957502,0.0
0.5,0.5,0.0,0.0
0.0,0.2615375137735821,0.738462486226418,0.0
0.25,0.25,0.25,0.25
0.5,0.5,0.0,0.0
0.0,0.5,0.0,0.5
0.0,0.0,0.5,0.5
0.5,0.5,0.0,0.0
0.0,0.0,0.5,0.5
0.0,0.0,0.5,0.5
0.25,0.25,0.25,0.25
0.0,0.5,0.0,0.5
0.25,0.25,0.25,0.25
0.5,0.0,0.5,0.0
0.0,0.0,0.5,0.5
0.33333333333333337,0.33333333333333337,0.33333333333333337,0.0
0.3333333333333333,0.3333333333333333,0.0,0.3333333333333333
0.3333333333333333,0.3333333333333333,0.3333333333333333,0.0
0.9858033065580778,0.0,0.0,0.014196693441922289
0.3333333333333333,0.0,0.3333333333333333,0.3333333333333333
0.055478456863570294,0.9445215431364297,0.0,0.0
0.5,0.5,0.0,0.0
0.0,0.8742231220699758,0.12577687793002434,0.0
0.0,0.5,0.0,0.5
0.5,0.5,0.0,0.0
0.5,0.5,0.0,0.0
0.5,0.5,0.0,0.0
0.0,0.12079665890162435,0.0,0.8792033410983757
0.5,0.5,0.0,0.0
0.0,0.0,0.5,0.5
0.0,0.03514053833199234,0.0,0.9648594616680077
0.5,0.5,0.0,0.0
0.0,0.0,0.5,0.5
0.4,0.19999999999999996,0.19999999999999996,0.19999999999999996
0.0,0.5,0.5,0.0
0.0,0.02293958581640612,0.02293958581640612,0.9541208283671877
0.0,0.33333333333333337,0.33333333333333337,0.33333333333333337
0.0,0.5,0.5,0.0
0.3333333333333333,0.0,0.3333333333333333,0.3333333333333333
0.03155804098940561,0.0,0.9684419590105944,0.0
0.0,0.0368435291712712,0.9631564708287287,0.0
0.0,0.5,0.5,0.0
0.24999999999999994,0.24999999999999994,0.24999999999999994,0.25000000000000006
0.25,0.24999999999999994,0.24999999999999994,0.24999999999999994
0.5,0.5,0.0,0.0
0.5,0.5,0.0,0.0
0.0,0.5,0.5,0.0
0.0,0.0,0.5,0.5
0.25,0.25,0.25,0.25
0.5,0.5,0.0,0.0
0.3333333333333333,0.3333333333333333,0.3333333333333333,0.0
0.5,0.5,0.0,0.0
0.5,0.5,0.0,0.0
0.5,0.5,0.0,0.0
0.5,0.5,0.0,0.0
0.5,0.5,0.0,0.0
0.5,0.5,0.0,0.0
0.5,0.5,0.0,0.0
0.6309551352560963,0.3690448647439037,0.0,0.0
0.2612555688968661,0.738744431103134,0.0,0.0
0.5,0.5,0.0,0.0
0.5,0.5,0.0,0.0
0.5,0.5,0.0,0.0
0.0813575894505946,0.9186424105494054,0.0,0.0
0.5,0.5,0.0,0.0
0.7123726702998586,0.2876273297001414,0.0,0.0
0.5723995735145119,0.4276004264854882,0.0,0.0
0.05772758299651902,0.942272417003481,0.0,0.0
0.5,0.5,0.0,0.0
0.5,0.5,0.0,0.0
0.5,0.5,0.0,0.0
0.067043008102418,0.932956991897582,0.0,0.0
0.5,0.5,0.0,0.0
0.5,0.5,0.0,0.0
0.5,0.5,0.0,0.0
0.5,0.5,0.0,0.0
0.5,0.5,0.0,0.0
0.5,0.5,0.0,0.0
0.5,0.5,0.0,0.0
0.5,0.5,0.0,0.0
0.5,0.5,0.0,0.0
0.5,0.5,0.0,0.0
0.5,0.5,0.0,0.0
0.5,0.5,0.0,0.0
0.04170109654500182,0.9582989034549981,0.0,0.0
0.5,0.5,0.0,0.0
0.5,0.5,0.0,0.0
0.5,0.5,0.0,0.0
0.5,0.5,0.0,0.0
0.5,0.5,0.0,0.0
0.5,0.5,0.0,0.0
0.5,0.5,0.0,0.0
0.06968070585286802,0.930319294147132,0.0,0.0
0.5,0.5,0.0,0.0
0.100094965198059,0.8999050348019411,0.0,0.0
0.5,0.5,0.0,0.0
0.5,0.5,0.0,0.0
0.1526079436804117,0.8473920563195882,0.0,0.0
0.5,0.5,0.0,0.0
0.5,0.5,0.0,0.0
0.5,0.5,0.0,0.0
0.0,0.5,0.5,0.0
0.0,0.05131282445899196,0.948687175541008,0.0
0.5,0.5,0.0,0.0
0.0,0.5,0.5,0.0
0.0,0.5,0.5,0.0
0.357080321254476,0.5,0.14291967874552403,0.0
0.0,0.5,0.5,0.0
0.5,0.5,0.0,0.0
0.16581699731391616,0.0,0.8341830026860838,0.0
0.33333333333333337,0.33333333333333337,0.33333333333333337,0.0
0.9305456640561719,0.034727167971914,0.034727167971914,0.0
0.0,0.5,0.5,0.0
0.5,0.0,0.5,0.0
0.06091584580100238,0.0,0.9390841541989976,0.0
0.12269683271844911,0.4386515836407755,0.4386515836407755,0.0
0.5,0.0,0.5,0.0
0.9080299272360006,0.09197007276399935,0.0,0.0
0.5,0.5,0.0,0.0
0.0017589296686532701,0.49912053516567334,0.49912053516567334,0.0
0.5,0.0,0.5,0.0
0.5,0.5,0.0,0.0
0.3333333333333333,0.3333333333333333,0.3333333333333333,0.0
0.0,0.5,0.5,0.0
0.5,0.5,0.0,0.0
0.0,0.0,0.1854875568405046,0.8145124431594954
0.0,0.1776021416005879,0.0,0.822397858399412
0.5,0.5,0.0,0.0
0.0,0.0,0.5,0.5
0.0,0.0,0.5,0.5
0.0,0.5,0.5,0.0
0.0,0.5,0.0,0.5
0.0,0.3333333333333333,0.3333333333333333,0.3333333333333333
0.5,0.0,0.5,0.0
0.25,0.25,0.25,0.25
0.5,0.0,0.5,0.0
0.25,0.25,0.25,0.25
0.5,0.0,0.5,0.0
0.0,0.0,0.5,0.5
0.5,0.5,0.0,0.0
0.0,0.0,0.5,0.5
0.007139766663347694,0.9928602333366523,0.0,0.0
0.5,0.5,0.0,0.0
0.018055145280826617,0.9819448547191734,0.0,0.0
0.0,0.0,0.5,0.5
0.5,0.5,0.0,0.0
0.5,0.0,0.5,0.0
0.25,0.25,0.25,0.25
0.5,0.5,0.0,0.0
0.0,0.03592924114301876,0.03592924114301876,0.9281415177139625
0.0,0.5,0.0,0.5
0.5,0.5,0.0,0.0
0.25,0.25,0.25,0.25
0.0,0.029847325372723162,0.029847325372723162,0.9403053492545537
0.0,0.3333333333333333,0.3333333333333333,0.3333333333333333
0.25,0.25,0.25,0.25
0.0,0.11203136306875243,0.11203136306875243,0.7759372738624952
0.5,0.0,0.5,0.0
0.0,0.5,0.5,0.0
0.33333333333333337,0.33333333333333337,0.33333333333333337,0.0
0.1527591361373447,0.1527591361373447,0.3472408638626553,0.3472408638626553
0.5,0.0,0.5,0.0
0.0,0.0,0.5,0.5
0.25,0.25,0.25,0.25
0.0,0.3333333333333333,0.3333333333333333,0.3333333333333333
0.5,0.5,0.0,0.0
0.5,0.5,0.0,0.0
0.0,0.5,0.5,0.0
0.0,0.045095354906198634,0.045095354906198634,0.9098092901876028
0.5,0.5,0.0,0.0
0.5,0.5,0.0,0.0
0.5,0.5,0.0,0.0
0.5,0.5,0.0,0.0
0.5,0.5,0.0,0.0
0.5,0.5,0.0,0.0
0.2354161964886322,0.7645838035113678,0.0,0.0
0.5,0.5,0.0,0.0
0.5,0.5,0.0,0.0
0.5,0.5,0.0,0.0
0.5,0.5,0.0,0.0
0.5,0.5,0.0,0.0
0.850396462488079,0.14960353751192096,0.0,0.0
0.5,0.5,0.0,0.0
0.5,0.5,0.0,0.0
0.5,0.5,0.0,0.0
0.5,0.5,0.0,0.0
0.5,0.5,0.0,0.0
0.5,0.5,0.0,0.0
0.5,0.5,0.0,0.0
0.5,0.5,0.0,0.0
0.9302158796893519,0.06978412031064794,0.0,0.0
0.5,0.5,0.0,0.0
0.5,0.5,0.0,0.0
0.5,0.5,0.0,0.0
0.5,0.5,0.0,0.0
0.3333333333333333,0.3333333333333333,0.3333333333333333,0.0
0.5,0.5,0.0,0.0
0.5,0.0,0.5,0.0
0.0,0.5,0.5,0.0
0.5,0.5,0.0,0.0
0.33333333333333337,0.33333333333333337,0.33333333333333337,0.0
0.33333333333333337,0.33333333333333337,0.33333333333333337,0.0
0.3333333333333333,0.3333333333333333,0.3333333333333333,0.0
0.3333333333333333,0.3333333333333333,0.3333333333333333,0.0
0.3333333333333333,0.3333333333333333,0.3333333333333333,0.0
0.5,0.5,0.0,0.0
0.5,0.5,0.0,0.0
0.5,0.5,0.0,0.0
0.5,0.5,0.0,0.0
0.33333333333333337,0.33333333333333337,0.33333333333333337,0.0
0.0,0.5,0.5,0.0
0.08402857691142365,0.08402857691142365,0.8319428461771526,0.0
0.03581969925071923,0.9283606014985616,0.03581969925071923,0.0
0.5,0.5,0.0,0.0
0.5,0.5,0.0,0.0
0.5,0.5,0.0,0.0
0.07265468474937892,0.0,0.927345315250621,0.0
0.5,0.0,0.5,0.0
0.5,0.5,0.0,0.0
