---flow allocation with alpha---
0.011781541000000001
0.00805988
0.01901651
0.013097431999999999
0.0011069639
0.014395166
0.009171903
0.008925301
0.008853972
0.018586658
0.010064864
0.0071452103
0.014191874500000002
0.012543072
0.01796901
0.015423189
0.0018517209
0.011474191
0.006467071
0.016968443
0.009425233
0.0001808527
0.0133403225
0.011946817
0.014521769
0.014098081
0.018368807
0.0149877205
0.011432314999999998
0.012368961000000001
0.0064397135
0.009444311
0.013378434
0.009942116
0.0061252775
0.0074541383000000004
0.018652046
0.011158972999999999
0.017441965
0.01661692
0.00070755
0.016705742
0.008138804999999999
0.005217276
0.0020832913
0.006228766399999999
0.0069980865
0.016010649999999998
0.018314358
0.01644789
0.0021987765
0.016992445
0.015568306
0.017260267
0.011631161000000001
0.0054664836000000005
0.014672685
0.017588957000000002
0.01088624
0.013321095
0.0014065757
0.010045489999999999
0.010995202
0.0015666987
0.018350245
0.008423819999999999
0.017903233
0.0026093707
0.010153662
0.0035972754999999998
0.011413498000000001
0.01673716
0.0016800481
0.016456518
0.009255371
0.015841998
0.0024053971999999997
0.0046758013
0.012214893999999999
0.006264075799999999
0.014034183
0.003236507
0.01909038
0.019379383
0.017232258
0.016402183999999997
0.0059959073
0.0075957174
0.012610562
0.0011810804999999999
0.009431253999999998
0.0060729420000000004
0.00434617
0.0009190413
0.0042898626
0.017116804
0.00097725886
0.019432802
0.014585065
0.0048390594
0.004085571
0.009122318
0.0022575114
0.019397102
0.015129246
0.0017383671
0.0069278626
0.013160903
0.00958782
0.019590832
0.0043605976
0.016913311
0.013427268
0.0026094303
0.0036729016
0.018120466000000002
0.01285512
0.014471646
0.0014319237000000001
0.0050828185
0.012780906
0.0069769626
0.014274034500000001
0.009107265
0.0031880504999999997
0.0107508745
0.003654057
0.0016563319000000001
2.9830195e-5
0.019651867
0.0004366339
0.0047556180000000005
0.01722961
0.004061686500000001
0.014899148999999999
0.0008795071
0.010706962
0.01877319
0.0028355026
0.018517923
0.017807299000000002
0.014275659
0.011510911
0.0020291855
0.018913021000000002
0.017338768
0.018505035
0.007470065
0.003172298
0.0034306414
0.0013507593
0.0065572295
0.0034347686999999997
0.010280183
0.007291723700000001
0.016734694
0.017361761
0.00234521
0.012405132
0.011381491
0.012009484
0.0123857155
0.011855066000000001
0.0008933330000000001
0.005864407
0.002304491
0.0035221322000000004
0.0003663364
0.019230879000000003
0.0023270338000000003
0.019706284
0.015117603
0.018459328
0.011651802999999999
0.004232907
0.014519644
0.001421394
0.017025959
0.010339105999999999
0.0063304887
0.009299518000000001
0.014391065
0.013474409
0.01784447
0.0146399
0.0027374103
0.009576890000000001
0.00955043
0.01674174
0.016714189999999997
0.01352038
0.01120758
0.017775078
0.016879807
0.0024334972000000002
0.011006713
0.01937005
0.015477086999999999
0.015969088
0.0025842474
0.002793536
0.013542363
0.006364163999999999
0.006234999
0.004123675300000001
0.0006570182
0.002419348
0.011435905
0.015261999
0.0040412024999999996
0.019909111
0.0056669416
0.018975788
0.012219208
0.014081621
0.0014297353
0.01277071
0.018119688
0.018482292
0.0105177765
0.0007444281
0.003412239
0.0074534154
0.013129683999999999
0.008882318
0.000863109
0.008315319
0.007181708300000001
0.014227149000000001
0.008409939
0.006865182
0.017823124
0.0003616668
0.011385540000000001
0.008433976
0.019905798000000002
0.014137307
0.017882885
0.013466786000000001
0.0064514256
0.011078402499999999
0.009335171000000001
0.009476224
0.013284704
0.0037726079999999998
0.008389609
0.0018283689999999998
0.014330892
0.006415236
0.014724769
0.006504997
0.014164228
0.0068339357
0.011523861
0.00013889772
0.019477442
0.0065109334
0.019767932999999998
0.0042052765
0.01343092
0.009726074999999999
0.017723541000000002
0.014674269
0.013942392999999999
0.017851955
0.009765762
0.004714858000000001
0.00670775
0.0035566729999999998
0.017303125000000003
0.008105316999999999
0.019180737
0.008083399
0.008637722
0.0071852193
0.009745955
0.0020284774
0.0008902507400000001
0.014265102
0.0050655003
0.012696329000000001
0.01387889
0.014040845
0.00020750806
0.004166661699999999
0.013047064
0.0060315437
0.013705379
0.0027152699999999997
0.0079204946
0.016705938
0.00027311071999999996
0.014837817
0.006457364
0.0037905052
0.017233145000000002
0.009338994
0.018567389
0.019305444999999997
0.014807964
0.0041445336
0.01763315
0.010637101
0.016058154999999998
0.0130088215
0.0063135896
0.010672723
0.005047558000000001
0.015290762000000001
0.012156848
0.017497211
0.004444144200000001
0.00110607
0.0043497396
0.0024245435999999997
0.005970696399999999
0.0040399528
0.0026219782999999997
0.007480583
0.0017830701
0.008405244
0.007292091400000001
0.012243887
0.019516897000000002
0.015070632
0.0005730809999999999
0.0016783422999999999
0.0039403164
0.01550501
0.012956757
0.00145245
0.015980268
0.0026230980000000004
0.010559642000000001
0.0036512094
0.007351395
0.019154991
0.0031539447
0.00214145
0.00048521104
0.013846744
0.012763926
0.00062280124
0.016058061999999998
0.018772053
0.0056654234
0.018299026000000003
0.009957732
0.01713092
0.0007357967
0.0069730906
0.015090095
0.008390096
0.00020696646
0.011130932
0.017011318
0.0063339195
0.003330657
0.01060935
0.010843543
0.011468491
0.000755321
0.011377571
0.019248074
0.013224706
0.005473024
0.011806019
0.012399726
0.010085110999999999
0.014842815999999998
0.016722176000000002
0.0012906694
0.0050755267
0.011683636
0.0038282945
0.014117662
0.0017704462
0.0022015159999999997
0.012325485
0.016528593
0.019206509
0.0058371787
0.017420881000000003
0.0032899500000000003
0.013454428000000001
0.0160957
0.0048646965
0.01975126
0.0102668295
0.0024349696999999997
0.011812934
0.003046353
0.004612744
0.015734103
0.0005041465000000001
0.011402863999999999
0.015847701999999998
0.019093712
0.008155166
0.01402261
0.011882591
0.013475481000000001
0.00036247030000000004
0.007273761300000001
0.004011035
0.007530418400000001
0.009270249
0.009709932000000001
0.017346453
0.019298449000000002
0.007398388
0.012037326999999999
0.0035494094
0.018798096
0.018162880000000003
0.006846001
0.006047044
0.01018318
0.019999175999999997
0.012119216
0.009863304
0.014042852
0.0091198845
0.0049566503
0.013023168
0.0012100930000000002
0.01635071
0.015527032999999999
0.01851936
0.009303333
0.019630459
0.019910654
0.013294066
0.0023406
0.016396492
0.01007429
0.011208487500000001
0.014584937
0.0021114503999999997
0.01299539
0.006730229999999999
0.015085584
0.0029975708
0.018962188999999997
0.016530773
0.010822142
0.002937669
0.015481057
0.014368026
0.014572882
0.013803656000000001
0.009513097
0.009008654
0.009986931000000001
0.015124516
0.004617227
0.012839733
0.012810314
0.013171186999999999
0.013426048
0.017394457
0.002726803
0.0004051472
0.01618315
0.014317773
0.0050439167
0.011303263
0.005610737
0.00884008
0.008306637
0.012365323999999999
0.016625565999999998
0.01603152
0.0032839483999999998
0.012413133
0.006553977
0.009196066999999999
0.004970989699999999
0.015504009999999999
0.014898339
0.013846538
0.016409302
0.015383826
0.0006218626
0.014351229
0.0043963866
0.008874904000000001
0.018388687
0.0072189775
0.011572578
0.008938924000000001
0.009290319
0.004280932
0.012602767999999999
0.007915744
0.019051453
0.01599958
0.010381315
0.010878406
0.010666544
0.0077301917
0.010430225999999999
0.010814388
0.013883241999999999
0.0066981525
0.00044728693000000005
0.014153856
0.014959004
0.0054749026000000004
0.01381376
0.013451342
0.006221519
0.003648464
0.009330873
0.003955031
0.006707988000000001
0.01800658
0.019473007
0.016187597
0.00021459989
0.017394735
0.0029457
0.015116934
0.017984922
0.019221622
0.010731903000000001
0.018643452
0.012149338999999999
0.007846504
0.00027971806999999997
0.013110049
0.017046242
0.012209374
0.0010863297
0.0047736014999999994
0.018627476
0.0174327
0.0055001955
0.012744197
0.010130664
0.009960827
0.005658999
0.012701879
0.016948639
0.006212768600000001
0.013579131
0.0020335174
0.0071173444
0.00936995
0.0033248646
0.005722520399999999
0.012727368000000001
0.009780354000000002
0.001893989
0.0060234222
0.0035434225000000002
0.015671247
0.009932855
0.0035109553
0.004613108
0.013513184000000001
0.016641544
0.013141652
0.010309469
0.0021968813
0.019766943000000002
0.0026233847
0.015629434
0.0039776635
0.010333629
0.019977213
0.010114982
0.014535396
0.009491472999999999
0.0031498113000000003
0.0066589217
0.01726507
0.009629743
0.0050638003
0.01729448
0.017239523
0.0067904770000000005
0.013926926999999999
0.006622796
0.0011078237
0.009075425
0.014358947
0.017590746
0.0033475032
0.016492905
0.01717395
0.0054805927
0.0039621024
0.0005303476
0.00030886190000000005
0.004538814
0.009345061
0.015932418
0.0016566131
0.011082576
---weights per flow tunnel---
0.21629062344547031,0.7837093765545298,0.0,0.0
0.0,0.5,0.0,0.5
0.5,0.0,0.5,0.0
0.5,0.5,0.0,0.0
0.2,0.39999999999999997,0.19999999999999996,0.2
0.09527825821143264,0.0,0.1751584175457048,0.7295633242428625
0.39999999999999997,0.20000000000000004,0.2,0.20000000000000004
0.0,0.0,0.027748251781685117,0.972251748218315
0.33333333333333337,0.33333333333333337,0.33333333333333337,0.0
0.5,0.0,0.5,0.0
0.0,0.24625957009687574,0.24625957009687574,0.5074808598062485
0.3333333333333333,0.3333333333333333,0.3333333333333333,0.0
0.0,0.5,0.0,0.5
0.5,0.0,0.5,0.0
0.25,0.25,0.25,0.25
0.1828354774561072,0.0,0.1828354774561072,0.6343290450877856
0.0,0.3333333333333333,0.3333333333333333,0.3333333333333333
0.5,0.5,0.0,0.0
0.5,0.5,0.0,0.0
0.5,0.0,0.5,0.0
0.0,0.9619505719968009,0.019024714001599607,0.019024714001599607
0.0,0.33333333333333337,0.33333333333333337,0.33333333333333337
0.5,0.5,0.0,0.0
0.5,0.0,0.5,0.0
0.5,0.5,0.0,0.0
0.5,0.5,0.0,0.0
0.5,0.5,0.0,0.0
0.5831961314510645,0.4168038685489354,0.0,0.0
0.5,0.5,0.0,0.0
0.3316974672188301,0.6683025327811698,0.0,0.0
0.5,0.5,0.0,0.0
0.5,0.5,0.0,0.0
0.5,0.5,0.0,0.0
0.5,0.5,0.0,0.0
0.5,0.5,0.0,0.0
0.5,0.5,0.0,0.0
0.5,0.5,0.0,0.0
0.5,0.5,0.0,0.0
0.5,0.5,0.0,0.0
0.5,0.5,0.0,0.0
0.5,0.5,0.0,0.0
0.5,0.5,0.0,0.0
0.5,0.5,0.0,0.0
0.5,0.5,0.0,0.0
0.5,0.5,0.0,0.0
0.5,0.5,0.0,0.0
0.5,0.5,0.0,0.0
0.5,0.5,0.0,0.0
0.33333333333333337,0.33333333333333337,0.0,0.33333333333333337
0.5,0.5,0.0,0.0
0.0,0.0,0.5,0.5
0.5,0.5,0.0,0.0
0.0,0.13677949119019955,0.0,0.8632205088098004
0.0,0.5,0.0,0.5
0.0,0.5,0.0,0.5
0.0,0.5,0.0,0.5
0.0,0.0,0.9748710387773785,0.025128961222621624
0.0,0.5,0.5,0.0
0.3333333333333333,0.0,0.3333333333333333,0.3333333333333333
0.0,0.5,0.5,0.0
0.0,0.0,0.5,0.5
0.3333333333333333,0.3333333333333333,0.3333333333333333,0.0
0.0,0.5,0.5,0.0
0.0,0.0,0.5,0.5
0.0,0.0,0.5,0.5
0.5,0.5,0.0,0.0
0.5,0.5,0.0,0.0
0.0,0.5,0.5,0.0
0.0,0.3333333333333333,0.3333333333333333,0.3333333333333333
0.0,0.0,0.5,0.5
0.5,0.5,0.0,0.0
0.5,0.0,0.5,0.0
0.0,0.3333333333333333,0.3333333333333333,0.3333333333333333
0.5,0.5,0.0,0.0
0.25,0.25,0.25,0.25
0.5,0.5,0.0,0.0
0.0,0.3333333333333333,0.3333333333333333,0.3333333333333333
0.0,0.33333333333333337,0.33333333333333337,0.33333333333333337
0.054342181876905454,0.06940011678967567,0.06940011678967567,0.8068575845437432
0.0,0.3333333333333333,0.3333333333333333,0.3333333333333333
0.0,0.8904818772145088,0.10951812278549133,0.0
0.3333333333333333,0.3333333333333333,0.3333333333333333,0.0
0.05516512484473999,0.05516512484473999,0.05516512484473999,0.8345046254657801
0.3333333333333333,0.3333333333333333,0.3333333333333333,0.0
0.0,0.5,0.5,0.0
0.33333333333333337,0.33333333333333337,0.33333333333333337,0.0
0.25,0.25,0.25,0.25
0.0,0.33333333333333337,0.33333333333333337,0.33333333333333337
0.027599116591858288,0.0,0.9448017668162835,0.027599116591858288
0.5,0.5,0.0,0.0
0.5,0.5,0.0,0.0
0.5,0.0,0.5,0.0
0.0,0.3333333333333333,0.3333333333333333,0.3333333333333333
0.0,0.5,0.5,0.0
0.5,0.5,0.0,0.0
0.5,0.0,0.5,0.0
0.5,0.5,0.0,0.0
0.5144672926251245,0.48553270737487564,0.0,0.0
0.5,0.5,0.0,0.0
0.5,0.5,0.0,0.0
1.0,0.0,0.0,0.0
0.5,0.5,0.0,0.0
0.5,0.5,0.0,0.0
0.5,0.5,0.0,0.0
0.5,0.5,0.0,0.0
0.5,0.5,0.0,0.0
0.5,0.5,0.0,0.0
0.8574418759244959,0.142558124075504,0.0,0.0
0.5,0.5,0.0,0.0
0.5,0.5,0.0,0.0
0.5,0.5,0.0,0.0
0.5,0.5,0.0,0.0
0.5,0.5,0.0,0.0
0.5,0.5,0.0,0.0
0.5,0.5,0.0,0.0
0.5,0.5,0.0,0.0
0.5,0.5,0.0,0.0
0.25130663345409116,0.7486933665459089,0.0,0.0
0.5,0.5,0.0,0.0
0.5,0.5,0.0,0.0
0.04180600407137346,0.0,0.9581939959286266,0.0
0.5,0.5,0.0,0.0
0.0,0.5,0.0,0.5
0.0,0.3333333333333333,0.3333333333333333,0.3333333333333333
1.0,0.0,0.0,0.0
0.0,0.0,0.5,0.5
0.0,0.5,0.0,0.5
0.0,0.5,0.0,0.5
0.0,0.0,0.5,0.5
0.1428696696698936,0.8571303303301064,0.0,0.0
0.0,0.3333333333333333,0.3333333333333333,0.3333333333333333
0.5,0.5,0.0,0.0
0.3333333333333333,0.0,0.3333333333333333,0.3333333333333333
0.5,0.5,0.0,0.0
0.0,0.5,0.0,0.5
0.0,0.5,0.5,0.0
0.07681170216479,0.07681170216479,0.84637659567042,0.0
0.5,0.5,0.0,0.0
0.5,0.5,0.0,0.0
0.5,0.0,0.5,0.0
0.09797779025348939,0.8040444194930213,0.0,0.09797779025348939
0.04642488886016449,0.907150222279671,0.04642488886016449,0.0
0.5,0.5,0.0,0.0
0.3333333333333333,0.3333333333333333,0.3333333333333333,0.0
0.2777197646615543,0.0,0.3611401176692229,0.3611401176692229
0.5,0.5,0.0,0.0
0.0,0.27737177215209335,0.27737177215209335,0.4452564556958134
0.0,0.33333333333333337,0.33333333333333337,0.33333333333333337
0.5,0.5,0.0,0.0
0.0,0.0,0.07985134300911191,0.920148656990888
0.0,0.0,0.5,0.5
0.0,0.5,0.5,0.0
0.0,0.5,0.5,0.0
0.5,0.5,0.0,0.0
0.0,0.5,0.0,0.5
0.5,0.5,0.0,0.0
0.0,0.5,0.0,0.5
0.33333333333333337,0.33333333333333337,0.33333333333333337,0.0
0.04543286123041892,0.0,0.04543286123041892,0.9091342775391623
0.0,0.3333333333333333,0.3333333333333333,0.3333333333333333
0.04593720007880233,0.016473533401947665,0.8916520664404476,0.04593720007880233
0.5,0.5,0.0,0.0
0.62677735099173,0.3732226490082699,0.0,0.0
0.5,0.5,0.0,0.0
0.0,0.5,0.0,0.5
0.0,0.33333333333333337,0.33333333333333337,0.33333333333333337
0.5,0.5,0.0,0.0
0.3333333333333333,0.3333333333333333,0.3333333333333333,0.0
0.0,0.9458163918271393,0.054183608172860824,0.0
0.5,0.5,0.0,0.0
0.0,0.5,0.5,0.0
0.5,0.0,0.5,0.0
0.5,0.5,0.0,0.0
0.0,0.10531426534531924,0.0,0.8946857346546807
0.0,0.0,0.5,0.5
0.0,0.5,0.5,0.0
0.0,0.5,0.0,0.5
0.5,0.0,0.5,0.0
0.0,0.5,0.0,0.5
0.5,0.5,0.0,0.0
0.5,0.0,0.5,0.0
0.5,0.0,0.5,0.0
0.5,0.0,0.5,0.0
0.3333333333333333,0.3333333333333333,0.0,0.3333333333333333
0.5,0.0,0.0,0.5
0.5,0.5,0.0,0.0
0.5,0.5,0.0,0.0
0.5,0.5,0.0,0.0
0.0,0.33333333333333337,0.33333333333333337,0.33333333333333337
0.0,0.5,0.5,0.0
0.15152346636493846,0.8484765336350616,0.0,0.0
0.5,0.0,0.5,0.0
0.25,0.25,0.25,0.25
0.5,0.5,0.0,0.0
0.19999999999999998,0.40000000000000013,0.19999999999999998,0.19999999999999998
0.39999999999999997,0.19999999999999996,0.2,0.2
0.5,0.5,0.0,0.0
0.0,0.5,0.0,0.5
0.0,0.5,0.5,0.0
0.0,0.5,0.5,0.0
0.0,0.3333333333333333,0.3333333333333333,0.3333333333333333
0.04867045972973298,0.04867045972973298,0.902659080540534,0.0
0.0,0.5,0.0,0.5
0.0,0.5,0.5,0.0
0.0,0.0,0.5,0.5
0.0,0.5,0.5,0.0
0.0,0.3333333333333333,0.3333333333333333,0.3333333333333333
0.0,0.05875592209223842,0.8824881558155232,0.05875592209223842
0.0,0.3333333333333333,0.3333333333333333,0.3333333333333333
0.5,0.5,0.0,0.0
0.5,0.5,0.0,0.0
0.5,0.0,0.5,0.0
0.0,0.3333333333333333,0.3333333333333333,0.3333333333333333
0.0,0.14273275608803676,0.14273275608803676,0.7145344878239264
0.5077967559562561,0.49220324404374394,0.0,0.0
0.5,0.0,0.5,0.0
0.0,0.0,0.5,0.5
0.5,0.5,0.0,0.0
0.0,0.0,0.5,0.5
0.0,0.0,0.9627755788270775,0.037224421172922434
0.5,0.5,0.0,0.0
0.0,0.0,0.5,0.5
0.0,0.5,0.5,0.0
0.0,0.5,0.5,0.0
0.0,0.3333333333333333,0.3333333333333333,0.3333333333333333
0.5,0.5,0.0,0.0
0.25,0.25,0.25,0.25
0.0,0.5,0.5,0.0
0.0,0.04897758623157048,0.04897758623157048,0.9020448275368591
0.03435502901529575,0.0,0.9656449709847043,0.0
0.0,0.33333333333333337,0.33333333333333337,0.33333333333333337
0.0,0.0,0.5,0.5
0.0,0.3333333333333333,0.3333333333333333,0.3333333333333333
0.1532731184044884,0.8467268815955116,0.0,0.0
0.5,0.5,0.0,0.0
0.0,0.5,0.5,0.0
0.0,0.03150566118040988,0.03150566118040988,0.9369886776391803
0.0,0.3333333333333333,0.3333333333333333,0.3333333333333333
0.5,0.5,0.0,0.0
0.5,0.5,0.0,0.0
0.0,0.5,0.5,0.0
0.5,0.5,0.0,0.0
0.0,0.5,0.5,0.0
0.04160714634100984,0.9167857073179805,0.04160714634100984,0.0
0.5,0.5,0.0,0.0
0.5,0.5,0.0,0.0
0.5,0.5,0.0,0.0
0.17412933561519384,0.8258706643848062,0.0,0.0
0.33333333333333337,0.33333333333333337,0.33333333333333337,0.0
0.0,0.5,0.5,0.0
0.0,0.5,0.5,0.0
0.3333333333333333,0.3333333333333333,0.3333333333333333,0.0
0.0,0.5,0.5,0.0
0.025738908499226335,0.9742610915007736,0.0,0.0
0.5,0.0,0.5,0.0
0.0,0.5,0.5,0.0
0.5,0.5,0.0,0.0
0.5,0.5,0.0,0.0
0.5,0.5,0.0,0.0
0.0,0.8006655236102893,0.1993344763897107,0.0
0.33333333333333337,0.33333333333333337,0.33333333333333337,0.0
0.5,0.5,0.0,0.0
0.5,0.5,0.0,0.0
0.11503568433834113,0.11503568433834113,0.7699286313233178,0.0
0.0,0.5,0.5,0.0
0.5,0.5,0.0,0.0
0.0,0.5,0.0,0.5
0.0,0.3333333333333333,0.3333333333333333,0.3333333333333333
0.5,0.5,0.0,0.0
0.036538806187509786,0.036538806187509786,0.036538806187509786,0.8903835814374705
0.5,0.0,0.0,0.5
0.0,0.5,0.0,0.5
0.25,0.25,0.25,0.25
0.0,0.5,0.0,0.5
0.0,0.5,0.5,0.0
0.5,0.5,0.0,0.0
0.0,0.5,0.0,0.5
0.0,0.5,0.5,0.0
0.3333333333333333,0.0,0.3333333333333333,0.3333333333333333
0.0,0.0,0.5,0.5
0.0,0.5,0.0,0.5
0.5,0.5,0.0,0.0
0.5,0.5,0.0,0.0
0.0,0.5,0.5,0.0
0.25,0.25,0.25,0.25
0.0,0.5,0.5,0.0
0.5,0.5,0.0,0.0
0.5,0.0,0.5,0.0
0.0,0.5,0.5,0.0
0.5,0.5,0.0,0.0
0.0,0.5,0.5,0.0
0.3333333333333333,0.3333333333333333,0.3333333333333333,0.0
0.11940073641025152,0.8805992635897485,0.0,0.0
0.5,0.5,0.0,0.0
0.33333333333333337,0.33333333333333337,0.33333333333333337,0.0
0.5,0.5,0.0,0.0
0.5,0.0,0.5,0.0
0.5,0.0,0.5,0.0
0.3333333333333333,0.3333333333333333,0.3333333333333333,0.0
0.5,0.5,0.0,0.0
0.0,0.5,0.5,0.0
0.5,0.0,0.5,0.0
0.5,0.0,0.5,0.0
0.5,0.0,0.5,0.0
0.5,0.0,0.5,0.0
0.5,0.5,0.0,0.0
0.5,0.5,0.0,0.0
0.3333333333333333,0.3333333333333333,0.3333333333333333,0.0
0.14438640300235836,0.8190624012116982,0.03655119578594347,0.0
0.0,0.5,0.5,0.0
0.5,0.5,0.0,0.0
0.5,0.0,0.5,0.0
0.0,0.0,0.5,0.5
0.5,0.5,0.0,0.0
0.0,0.0,0.5,0.5
0.0,0.5,0.5,0.0
0.5,0.5,0.0,0.0
0.0,0.0,0.5,0.5
0.0,0.0,0.03437788035279899,0.9656221196472009
0.0,0.0,0.5,0.5
0.0,0.0,0.5,0.5
0.0,0.3333333333333333,0.3333333333333333,0.3333333333333333
0.0,0.5,0.5,0.0
0.0,0.5,0.0,0.5
0.14714915223948366,0.8528508477605163,0.0,0.0
0.0,0.5,0.5,0.0
0.0,0.0,0.5,0.5
0.0,0.5,0.5,0.0
0.0,0.06536326295490652,0.06536326295490652,0.869273474090187
0.9474016871555704,0.052598312844429694,0.0,0.0
0.5,0.5,0.0,0.0
0.5,0.0,0.5,0.0
0.0,0.5,0.0,0.5
0.0,0.5,0.0,0.5
0.5,0.5,0.0,0.0
0.0,0.5,0.5,0.0
0.45458303746891016,0.45458303746891016,0.09083392506217974,0.0
0.5,0.5,0.0,0.0
0.0,0.5,0.5,0.0
0.33333333333333337,0.33333333333333337,0.33333333333333337,0.0
0.9006617078323524,0.0993382921676476,0.0,0.0
0.5,0.5,0.0,0.0
0.5,0.0,0.5,0.0
0.3333333333333333,0.3333333333333333,0.3333333333333333,0.0
0.3333333333333333,0.3333333333333333,0.3333333333333333,0.0
0.5,0.0,0.5,0.0
0.3333333333333333,0.3333333333333333,0.3333333333333333,0.0
0.5,0.0,0.5,0.0
0.5,0.0,0.5,0.0
0.0,0.5,0.5,0.0
0.5,0.5,0.0,0.0
0.0,0.7150472502151367,0.2849527497848633,0.0
0.0,0.5,0.5,0.0
0.5,0.5,0.0,0.0
0.9336638310383054,0.06633616896169457,0.0,0.0
0.0,0.5,0.5,0.0
0.3333333333333333,0.3333333333333333,0.3333333333333333,0.0
0.0,0.5,0.5,0.0
0.5,0.5,0.0,0.0
0.5,0.5,0.0,0.0
0.25,0.25,0.25,0.25
0.5,0.5,0.0,0.0
1.0,0.0,0.0,0.0
0.25,0.25,0.25,0.25
0.5,0.5,0.0,0.0
0.0,0.3333333333333333,0.3333333333333333,0.3333333333333333
0.33333333333333337,0.33333333333333337,0.0,0.33333333333333337
0.0,0.0615228735291436,0.8769542529417128,0.0615228735291436
0.0,0.33333333333333337,0.33333333333333337,0.33333333333333337
0.0,0.807672499003461,0.0,0.19232750099653906
0.0,0.5,0.5,0.0
0.0,0.5,0.0,0.5
0.5,0.0,0.5,0.0
0.0,0.0,0.5,0.5
0.00882450473771398,0.991175495262286,0.0,0.0
0.0,0.0,0.024495345092039832,0.9755046549079602
0.0,0.0,0.5,0.5
0.5,0.5,0.0,0.0
0.5,0.5,0.0,0.0
0.5,0.0,0.5,0.0
0.0,0.0667256653468672,0.9332743346531328,0.0
0.5,0.0,0.0,0.5
0.5,0.5,0.0,0.0
0.5,0.5,0.0,0.0
0.0,0.9247662487635251,0.07523375123647495,0.0
0.5,0.5,0.0,0.0
0.0,0.0,0.5,0.5
0.0,0.0,0.5,0.5
0.5,0.5,0.0,0.0
0.0,0.0,0.5,0.5
0.5,0.5,0.0,0.0
0.0,0.5,0.0,0.5
0.0,0.5,0.5,0.0
0.0,0.0,0.5,0.5
0.5,0.0,0.5,0.0
0.0,0.5,0.0,0.5
0.0,0.5,0.5,0.0
0.3333333333333333,0.0,0.3333333333333333,0.3333333333333333
0.5,0.5,0.0,0.0
0.9846220883454532,0.0,0.015377911654546727,0.0
0.5,0.0,0.5,0.0
0.3500224305442753,0.6499775694557247,0.0,0.0
0.5,0.5,0.0,0.0
0.0,0.5,0.5,0.0
0.0,0.3333333333333333,0.3333333333333333,0.3333333333333333
0.0,0.2221838553520096,0.2221838553520096,0.5556322892959806
0.5,0.5,0.0,0.0
0.5,0.5,0.0,0.0
0.25,0.25,0.25,0.25
0.5,0.5,0.0,0.0
0.0,0.0,0.5,0.5
0.0,0.5,0.5,0.0
0.5,0.5,0.0,0.0
0.25,0.25,0.25,0.25
0.25,0.25,0.25,0.25
0.0,0.0,0.5,0.5
0.0,0.3333333333333333,0.3333333333333333,0.3333333333333333
0.0,0.5,0.0,0.5
0.5,0.5,0.0,0.0
0.3999999999999999,0.2,0.2,0.19999999999999993
0.8760242186113989,0.0,0.1239757813886011,0.0
0.33333333333333337,0.33333333333333337,0.0,0.33333333333333337
0.5,0.5,0.0,0.0
0.0,0.0,0.5,0.5
0.0,0.0,0.5766646253522346,0.42333537464776533
0.5,0.5,0.0,0.0
0.5,0.5,0.0,0.0
0.9811775689569242,0.0,0.018822431043075776,0.0
0.0,0.3333333333333333,0.3333333333333333,0.3333333333333333
0.0,0.5,0.5,0.0
0.5,0.5,0.0,0.0
0.5,0.38615686588280435,0.11384313411719567,0.0
0.5,0.5,0.0,0.0
0.5,0.5,0.0,0.0
0.5,0.5,0.0,0.0
0.5,0.5,0.0,0.0
0.5,0.5,0.0,0.0
0.5,0.5,0.0,0.0
0.5,0.5,0.0,0.0
0.9575566676681337,0.04244333233186629,0.0,0.0
0.5,0.5,0.0,0.0
0.5,0.5,0.0,0.0
0.5,0.5,0.0,0.0
0.5,0.5,0.0,0.0
0.5,0.5,0.0,0.0
0.5,0.5,0.0,0.0
0.5,0.5,0.0,0.0
0.044641920918449485,0.9553580790815505,0.0,0.0
0.5,0.5,0.0,0.0
0.5,0.5,0.0,0.0
0.531043017618225,0.468956982381775,0.0,0.0
0.5,0.5,0.0,0.0
0.5,0.5,0.0,0.0
0.5,0.5,0.0,0.0
0.5,0.5,0.0,0.0
0.5,0.5,0.0,0.0
0.5,0.5,0.0,0.0
0.10906404988753086,0.8909359501124691,0.0,0.0
0.5,0.5,0.0,0.0
0.5,0.5,0.0,0.0
0.5,0.5,0.0,0.0
0.5,0.5,0.0,0.0
0.5,0.5,0.0,0.0
0.5,0.5,0.0,0.0
0.17010526235307344,0.8298947376469266,0.0,0.0
0.5,0.5,0.0,0.0
0.5,0.5,0.0,0.0
0.5,0.5,0.0,0.0
0.5,0.5,0.0,0.0
0.5,0.5,0.0,0.0
0.5,0.5,0.0,0.0
0.5,0.5,0.0,0.0
0.5,0.5,0.0,0.0
0.5,0.5,0.0,0.0
0.9590653458810366,0.0409346541189633,0.0,0.0
0.5,0.5,0.0,0.0
0.5,0.5,0.0,0.0
0.5,0.5,0.0,0.0
0.5,0.5,0.0,0.0
0.20352347334798052,0.7964765266520195,0.0,0.0
0.8807124307327349,0.11928756926726507,0.0,0.0
0.5,0.5,0.0,0.0
0.0,0.6694823135668824,0.3305176864331177,0.0
0.5,0.0,0.5,0.0
0.17542153947430017,0.8245784605256999,0.0,0.0
0.0,0.5,0.5,0.0
0.5,0.0,0.5,0.0
0.0,0.5,0.5,0.0
0.5,0.0,0.5,0.0
0.5,0.5,0.0,0.0
0.0,0.5,0.5,0.0
0.5,0.5,0.0,0.0
0.33333333333333337,0.33333333333333337,0.33333333333333337,0.0
0.044321953779991305,0.9556780462200087,0.0,0.0
0.5,0.0,0.5,0.0
0.0,0.5,0.5,0.0
0.5,0.0,0.5,0.0
0.5,0.0,0.5,0.0
0.5,0.5,0.0,0.0
0.5,0.5,0.0,0.0
0.5,0.5,0.0,0.0
0.5,0.5,0.0,0.0
0.5,0.5,0.0,0.0
0.0,0.16639935660323624,0.8336006433967639,0.0
0.0,0.3333333333333333,0.3333333333333333,0.3333333333333333
0.5,0.5,0.0,0.0
0.0,0.3333333333333333,0.3333333333333333,0.3333333333333333
0.07025496056075459,0.0,0.4041431305787314,0.525601908860514
0.5,0.5,0.0,0.0
0.0,0.46661433421666504,0.5095096261365903,0.02387603964674469
0.004181095541333649,0.9028222874729941,0.046498308492836066,0.046498308492836066
0.0,0.33333333333333337,0.33333333333333337,0.33333333333333337
0.0,0.33333333333333337,0.33333333333333337,0.33333333333333337
0.0,0.03239455644258016,0.03239455644258016,0.9352108871148398
0.33333333333333337,0.33333333333333337,0.33333333333333337,0.0
0.0,0.33333333333333337,0.33333333333333337,0.33333333333333337
0.0,0.5,0.5,0.0
0.0,0.5,0.0,0.5
0.3333333333333333,0.3333333333333333,0.3333333333333333,0.0
0.0,0.0,0.5,0.5
0.3333333333333333,0.3333333333333333,0.0,0.3333333333333333
0.0,0.3333333333333333,0.3333333333333333,0.3333333333333333
0.5,0.5,0.0,0.0
0.5,0.5,0.0,0.0
0.3333333333333333,0.3333333333333333,0.3333333333333333,0.0
0.4,0.20000000000000004,0.20000000000000004,0.19999999999999996
0.5,0.5,0.0,0.0
0.5392377163650875,0.4607622836349124,0.0,0.0
0.3333333333333333,0.0,0.3333333333333333,0.3333333333333333
0.5,0.5,0.0,0.0
0.0,0.7725411331056319,0.0,0.22745886689436812
0.0,0.5,0.5,0.0
0.5,0.5,0.0,0.0
0.0,0.33333333333333337,0.33333333333333337,0.33333333333333337
0.0,0.3333333333333333,0.3333333333333333,0.3333333333333333
0.0,0.5,0.0,0.5
0.0,0.5,0.5,0.0
0.3333333333333333,0.3333333333333333,0.3333333333333333,0.0
0.5,0.0,0.5,0.0
0.0,0.3333333333333333,0.3333333333333333,0.3333333333333333
0.0,0.5,0.5,0.0
0.0,0.5,0.5,0.0
0.0,0.5,0.5,0.0
0.25,0.25,0.25,0.25
0.0,0.5,0.5,0.0
0.12319906500573113,0.8768009349942689,0.0,0.0
0.5,0.5,0.0,0.0
0.5,0.5,0.0,0.0
0.0,0.5,0.5,0.0
0.0,0.3333333333333333,0.3333333333333333,0.3333333333333333
0.5,0.5,0.0,0.0
0.0,0.04950813110017448,0.9504918688998256,0.0
0.5,0.5,0.0,0.0
0.5,0.5,0.0,0.0
0.5,0.5,0.0,0.0
0.5,0.5,0.0,0.0
0.5,0.5,0.0,0.0
0.5,0.5,0.0,0.0
0.5,0.5,0.0,0.0
0.5,0.5,0.0,0.0
0.5,0.5,0.0,0.0
0.5,0.5,0.0,0.0
0.5,0.5,0.0,0.0
0.5,0.5,0.0,0.0
0.5,0.5,0.0,0.0
0.5,0.5,0.0,0.0
0.5,0.5,0.0,0.0
0.5,0.5,0.0,0.0
0.5,0.5,0.0,0.0
0.5,0.5,0.0,0.0
0.9311233184983533,0.06887668150164672,0.0,0.0
0.5,0.5,0.0,0.0
0.0654652947729529,0.9345347052270471,0.0,0.0
0.5,0.5,0.0,0.0
0.5,0.5,0.0,0.0
0.5,0.5,0.0,0.0
0.3333333333333333,0.3333333333333333,0.3333333333333333,0.0
0.5,0.5,0.0,0.0
0.0,0.5,0.5,0.0
0.0,0.5,0.5,0.0
0.5,0.5,0.0,0.0
0.3333333333333333,0.3333333333333333,0.3333333333333333,0.0
0.5,0.0,0.5,0.0
0.0,0.5,0.5,0.0
0.5,0.0,0.5,0.0
0.028685554173474712,0.028685554173474712,0.9426288916530506,0.0
0.9739564558388615,0.026043544161138656,0.0,0.0
0.5,0.5,0.0,0.0
0.0,0.5,0.5,0.0
0.0,0.5,0.5,0.0
0.5,0.42217277682549237,0.0778272231745077,0.0
0.5,0.0,0.5,0.0
0.5,0.0,0.5,0.0
0.5,0.0,0.5,0.0
0.5,0.5,0.0,0.0
0.5,0.5,0.0,0.0
0.5,0.0,0.5,0.0
0.038127806902849844,0.0,0.9618721930971501,0.0
0.0,0.5,0.5,0.0
0.5,0.5,0.0,0.0
