---flow allocation with alpha---
0.011781541000000001
0.00805988
0.01901651
0.013097431999999999
0.0011069639
0.014395166
0.009171903
0.008925301
0.008853972
0.018586658
0.010064864
0.0071452103
0.014191874500000002
0.012543072
0.01796901
0.015423189
0.0018517209
0.011474191
0.006467071
0.016968443
0.009425233
0.0001808527
0.0133403225
0.011946817
0.014521769
0.014098081
0.018368807
0.0149877205
0.011432314999999998
0.012368961000000001
0.0064397135
0.009444311
0.013378434
0.009942116
0.0061252775
0.0074541383000000004
0.018652046
0.011158972999999999
0.017441965
0.01661692
0.00070755
0.016705742
0.008138804999999999
0.005217276
0.0020832913
0.006228766399999999
0.0069980865
0.016010649999999998
0.018314358
0.01644789
0.0021987765
0.016992445
0.015568306
0.017260267
0.011631161000000001
0.0054664836000000005
0.014672685
0.017588957000000002
0.01088624
0.013321095
0.0014065757
0.010045489999999999
0.010995202
0.0015666987
0.018350245
0.008423819999999999
0.017903233
0.0026093707
0.010153662
0.0035972754999999998
0.011413498000000001
0.01673716
0.0016800481
0.016456518
0.009255371
0.015841998
0.0024053971999999997
0.0046758013
0.012214893999999999
0.006264075799999999
0.014034183
0.003236507
0.01909038
0.019379383
0.017232258
0.016402183999999997
0.0059959073
0.0075957174
0.012610562
0.0011810804999999999
0.009431253999999998
0.0060729420000000004
0.00434617
0.0009190413
0.0042898626
0.017116804
0.00097725886
0.019432802
0.014585065
0.0048390594
0.004085571
0.009122318
0.0022575114
0.019397102
0.015129246
0.0017383671
0.0069278626
0.013160903
0.00958782
0.019590832
0.0043605976
0.016913311
0.013427268
0.0026094303
0.0036729016
0.018120466000000002
0.01285512
0.014471646
0.0014319237000000001
0.0050828185
0.012780906
0.0069769626
0.014274034500000001
0.009107265
0.0031880505
0.0107508745
0.003654057
0.0016563319000000001
2.9830195e-5
0.019651867
0.0004366339
0.0047556180000000005
0.01722961
0.004061686500000001
0.014899148999999999
0.0008795071
0.010706962
0.01877319
0.0028355026
0.018517923
0.017807299000000002
0.014275659
0.011510911
0.0020291855
0.018913021000000002
0.017338768
0.018505035
0.007470065
0.003172298
0.0034306414
0.0013507593
0.0065572295
0.0034347686999999997
0.010280183
0.007291723700000001
0.016734694
0.017361761
0.00234521
0.012405132
0.011381491
0.012009484
0.0123857155
0.011855066000000001
0.0008933330000000001
0.005864407
0.002304491
0.0035221322000000004
0.0003663364
0.019230879000000003
0.0023270338000000003
0.019706284
0.015117603
0.018459328
0.011651802999999999
0.004232907
0.014519644
0.001421394
0.017025959
0.010339105999999999
0.0063304887
0.009299518000000001
0.014391065
0.013474409
0.01784447
0.0146399
0.0027374103
0.009576890000000001
0.00955043
0.01674174
0.016714189999999997
0.01352038
0.01120758
0.017775078
0.016879807
0.0024334972000000002
0.011006713
0.01937005
0.015477086999999999
0.015969088
0.0025842474
0.002793536
0.013542363
0.006364163999999999
0.006234999
0.004123675300000001
0.0006570182
0.002419348
0.011435905
0.015261999
0.0040412024999999996
0.019909111
0.0056669416
0.018975788
0.012219208
0.014081621
0.0014297353
0.01277071
0.018119688
0.018482292
0.0105177765
0.0007444281
0.003412239
0.0074534154
0.013129683999999999
0.008882318
0.000863109
0.008315319
0.007181708300000001
0.014227149000000001
0.008409939
0.006865182
0.017823124
0.0003616668
0.011385540000000001
0.008433976
0.019905798000000002
0.014137307
0.017882885
0.013466786000000001
0.0064514256
0.011078402499999999
0.009335171000000001
0.009476224
0.013284704
0.0037726079999999998
0.008389609
0.0018283689999999998
0.014330892
0.006415236
0.014724769
0.006504997
0.014164228
0.0068339357
0.011523861
0.00013889772
0.019477442
0.0065109334
0.019767932999999998
0.0042052765
0.01343092
0.009726074999999999
0.017723541000000002
0.014674269
0.013942392999999999
0.017851955
0.009765762
0.004714858000000001
0.00670775
0.0035566729999999998
0.017303125000000003
0.008105316999999999
0.019180737
0.008083399
0.008637722
0.0071852193
0.009745955
0.0020284774
0.0008902507400000001
0.014265102
0.0050655003
0.012696329000000001
0.01387889
0.014040845
0.00020750806
0.004166661699999999
0.013047064
0.0060315437
0.013705379
0.0027152699999999997
0.0079204946
0.016705938
0.00027311071999999996
0.014837817
0.006457364
0.0037905052
0.017233145000000002
0.009338994
0.018567389
0.019305444999999997
0.014807964
0.0041445336
0.01763315
0.010637101
0.016058154999999998
0.0130088215
0.0063135896
0.010672723
0.005047558000000001
0.015290762000000001
0.012156848
0.017497211
0.004444144200000001
0.00110607
0.0043497396
0.0024245435999999997
0.005970696399999999
0.0040399528
0.0026219782999999997
0.007480583
0.0017830701
0.008405244
0.007292091400000001
0.012243887
0.019516897000000002
0.015070632
0.0005730809999999999
0.0016783422999999999
0.0039403164
0.01550501
0.012956757
0.00145245
0.015980268
0.0026230980000000004
0.010559642000000001
0.0036512094
0.007351395
0.019154991
0.0031539447
0.00214145
0.00048521104
0.013846744
0.012763926
0.00062280124
0.016058061999999998
0.018772053
0.0056654234
0.018299026000000003
0.009957732
0.01713092
0.0007357967
0.0069730906
0.015090095
0.008390096
0.00020696646
0.011130932
0.017011318
0.0063339195
0.003330657
0.01060935
0.010843543
0.011468491
0.000755321
0.011377571
0.019248074
0.013224706
0.005473024
0.011806019
0.012399726
0.010085110999999999
0.014842815999999998
0.016722176000000002
0.0012906694
0.0050755267
0.011683636
0.0038282945
0.014117662
0.0017704462
0.0022015159999999997
0.012325485
0.016528593
0.019206509
0.0058371787
0.017420881000000003
0.0032899500000000003
0.013454428000000001
0.0160957
0.0048646965
0.01975126
0.0102668295
0.0024349696999999997
0.011812934
0.003046353
0.004612744
0.015734103
0.0005041465000000001
0.011402863999999999
0.015847701999999998
0.019093712
0.008155166
0.01402261
0.011882591
0.013475481000000001
0.00036247030000000004
0.007273761300000001
0.004011035
0.007530418400000001
0.009270249
0.009709932000000001
0.017346453
0.019298449000000002
0.007398388
0.012037326999999999
0.0035494094
0.018798096
0.018162880000000003
0.006846001
0.006047044
0.01018318
0.019999175999999997
0.012119216
0.009863304
0.014042852
0.0091198845
0.0049566503
0.013023168
0.0012100930000000002
0.01635071
0.015527032999999999
0.01851936
0.009303333
0.019630459
0.019910654
0.013294066
0.0023406
0.016396492
0.01007429
0.011208487500000001
0.014584937
0.0021114503999999997
0.01299539
0.006730229999999999
0.015085584
0.0029975708
0.018962188999999997
0.016530773
0.010822142
0.002937669
0.015481057
0.014368026
0.014572882
0.013803656000000001
0.009513097
0.009008654
0.009986931000000001
0.015124516
0.004617227
0.012839733
0.012810314
0.013171186999999999
0.013426048
0.017394457
0.002726803
0.0004051472
0.01618315
0.014317773
0.0050439167
0.011303263
0.005610737
0.00884008
0.008306637
0.012365323999999999
0.016625565999999998
0.01603152
0.0032839483999999998
0.012413133
0.006553977
0.009196066999999999
0.004970989699999999
0.015504009999999999
0.014898339
0.013846538
0.016409302
0.015383826
0.0006218626
0.014351229
0.0043963866
0.008874904000000001
0.018388687
0.0072189775
0.011572578
0.008938924000000001
0.009290319
0.004280932
0.012602767999999999
0.007915744
0.019051453
0.01599958
0.010381315
0.010878406
0.010666544
0.0077301917
0.010430225999999999
0.010814388
0.013883241999999999
0.0066981525
0.00044728693000000005
0.014153856
0.014959004
0.0054749026000000004
0.01381376
0.013451342
0.006221519
0.003648464
0.009330873
0.003955031
0.006707988000000001
0.01800658
0.019473007
0.016187597
0.00021459989
0.017394735
0.0029457
0.015116934
0.017984922
0.019221622
0.010731903000000001
0.018643452
0.012149338999999999
0.007846504
0.00027971806999999997
0.013110049
0.017046242
0.012209374
0.0010863297
0.0047736014999999994
0.018627476
0.0174327
0.0055001955
0.012744197
0.010130664
0.009960827
0.005658999
0.012701879
0.016948639
0.006212768600000001
0.013579131
0.0020335174
0.0071173444
0.00936995
0.0033248646
0.005722520399999999
0.012727368000000001
0.009780354000000002
0.001893989
0.0060234222
0.0035434225000000002
0.015671247
0.009932855
0.0035109553
0.004613108
0.013513184000000001
0.016641544
0.013141652
0.010309469
0.0021968813
0.019766943000000002
0.0026233847
0.015629434
0.0039776635
0.010333629
0.019977213
0.010114982
0.014535396
0.009491472999999999
0.0031498113000000003
0.0066589217
0.01726507
0.009629743
0.0050638003
0.01729448
0.017239523
0.0067904770000000005
0.013926926999999999
0.006622796
0.0011078237
0.009075425
0.014358947
0.017590746
0.0033475032
0.016492905
0.01717395
0.0054805927
0.0039621024
0.0005303476
0.00030886190000000005
0.004538814
0.009345061
0.015932418
0.0016566131
0.011082576
---weights per flow tunnel---
0.8534888783355691,0.14651112166443098,0.0,0.0
0.5,0.0,0.0,0.5
0.25,0.25,0.25,0.25
0.5,0.5,0.0,0.0
0.0,0.3333333333333333,0.3333333333333333,0.3333333333333333
0.0,0.0,0.5,0.5
0.25,0.25,0.25,0.25
0.25,0.25,0.25,0.25
0.25,0.25,0.25,0.25
0.7589688671575048,0.0,0.2410311328424951,0.0
0.25,0.25,0.25,0.25
0.5,0.5,0.0,0.0
0.3333333333333333,0.3333333333333333,0.3333333333333333,0.0
0.5,0.0,0.5,0.0
0.25,0.25,0.25,0.25
0.25,0.25,0.25,0.25
0.0,0.3333333333333333,0.3333333333333333,0.3333333333333333
0.5,0.5,0.0,0.0
0.5,0.5,0.0,0.0
0.5,0.5,0.0,0.0
0.0,0.8782735019611527,0.06086324901942358,0.06086324901942358
0.25,0.25,0.25,0.25
0.5,0.5,0.0,0.0
0.0,0.5,0.5,0.0
0.5,0.5,0.0,0.0
0.5,0.5,0.0,0.0
0.5,0.5,0.0,0.0
0.8150298328910736,0.18497016710892641,0.0,0.0
0.5,0.5,0.0,0.0
0.023707209731476844,0.9762927902685232,0.0,0.0
0.5,0.5,0.0,0.0
0.5,0.5,0.0,0.0
0.036295577365230196,0.9637044226347699,0.0,0.0
0.5,0.5,0.0,0.0
0.5,0.5,0.0,0.0
0.5,0.5,0.0,0.0
0.5,0.5,0.0,0.0
0.5,0.5,0.0,0.0
0.5,0.5,0.0,0.0
0.5,0.5,0.0,0.0
0.5,0.5,0.0,0.0
0.5,0.5,0.0,0.0
0.5,0.5,0.0,0.0
0.5,0.5,0.0,0.0
0.5,0.5,0.0,0.0
0.5,0.5,0.0,0.0
0.5,0.5,0.0,0.0
0.5,0.5,0.0,0.0
0.0,0.33333333333333337,0.33333333333333337,0.33333333333333337
0.5,0.5,0.0,0.0
0.3333333333333333,0.0,0.3333333333333333,0.3333333333333333
0.5,0.5,0.0,0.0
0.017369566972675787,0.017369566972675787,0.017369566972675787,0.9478912990819727
0.0,0.0,0.5,0.5
0.0,0.5,0.5,0.0
0.5,0.0,0.5,0.0
0.0,0.0,0.5,0.5
0.5,0.5,0.0,0.0
0.0,0.3333333333333333,0.3333333333333333,0.3333333333333333
0.5,0.0,0.5,0.0
0.3333333333333333,0.3333333333333333,0.0,0.3333333333333333
0.3333333333333333,0.3333333333333333,0.3333333333333333,0.0
0.0,0.0,0.5,0.5
0.25,0.25,0.25,0.2500000000000001
0.0,0.5,0.0,0.5
0.9761751761482658,0.023824823851734196,0.0,0.0
0.05510589538778531,0.9448941046122147,0.0,0.0
0.5,0.5,0.0,0.0
0.0,0.06786647661406854,0.028987766153331554,0.9031457572325999
0.0,0.3333333333333333,0.3333333333333333,0.3333333333333333
0.5,0.5,0.0,0.0
0.0,0.5,0.5,0.0
0.5,0.0,0.0,0.5
0.5,0.5,0.0,0.0
0.0,0.0,0.5,0.5
0.5,0.5,0.0,0.0
0.3333333333333333,0.0,0.3333333333333333,0.3333333333333333
0.5,0.0,0.0,0.5
0.06881705018989864,0.0,0.0,0.9311829498101013
0.2500000000000001,0.25,0.25,0.25
0.16860812865147154,0.8313918713485284,0.0,0.0
0.3333333333333333,0.3333333333333333,0.3333333333333333,0.0
0.5,0.0,0.5,0.0
0.5,0.5,0.0,0.0
0.0,0.3333333333333333,0.3333333333333333,0.3333333333333333
0.26000720852621706,0.47998558294756577,0.26000720852621706,0.0
0.5,0.0,0.0,0.5
0.0,0.05465046302032469,0.8906990739593506,0.05465046302032469
0.0,0.03819869344358338,0.03819869344358338,0.9236026131128333
0.5,0.5,0.0,0.0
0.5,0.5,0.0,0.0
0.5,0.5,0.0,0.0
0.4,0.19999999999999998,0.2,0.19999999999999998
0.0,0.5,0.0,0.5
0.5,0.5,0.0,0.0
0.3333333333333333,0.3333333333333333,0.3333333333333333,0.0
0.5,0.5,0.0,0.0
0.855695913675151,0.14430408632484903,0.0,0.0
0.5,0.5,0.0,0.0
0.5,0.5,0.0,0.0
0.5,0.5,0.0,0.0
0.5,0.5,0.0,0.0
0.5,0.5,0.0,0.0
0.5,0.5,0.0,0.0
0.5,0.5,0.0,0.0
0.5,0.5,0.0,0.0
0.5,0.5,0.0,0.0
0.5,0.5,0.0,0.0
0.5,0.5,0.0,0.0
0.5,0.5,0.0,0.0
0.5,0.5,0.0,0.0
0.8562830760306888,0.14371692396931118,0.0,0.0
0.5,0.5,0.0,0.0
0.5,0.5,0.0,0.0
0.5,0.5,0.0,0.0
0.5,0.5,0.0,0.0
0.5,0.5,0.0,0.0
0.9528309333120252,0.0471690666879748,0.0,0.0
0.5,0.5,0.0,0.0
0.5,0.5,0.0,0.0
0.33333333333333337,0.0,0.33333333333333337,0.33333333333333337
0.5,0.5,0.0,0.0
0.0602268999538359,0.0602268999538359,0.0602268999538359,0.8193193001384922
0.3333333333333333,0.3333333333333333,0.3333333333333333,0.0
0.5,0.5,0.0,0.0
0.0,0.5,0.0,0.5
0.3333333333333333,0.3333333333333333,0.3333333333333333,0.0
0.25000000000000006,0.24999999999999994,0.24999999999999994,0.24999999999999994
0.0,0.5,0.5,0.0
0.5,0.5,0.0,0.0
0.25,0.25,0.25,0.25
0.5,0.0,0.5,0.0
0.3333333333333333,0.3333333333333333,0.3333333333333333,0.0
0.5,0.0,0.5,0.0
0.0,0.0474668997268773,0.9525331002731227,0.0
0.25,0.25,0.25,0.25
0.0,0.0,0.33654536432662735,0.6634546356733727
0.5,0.5,0.0,0.0
0.5,0.5,0.0,0.0
0.3333333333333333,0.3333333333333333,0.3333333333333333,0.0
0.021244442232269563,0.9362666733031914,0.021244442232269563,0.021244442232269563
0.0,0.0,0.07652767512113869,0.9234723248788613
0.5,0.5,0.0,0.0
0.0,0.5,0.5,0.0
0.0,0.0,0.3447971745272538,0.6552028254727462
0.5,0.5,0.0,0.0
0.0,0.0,0.5,0.5
0.0,0.5,0.0,0.5
0.5,0.5,0.0,0.0
0.5,0.0,0.0,0.5
0.33333333333333337,0.33333333333333337,0.33333333333333337,0.0
0.5,0.0,0.5,0.0
0.25,0.25,0.25,0.25
0.048101167089260884,0.9518988329107391,0.0,0.0
0.0,0.33333333333333337,0.33333333333333337,0.33333333333333337
0.5,0.0,0.5,0.0
0.25,0.25,0.25,0.25
0.5,0.0,0.5,0.0
0.25,0.25,0.25,0.25
0.016767836451294,0.9496964906461182,0.016767836451294,0.016767836451294
0.25,0.25,0.25,0.25
0.5,0.5,0.0,0.0
0.5,0.5,0.0,0.0
0.5,0.5,0.0,0.0
0.25,0.25,0.25,0.25
0.25,0.25,0.25,0.25
0.5,0.5,0.0,0.0
0.5,0.5,0.0,0.0
0.010888491970454727,0.9688025889797082,0.0,0.02030891904983698
0.5,0.5,0.0,0.0
0.0,0.5,0.0,0.5
0.0,0.0,0.04982664964191001,0.95017335035809
0.5,0.5,0.0,0.0
0.33333333333333337,0.33333333333333337,0.0,0.33333333333333337
0.33333333333333337,0.33333333333333337,0.0,0.33333333333333337
0.3333333333333333,0.3333333333333333,0.0,0.3333333333333333
0.5,0.5,0.0,0.0
0.5,0.0,0.5,0.0
0.25,0.25,0.25,0.25
0.5,0.5,0.0,0.0
0.0,0.0,0.5,0.5
0.20676464777487383,0.0,0.7932353522251262,0.0
0.5,0.5,0.0,0.0
0.25,0.25,0.25,0.25
0.25,0.25,0.25,0.25
0.5,0.5,0.0,0.0
0.5,0.5,0.0,0.0
0.5,0.5,0.0,0.0
0.5,0.0,0.5,0.0
0.0,0.5,0.0,0.5
0.5,0.5,0.0,0.0
0.0,0.5,0.5,0.0
0.31384709114311315,0.31384709114311315,0.058458726570660646,0.31384709114311315
0.5,0.5,0.0,0.0
0.33333333333333337,0.33333333333333337,0.33333333333333337,0.0
0.0,0.05221562521053109,0.0,0.9477843747894689
0.5,0.5,0.0,0.0
0.0,0.07679078446129678,0.0,0.9232092155387033
0.0,0.5,0.5,0.0
0.3333333333333333,0.3333333333333333,0.0,0.3333333333333333
0.3333333333333333,0.0,0.3333333333333333,0.3333333333333333
0.5,0.5,0.0,0.0
0.0,0.5,0.0,0.5
0.0,0.5,0.5,0.0
0.3333333333333333,0.0,0.3333333333333333,0.3333333333333333
0.5,0.0,0.5,0.0
0.3333333333333333,0.3333333333333333,0.3333333333333333,0.0
0.0,0.0,0.5,0.5
0.0,0.0,0.5,0.5
0.5,0.5,0.0,0.0
0.5,0.5,0.0,0.0
0.5,0.5,0.0,0.0
0.05069507268848345,0.05069507268848345,0.05069507268848345,0.8479147819345497
0.0,0.0,0.9449140410646183,0.05508595893538171
0.5,0.5,0.0,0.0
0.0,0.5,0.5,0.0
0.3333333333333333,0.3333333333333333,0.0,0.3333333333333333
0.5,0.5,0.0,0.0
0.0,0.0,0.05735833340568865,0.9426416665943114
0.0,0.3333333333333333,0.3333333333333333,0.3333333333333333
0.5,0.5,0.0,0.0
0.5,0.5,0.0,0.0
0.0,0.0,0.5,0.5
0.5,0.0,0.0,0.5
0.0,0.9344304347343414,0.0,0.0655695652656586
0.3333333333333333,0.3333333333333333,0.3333333333333333,0.0
0.0,0.5,0.0,0.5
0.0,0.5,0.5,0.0
0.0,0.0,0.5,0.5
0.025714626602915968,0.0,0.9742853733970841,0.0
0.33333333333333337,0.33333333333333337,0.0,0.33333333333333337
0.0,0.0,0.8177113117538736,0.18228868824612643
0.3333333333333333,0.3333333333333333,0.3333333333333333,0.0
0.5,0.5,0.0,0.0
0.5,0.5,0.0,0.0
0.4051445303489999,0.5948554696510001,0.0,0.0
0.0,0.0,0.06198891988658793,0.9380110801134122
0.0,0.5,0.0,0.5
0.0711559133495704,0.9288440866504296,0.0,0.0
0.5,0.5,0.0,0.0
0.5,0.5,0.0,0.0
0.5,0.5,0.0,0.0
0.05268709595668199,0.05268709595668199,0.8946258080866359,0.0
0.06706912964618077,0.8658617407076384,0.06706912964618077,0.0
0.5,0.5,0.0,0.0
0.5,0.5,0.0,0.0
0.5,0.5,0.0,0.0
0.03348785779327021,0.9665121422067299,0.0,0.0
0.5,0.0,0.5,0.0
0.5,0.5,0.0,0.0
0.5,0.0,0.5,0.0
0.9608192285576221,0.0391807714423779,0.0,0.0
0.5,0.5,0.0,0.0
0.0538219553123625,0.9461780446876376,0.0,0.0
0.3333333333333333,0.3333333333333333,0.3333333333333333,0.0
0.3333333333333333,0.3333333333333333,0.3333333333333333,0.0
0.5,0.5,0.0,0.0
0.5,0.5,0.0,0.0
0.5,0.5,0.0,0.0
0.3333333333333333,0.3333333333333333,0.3333333333333333,0.0
0.5,0.5,0.0,0.0
0.5,0.5,0.0,0.0
0.5,0.5,0.0,0.0
0.5,0.5,0.0,0.0
0.25,0.25,0.25,0.25
0.5,0.5,0.0,0.0
0.25,0.25,0.25,0.25
0.25,0.25,0.25,0.25
0.5,0.5,0.0,0.0
0.0,0.040278442630219374,0.06810536262880437,0.8916161947409762
0.5,0.5,0.0,0.0
0.5,0.0,0.5,0.0
0.25,0.25,0.25,0.25
0.0,0.5,0.5,0.0
0.5,0.0,0.5,0.0
0.5,0.5,0.0,0.0
0.4,0.19999999999999996,0.19999999999999996,0.2000000000000001
0.5,0.5,0.0,0.0
0.0,0.3333333333333333,0.3333333333333333,0.3333333333333333
0.19999999999999993,0.39999999999999997,0.2,0.2
0.2,0.4,0.19999999999999996,0.19999999999999996
0.03364270796344442,0.9663572920365556,0.0,0.0
0.9599167710890372,0.040083228910962804,0.0,0.0
0.5,0.5,0.0,0.0
0.25,0.25,0.25,0.25
0.25,0.25,0.25,0.25
0.5,0.5,0.0,0.0
0.5,0.0,0.5,0.0
0.5,0.0,0.5,0.0
0.5,0.5,0.0,0.0
0.0,0.5,0.5,0.0
0.5,0.0,0.5,0.0
0.5,0.5,0.0,0.0
0.5,0.5,0.0,0.0
0.5,0.0,0.5,0.0
0.5,0.5,0.0,0.0
0.16005866570799268,0.4199706671460037,0.4199706671460037,0.0
0.5,0.0,0.5,0.0
0.0539500542334461,0.0539500542334461,0.8920998915331078,0.0
0.5,0.0,0.5,0.0
0.3333333333333333,0.3333333333333333,0.3333333333333333,0.0
0.5,0.5,0.0,0.0
0.0,0.5,0.5,0.0
0.3333333333333333,0.3333333333333333,0.3333333333333333,0.0
0.0,0.5,0.5,0.0
0.5,0.5,0.0,0.0
0.5,0.5,0.0,0.0
0.3333333333333333,0.3333333333333333,0.3333333333333333,0.0
0.5,0.0,0.5,0.0
0.0,0.5,0.5,0.0
0.5,0.5,0.0,0.0
0.0,0.5,0.5,0.0
0.3333333333333333,0.3333333333333333,0.3333333333333333,0.0
0.5,0.5,0.0,0.0
0.3333333333333333,0.3333333333333333,0.0,0.3333333333333333
0.5,0.5,0.0,0.0
0.5,0.5,0.0,0.0
0.0,0.5,0.5,0.0
0.4159620564705157,0.16807588705896842,0.0,0.4159620564705157
0.3333333333333333,0.0,0.3333333333333333,0.3333333333333333
0.3333333333333333,0.3333333333333333,0.3333333333333333,0.0
0.3333333333333333,0.0,0.3333333333333333,0.3333333333333333
0.5,0.5,0.0,0.0
0.0,0.33333333333333337,0.33333333333333337,0.33333333333333337
0.5,0.0,0.5,0.0
0.5,0.0,0.5,0.0
0.3333333333333333,0.0,0.3333333333333333,0.3333333333333333
0.19999999999999996,0.4,0.2000000000000001,0.19999999999999996
0.0,0.5,0.0,0.5
0.5,0.5,0.0,0.0
0.5,0.5,0.0,0.0
0.0,0.5,0.5,0.0
0.25,0.25,0.25,0.25
0.0,0.9559900814829939,0.0,0.044009918517006
0.5,0.5,0.0,0.0
0.0,0.5,0.5,0.0
0.5,0.0,0.5,0.0
0.5,0.5,0.0,0.0
0.3333333333333333,0.3333333333333333,0.3333333333333333,0.0
0.33333333333333337,0.33333333333333337,0.33333333333333337,0.0
0.5,0.5,0.0,0.0
0.5,0.0,0.5,0.0
0.5,0.0,0.5,0.0
0.5,0.5,0.0,0.0
0.5,0.0,0.5,0.0
0.5,0.0,0.5,0.0
0.5,0.5,0.0,0.0
0.9871055519648304,0.012894448035169563,0.0,0.0
0.3333333333333333,0.3333333333333333,0.3333333333333333,0.0
0.5,0.0,0.5,0.0
0.33333333333333337,0.33333333333333337,0.33333333333333337,0.0
0.5,0.0,0.5,0.0
0.3333333333333333,0.3333333333333333,0.3333333333333333,0.0
0.5,0.5,0.0,0.0
0.5,0.5,0.0,0.0
0.3333333333333333,0.3333333333333333,0.3333333333333333,0.0
0.3333333333333333,0.3333333333333333,0.3333333333333333,0.0
0.5,0.0,0.5,0.0
0.5,0.5,0.0,0.0
0.05581674312598329,0.05581674312598329,0.8883665137480334,0.0
0.0,0.08119896471200458,0.08119896471200458,0.8376020705759909
0.5,0.5,0.0,0.0
0.0,0.0,0.04158244729105431,0.9584175527089458
0.0,0.0,0.5,0.5
0.5,0.5,0.0,0.0
0.0,0.0,0.5,0.5
0.0,0.5,0.5,0.0
0.09263495955964397,0.0,0.907365040440356,0.0
0.0,0.0,0.9538610926263461,0.04613890737365388
0.0,0.0,0.07302689727350174,0.9269731027264982
0.04511974271162368,0.9097605145767528,0.04511974271162368,0.0
0.0,0.3333333333333333,0.3333333333333333,0.3333333333333333
0.0,0.5,0.5,0.0
0.22719123314159148,0.7728087668584086,0.0,0.0
0.3333333333333333,0.3333333333333333,0.3333333333333333,0.0
0.0,0.0,0.5,0.5
0.0,0.5,0.0,0.5
0.5,0.5,0.0,0.0
0.8435072397134212,0.15649276028657877,0.0,0.0
0.0,0.5,0.5,0.0
0.0,0.0,0.3378719399473255,0.6621280600526745
0.20000000000000012,0.4,0.19999999999999984,0.20000000000000012
0.5,0.5,0.0,0.0
0.0,0.14815790416698393,0.8518420958330161,0.0
0.0,0.33333333333333337,0.33333333333333337,0.33333333333333337
0.5,0.5,0.0,0.0
0.3333333333333333,0.0,0.3333333333333333,0.3333333333333333
0.12728722712907314,0.37271277287092686,0.0,0.5
0.5,0.5,0.0,0.0
0.25,0.25,0.25,0.25
0.25,0.25,0.25,0.25
0.25,0.25,0.25,0.25
0.39999999999999997,0.2,0.19999999999999996,0.2
0.0,0.0,0.5,0.5
0.33333333333333337,0.33333333333333337,0.33333333333333337,0.0
0.019427501349895834,0.019427501349895834,0.019427501349895834,0.9417174959503124
0.3333333333333333,0.3333333333333333,0.3333333333333333,0.0
0.2,0.39999999999999997,0.19999999999999996,0.2
0.3333333333333333,0.3333333333333333,0.3333333333333333,0.0
0.0,0.0,0.5,0.5
0.0,0.0,0.5,0.5
0.9698463898841274,0.030153610115872538,0.0,0.0
0.5,0.5,0.0,0.0
0.3333333333333333,0.3333333333333333,0.3333333333333333,0.0
0.25,0.25,0.25,0.25
0.0,0.0,0.5,0.5
0.5,0.5,0.0,0.0
0.0,0.5,0.5,0.0
0.25,0.25,0.25,0.25
0.5,0.5,0.0,0.0
0.0,0.0,0.5,0.5
0.0,0.5,0.5,0.0
0.5,0.5,0.0,0.0
0.0,0.07877238559550323,0.07877238559550323,0.8424552288089935
0.0,0.33333333333333337,0.33333333333333337,0.33333333333333337
0.25,0.25,0.25,0.25
0.0,0.0,0.5,0.5
0.0,0.0,0.5,0.5
0.9315235324468212,0.06847646755317884,0.0,0.0
0.25,0.25,0.25,0.25
0.5,0.5,0.0,0.0
0.33333333333333337,0.33333333333333337,0.0,0.33333333333333337
0.33333333333333337,0.33333333333333337,0.33333333333333337,0.0
0.33333333333333337,0.33333333333333337,0.0,0.33333333333333337
0.0,0.0,0.5,0.5
0.5,0.5,0.0,0.0
0.04539153089392666,0.9546084691060733,0.0,0.0
0.5,0.4314769341094345,0.0685230658905655,0.0
0.0,0.5,0.5,0.0
0.0,0.5,0.5,0.0
0.5,0.5,0.0,0.0
0.0,0.8890144915454875,0.11098550845451252,0.0
0.5,0.5,0.0,0.0
0.5,0.5,0.0,0.0
0.5,0.5,0.0,0.0
0.5,0.5,0.0,0.0
0.5,0.5,0.0,0.0
0.5,0.5,0.0,0.0
0.5,0.5,0.0,0.0
0.5,0.5,0.0,0.0
0.5,0.5,0.0,0.0
0.5,0.5,0.0,0.0
0.5,0.5,0.0,0.0
0.5,0.5,0.0,0.0
0.5,0.5,0.0,0.0
0.5,0.5,0.0,0.0
0.5,0.5,0.0,0.0
0.03100304108468847,0.9689969589153115,0.0,0.0
0.5,0.5,0.0,0.0
0.9762965892134381,0.023703410786562042,0.0,0.0
0.5,0.5,0.0,0.0
0.1671144304829384,0.8328855695170616,0.0,0.0
0.5,0.5,0.0,0.0
0.5,0.5,0.0,0.0
0.6156784518849221,0.38432154811507796,0.0,0.0
0.5,0.5,0.0,0.0
0.5,0.5,0.0,0.0
0.975214921722849,0.024785078277151044,0.0,0.0
0.5,0.5,0.0,0.0
0.5,0.5,0.0,0.0
0.5,0.5,0.0,0.0
0.5,0.5,0.0,0.0
0.5,0.5,0.0,0.0
0.5,0.5,0.0,0.0
0.04393160359116073,0.9560683964088393,0.0,0.0
0.5,0.5,0.0,0.0
0.5,0.5,0.0,0.0
0.5,0.5,0.0,0.0
0.5,0.5,0.0,0.0
0.5,0.5,0.0,0.0
0.9040399802758827,0.09596001972411712,0.0,0.0
0.5,0.5,0.0,0.0
0.5,0.5,0.0,0.0
0.5,0.5,0.0,0.0
0.5,0.5,0.0,0.0
0.5,0.5,0.0,0.0
0.5,0.5,0.0,0.0
0.5,0.5,0.0,0.0
0.17455106459587796,0.825448935404122,0.0,0.0
0.5,0.5,0.0,0.0
0.33333333333333337,0.33333333333333337,0.33333333333333337,0.0
0.5,0.5,0.0,0.0
0.0,0.9673522570456132,0.03264774295438675,0.0
0.0,0.5,0.5,0.0
0.5,0.5,0.0,0.0
0.0,0.5,0.5,0.0
0.0,0.5,0.5,0.0
0.0,0.5,0.5,0.0
0.0,0.5,0.5,0.0
0.5,0.5,0.0,0.0
0.5,0.5,0.0,0.0
0.3333333333333333,0.3333333333333333,0.3333333333333333,0.0
0.0,0.5,0.5,0.0
0.0,0.5,0.5,0.0
0.33333333333333337,0.33333333333333337,0.33333333333333337,0.0
0.0,0.5,0.5,0.0
0.5,0.5,0.0,0.0
0.5,0.0,0.5,0.0
0.03099065807415454,0.9690093419258454,0.0,0.0
0.5,0.5,0.0,0.0
0.0,0.5,0.5,0.0
0.5,0.0,0.5,0.0
0.5,0.5,0.0,0.0
0.8234889032605769,0.17651109673942308,0.0,0.0
0.0,0.3333333333333333,0.3333333333333333,0.3333333333333333
0.5,0.5,0.0,0.0
0.0,0.060361456346034195,0.8792770873079316,0.060361456346034195
0.0,0.5,0.0,0.5
0.5,0.5,0.0,0.0
0.0,0.5,0.5,0.0
0.186470562454976,0.440588312635072,0.186470562454976,0.186470562454976
0.25,0.25,0.25,0.25
0.0,0.33333333333333337,0.33333333333333337,0.33333333333333337
0.0,0.0,0.015054707175476382,0.9849452928245236
0.5,0.5,0.0,0.0
0.25,0.25,0.25,0.25
0.0,0.5,0.5,0.0
0.25,0.25,0.25,0.25
0.3333333333333333,0.3333333333333333,0.3333333333333333,0.0
0.3333333333333333,0.3333333333333333,0.3333333333333333,0.0
0.3244312799031754,0.3244312799031754,0.026706160290473912,0.3244312799031754
0.0,0.5,0.5,0.0
0.3763798875931591,0.623620112406841,0.0,0.0
0.5,0.5,0.0,0.0
0.6353502560447718,0.3646497439552283,0.0,0.0
0.03787469318893465,0.0,0.0,0.9621253068110655
0.5,0.5,0.0,0.0
0.5,0.0,0.5,0.0
0.25,0.25,0.25,0.25
0.5,0.5,0.0,0.0
0.0,0.0,0.5,0.5
0.25,0.25,0.25,0.25
0.5,0.5,0.0,0.0
0.0,0.0,0.5,0.5
0.5,0.0,0.0,0.5
0.0,0.0,0.05124797058013675,0.9487520294198634
0.0,0.0,0.5,0.5
0.0,0.0,0.5,0.5
0.5,0.0,0.5,0.0
0.4732356470026652,0.026764352997334758,0.4732356470026652,0.026764352997334758
0.29979915566569715,0.35010042216715137,0.35010042216715137,0.0
0.0,0.0,0.5,0.5
0.05189840596398658,0.0,0.9481015940360135,0.0
0.030211878614094648,0.0,0.0,0.9697881213859054
0.0,0.0,0.5,0.5
0.0,0.0,0.5,0.5
0.5,0.5,0.0,0.0
0.5,0.5,0.0,0.0
0.33333333333333337,0.33333333333333337,0.33333333333333337,0.0
0.4,0.20000000000000004,0.19999999999999996,0.20000000000000004
0.5,0.5,0.0,0.0
0.0,0.5,0.5,0.0
0.5,0.5,0.0,0.0
0.5,0.5,0.0,0.0
0.5,0.5,0.0,0.0
0.5,0.5,0.0,0.0
0.5,0.5,0.0,0.0
0.5,0.5,0.0,0.0
0.5,0.5,0.0,0.0
0.5,0.5,0.0,0.0
0.07132930410543792,0.928670695894562,0.0,0.0
0.5,0.5,0.0,0.0
0.10657090971481253,0.8934290902851875,0.0,0.0
0.5,0.5,0.0,0.0
0.5,0.5,0.0,0.0
0.5,0.5,0.0,0.0
0.5,0.5,0.0,0.0
0.5,0.5,0.0,0.0
0.5,0.5,0.0,0.0
0.5,0.5,0.0,0.0
0.7637871642192192,0.2362128357807809,0.0,0.0
0.5,0.5,0.0,0.0
0.9614168196311133,0.03858318036888683,0.0,0.0
0.5,0.5,0.0,0.0
0.5,0.5,0.0,0.0
0.5,0.5,0.0,0.0
0.5,0.0,0.5,0.0
0.5,0.5,0.0,0.0
0.0,0.5,0.5,0.0
0.0,0.5,0.5,0.0
0.5,0.5,0.0,0.0
0.0,0.5,0.5,0.0
0.3333333333333333,0.3333333333333333,0.3333333333333333,0.0
0.0,0.5,0.5,0.0
0.0,0.5,0.5,0.0
0.5,0.5,0.0,0.0
0.5,0.5,0.0,0.0
0.5,0.5,0.0,0.0
0.0,0.5,0.5,0.0
0.0,0.5,0.5,0.0
0.2214113862857418,0.0,0.7785886137142581,0.0
0.5,0.0,0.5,0.0
0.33333333333333337,0.33333333333333337,0.33333333333333337,0.0
0.3333333333333333,0.3333333333333333,0.3333333333333333,0.0
0.5,0.5,0.0,0.0
0.5,0.5,0.0,0.0
0.018382518876146215,0.5614066930729879,0.420210788050866,0.0
0.5,0.5,0.0,0.0
0.0,0.5,0.5,0.0
0.5,0.5,0.0,0.0
