---flow allocation with alpha---
0.009974328126085124
0.0018122208805888484
0.00019197638987993284
0.002775462357198813
0.00048559858692076704
0.034059824684483125
0.0006537625345226629
0.0011367553220121731
0.001462309274597331
0.004900176231813639
0.005087433623657303
0.0023475949993538798
0.003442946185465753
0.002572090633167172
0.001992060573056884
0.002122064743998461
0.0017085014886334055
0.002277596491251529
0.0009565746601811941
8.272469101367177e-5
0.0012298113952249547
0.0003945191422312514
0.000776449758969783
0.0028894543617032737
0.012951038945320991
0.002479118635245699
0.0007520073047444493
0.0008653475944780344
0.0028359427251516867
0.001350422426796509
0.023210407143815188
0.0020360283132268833
0.0030942544396847602
0.0009558624020360155
0.0035511633143405366
0.0010112286018545578
0.002666634066731022
0.002408218162606788
0.0007899734991682044
0.0017818007848444983
0.003318179579639911
0.001513253459673286
0.0034281428435815023
0.001966409103350296
0.0007057298281622836
0.001178865071751673
0.0011943607961416671
0.002121294348175972
8.197781374320608e-5
0.0029735142260032934
0.003040834792403873
0.0032381632337557115
0.0008286947387764985
0.0020819691067871468
0.0026836705827659934
0.0007539197765747161
0.002725111863773423
0.0002056350438568146
0.0017371183999251333
0.0023660720696591572
0.0004967488206439246
0.0020257429275724066
0.0014373599199682741
0.0012603018098742427
0.0032071626172120622
0.005984363730436921
0.0006127632716982936
5.7626798914974425e-5
0.009087192403452848
0.004140796035010036
0.0008469466472990092
0.0017435230526602586
0.0019003503823006042
0.0023347704578026793
0.01255938081378263
0.0035465191735756735
0.001114420859776219
0.002225392293736681
0.020391530072681175
0.0064909008329801475
0.0009260816489065813
0.0012337835255371748
0.008196320917471004
0.006401914446596271
0.011122631907186264
6.775649616550077e-5
0.002148190384219308
0.0018907218092034867
0.0023037731666157102
0.001671772509805618
0.0005388881547285781
0.005312810476524457
0.0008239558020944444
0.0015258620040016903
6.34196886328434e-5
0.002575979556911996
0.003530234323293751
0.01235531345108751
0.0036576755486683763
0.0004677043826295904
0.01203874177440629
0.0004094678139891535
0.0007845291777609494
0.0005693943973366477
0.0010150589869725734
0.012702505828257316
0.0023947907075665526
0.002245522937053068
0.0007858039107742947
0.00364792102015017
0.002832475084772989
0.00102399128262596
0.001270898905124703
0.003620251151574356
0.002968005752676248
0.0025502285180799274
0.0024631009318869064
0.0007156398678074834
0.003660418043239438
0.0035486691220661666
0.001980658619419852
9.878734081126807e-5
0.002895600172897742
0.003638542238590738
0.0019192973081398497
0.002248628061806447
0.003350617539654184
0.00242669380094957
0.002285179477284814
0.003194929994881623
0.0017061406407066003
0.0002682055730020757
0.0009504311974052177
0.0013854406113918724
0.022005256773673838
0.0033572790291824723
0.0033239350980005513
0.0009353042319970217
0.0028698313204522322
0.000962211995813195
0.0013245006407564964
0.002144040786021833
0.001009973801759148
0.002999254181445648
0.0038776128454684916
0.00030762293540215094
0.0019119833592201882
0.0009672479931149059
0.00735870568874557
0.0010297907880105575
0.000994007018986689
0.0015078823974672923
0.010085143989783872
0.005214143746260311
0.001279829596980095
0.005059137815635529
0.003620071067970943
0.0030159169266300886
0.001706045042890412
0.008781915032537842
0.0032297536044131213
0.0015755803146246415
0.001190287722019943
0.011161101077845325
0.0034346665783177395
0.0019572718079460772
0.0025912335087542784
0.0010442154617325424
0.017418752674483604
0.011663372321635234
0.0016529296017220336
0.0007007680208374558
0.01968984203566292
0.000645871046489384
0.00345929719241496
0.002408729315939122
0.0008836523710558728
0.002544023710030651
0.00025135065845076164
0.0036200186581436134
0.0011828949578845383
0.003880223169342267
0.00041114260868444473
0.0022937273769259533
0.002231094253836096
0.0027396512663305336
0.0011757924811861876
0.000968730131576075
0.001295323488458095
0.0007174182506696871
0.001259729826775107
0.0023263741170720465
0.008912392572754122
0.0011326940186221605
0.00512396027946774
0.010673354257090166
0.0006964466444190407
0.001563015130120596
0.001644550788212343
0.0009628384078067784
2.1603485477036802e-5
0.004382023896391226
0.002767013033855852
0.005408976506096784
0.0006260523991614796
2.3033641408485438e-5
0.0031503730498768493
2.0987301132380165e-5
0.002231760918295423
0.0012063165374076993
0.00023174716635170626
0.0002544848234035464
0.013444031865760797
0.007390712837881004
0.0035453701668694184
0.005398422369721184
0.0023243763002770575
0.0035748886417482076
0.0004666461050670398
0.0076296300178102065
0.0025712041911040606
0.0017722128222037489
0.0032206452346513086
0.0010240353870708161
0.0014211010025271427
0.001676330446428262
0.0007199913631703838
0.002737934056906131
0.0026350358095240107
0.0016506442636593768
0.0020190649991146726
0.002908417898307465
0.0018906339375622117
0.0035953854665139013
0.0032364500338262956
0.0030954208017764584
0.0023504037651492253
0.0026369820183906683
0.0020755709265225
0.0012511096416672031
0.002730723266564633
0.0023189952716120964
0.002862408943332424
0.0023400645949834243
0.0018129187045520738
0.0006250270567363217
0.0046181520775353535
0.0017828233779016648
0.0026075366881561407
0.005523751649062384
0.015179792941479269
0.013966428687248558
0.00037463713056292856
0.0010157875694901985
0.001780260795098517
0.0016838913802391185
0.0009038332476165964
0.0017205491046131383
0.0001732474889223768
0.011637853910720487
0.005613407007053383
0.003253159031399335
0.0005380069822874501
0.0031846660886645766
0.0002882143333987103
0.0007842633482433158
0.00860394584565143
0.0039426126010546686
0.00746768536875195
0.0010108651984124925
0.001373539914764161
0.0004005503248279687
0.001379272862531975
0.001401156208849816
0.0012220908644207853
1.8548883510810305e-5
0.0019464113318338506
0.015506506643023717
0.00124757922405271
0.0012863277711857902
0.0009917030486101984
0.002554880849670264
0.0001565045251989479
0.00011830434237560543
0.0008439478887197833
0.00046547344234036187
0.0019676861847821333
0.003663151859784283
0.001491488374364726
0.002927470331143367
0.0027403831137226484
0.002920616672248205
0.0007899287646598503
0.0026675611192505003
0.004335817932016077
0.001517757554506106
0.0052923168700205175
7.494015912309423e-5
0.0019168074690314645
0.000387229436436636
0.001638707951642637
0.014480068134248437
0.0011111940182107363
0.0020293932863655086
0.0034380732170941368
0.0022671673938410215
0.0022448144592888773
0.0014863008897506335
0.0025215703089898345
0.0018631031476065056
0.013074393207712434
0.002204771060069392
0.00011357851101430856
0.0034846569618148036
0.0004131603583973682
0.03043683462464234
0.0021543753166291496
0.020209849001586757
0.0016422744833512624
0.003685444994661326
0.0003225894522766699
0.0031122341607761578
0.0011367760281898555
0.0017695929036222876
0.001841269499933669
0.0011931836084135038
0.0015649778495148235
0.0027603328142581257
0.0004751260151289009
0.0019642162532634427
0.0033499811755212583
0.001781786923447543
0.009985773547782068
0.0005947852546422652
0.000664213363396
0.008748625842953186
0.0013349985296452805
0.0002859887429213643
0.0013116959175662316
0.007751045223842448
0.0008005963124650811
0.0015575945792907634
0.0031546932234467685
0.002880293295721633
0.0007858859622252772
0.0021733483041858096
0.03030621866988676
0.0011528451676414808
0.013921444758961194
0.0003735894495228435
0.0023351989009812828
0.0032395347674337416
0.0035315076243446013
0.001521099296742214
0.0009740230086298237
0.0009411962994373173
0.0035448235008671996
0.0003457325093666388
0.0006575665142522644
0.001167063867878137
0.0018245005661384382
0.002265322567919034
0.022022864755555194
0.002117727787828096
7.244907707126354e-5
0.0007376715845326744
0.0009952188029287395
0.0009487232098192844
0.025045798669415177
0.0002101105166232775
7.931313774199118e-5
0.0006688254768876925
0.003337310455381306
0.0021832473463590457
0.0018550918329516175
0.0036180754850374465
0.001140309395647089
0.03127768829753567
0.011474745273382079
0.010654710416276143
0.0024998740151595503
0.002694326388478763
0.0017796156100766203
0.00268137073644149
0.000184475145993732
0.0008244040636339834
0.0025405068674206137
0.0021798973560189644
0.0019208822615081839
0.0028483369906122896
0.0005606495169346502
0.0022862792244812287
0.0026081489953191446
0.0025817464708301997
0.0021505831362705094
0.0010511940879946715
0.0027524229971049065
0.00046105858741025133
0.0005985303091151838
0.0016117899206553716
0.0009029290492185435
0.002931862274673552
0.0011940797305430833
0.0026087255606982653
0.0010366171823398078
0.01660373389248071
0.0008538180625291131
0.0034661131047787454
0.00620767943462772
0.0030937787417438098
0.0004768004375139432
0.000821344360730956
0.00023705228382086505
0.003927105306407712
0.0026540462572195497
0.003384644978038277
0.002441217967425731
0.0018070178162228067
0.0008667148895470779
0.0015907919949340614
0.0004078665648876225
0.002286297095373171
0.004103904789755462
0.0004674746385668393
0.0012024426779083254
0.0016942404595853872
0.022125349474846533
0.0007039892920688316
0.0011209740356613598
0.011934750092034164
0.0018791011471613625
0.004173481928573936
0.00016546260190510045
0.0013006517063462286
0.0004572030570308179
0.00010836918610823754
0.0017093284756137103
0.0031088444191572063
0.001841579949402657
5.383116466279571e-5
0.00038762981887818104
0.0031738043094664795
0.0017688958242795597
0.0033822580111155572
0.001922025311250458
0.0010011460393679207
0.002430303091058306
0.03123053239099515
0.0015039902088479784
0.0012146164784231468
0.00039339675570778456
0.0008677636588786596
0.021966108961770897
0.0006191550367709607
0.00010094206060079509
0.0074849787265959065
0.0026450184210284745
0.009100339284635632
0.0006759348928762955
0.002835868835886928
0.0012157002449181145
0.0007730659170363121
0.0029457015048489454
0.002354232145519747
0.00014039499867710438
0.0006270386776497651
0.0033479157128179903
0.0003258130289676632
0.003531737597521352
0.0027197601617003652
0.0017854737113665268
0.014618296387139735
0.002699943454097702
0.0007717322444466589
0.0024951067256200887
0.000999556560998101
0.01775892593850185
0.00015253957570132102
0.0020997732119981166
0.001167671134533158
0.0021313713546481272
0.00357407488610136
0.00010616603305123086
0.0007172222436433259
0.001256768471056259
0.0019811804265531512
0.0004456959209753237
0.0011523890016689675
0.0034062031734055117
0.006600799955844844
0.0023347272125353205
0.0016150264709265728
0.0005293487069771703
0.012669968226657747
0.0031515827717929074
0.0020257658389723323
9.216500686545252e-5
0.0014624936540882298
0.0006133927051327421
0.000621490997189597
0.016742810936489654
0.0006127135825997055
0.013515859305765099
1.1540154246711666e-6
0.0021461226876545478
0.00012073818029472272
0.003110633799491375
0.0023965026473689727
0.0030649940617261296
0.0017840843640750548
0.002312306002011399
0.00186152168822666
0.00011589270846694077
0.0007478481410375055
1.1292940527909921e-5
0.004884572974977139
0.0066236637531565815
0.024869205045727785
0.0029415780256473846
0.013907179826759297
0.003002448861133486
0.0003513659185574775
0.0032153234319551548
0.015718190302723967
0.0013368891783671181
0.004224493400661079
0.0004886845577438089
0.004297829570812895
0.0040315893407222286
0.0030194023233437286
0.00032198578843928755
0.0005865176902988369
0.0036232884013054564
0.0012505161218521374
8.622242551617143e-5
0.00011415779139432045
0.012237230420207482
0.0014480449959490673
0.003404092174294892
0.000973488542948066
0.0018751975601205857
0.0016216696504277536
0.003510288804088761
0.021457777014062856
0.0006690458702353493
0.0011696707269616407
0.001062815967204917
0.0017497905806668301
0.0002152393709649608
0.0027247313626991626
0.0007982303667517925
0.0007392447958085467
0.00297878041127613
0.0030290184670063863
0.002386972249620536
0.0025050127557703014
0.003569379595636164
0.002581782556285082
0.001742765945449726
0.0031741427681218756
0.0022388229563729055
0.003200638942958016
0.0016036822922030473
0.002611573562265983
2.9311301981674375e-5
0.00248804056349062
0.0027230500668941424
0.0031532229989135606
0.0005639700661258275
0.0017249444275748125
0.002933387429288081
0.00337312340780083
0.014491721458957897
0.0013118399729932623
0.0008456491174427384
0.003078250254051923
0.004146023732694182
0.002956936453473327
0.006725368027170076
0.0022499945549764935
0.003655803400901978
0.0019029673224000747
0.003427120708752334
0.0004328706920821254
0.0033920877463040184
0.003303239284862606
0.000669835053405777
0.0006032699617784855
0.0016615931466542957
0.001081779331973609
0.0020323099648545022
0.002752830762745077
0.006966016070199152
0.004653306105586561
9.607129745142057e-5
0.001702313921412573
0.0031045846171260903
0.0022492690654978575
0.0016785157930316395
0.005616460167245362
---weights per flow tunnel---
0.9159635561851887,0.08403644381481129,0.0,0.0
0.5,0.5,0.0,0.0
0.3333333333333333,0.0,0.3333333333333333,0.3333333333333333
0.5,0.5,0.0,0.0
0.0,0.5,0.5,0.0
0.9465865713558471,0.053413428644152966,0.0,0.0
0.5,0.5,0.0,0.0
0.0,0.3333333333333333,0.3333333333333333,0.3333333333333333
0.0,0.0,0.5,0.5
0.33333333333333337,0.33333333333333337,0.33333333333333337,0.0
0.0,0.3333333333333333,0.3333333333333333,0.3333333333333333
0.5,0.0,0.5,0.0
0.0,0.5,0.0,0.5
0.5,0.0,0.5,0.0
0.19054000395300663,0.2698199986823311,0.2698199986823311,0.2698199986823311
0.5,0.0,0.0,0.5
0.25,0.25,0.25,0.25
0.5,0.5,0.0,0.0
0.5,0.5,0.0,0.0
0.5,0.5,0.0,0.0
0.4,0.2,0.2,0.19999999999999996
0.3333333333333333,0.0,0.3333333333333333,0.3333333333333333
0.5,0.5,0.0,0.0
0.5,0.0,0.5,0.0
0.30934094273188,0.69065905726812,0.0,0.0
0.5,0.5,0.0,0.0
0.5,0.5,0.0,0.0
0.5,0.5,0.0,0.0
0.5,0.5,0.0,0.0
0.5,0.5,0.0,0.0
0.5408001663127483,0.45919983368725176,0.0,0.0
0.5,0.5,0.0,0.0
0.5,0.5,0.0,0.0
0.5,0.5,0.0,0.0
0.5,0.5,0.0,0.0
0.5,0.5,0.0,0.0
0.5,0.5,0.0,0.0
0.5,0.5,0.0,0.0
0.5,0.5,0.0,0.0
0.5,0.5,0.0,0.0
0.5,0.5,0.0,0.0
0.5,0.5,0.0,0.0
0.5,0.5,0.0,0.0
0.5,0.5,0.0,0.0
0.5,0.5,0.0,0.0
0.5,0.5,0.0,0.0
0.5,0.5,0.0,0.0
0.5,0.5,0.0,0.0
0.5,0.0,0.5,0.0
0.5,0.5,0.0,0.0
0.5,0.0,0.0,0.5
0.5,0.5,0.0,0.0
0.0,0.0,0.5,0.5
0.5,0.0,0.5,0.0
0.5,0.5,0.0,0.0
0.5,0.0,0.0,0.5
0.0,0.48957111279415816,0.4999999999999999,0.010428887205841984
0.5,0.0,0.5,0.0
0.5,0.0,0.5,0.0
0.5,0.5,0.0,0.0
0.0,0.5,0.5,0.0
0.5,0.5,0.0,0.0
0.33333333333333337,0.0,0.33333333333333337,0.33333333333333337
0.0,0.0,0.5,0.5
0.0,0.004650618616160994,0.995349381383839,0.0
0.7118980909885027,0.28810190901149735,0.0,0.0
0.5,0.5,0.0,0.0
0.0,0.5,0.5,0.0
0.833930081379164,0.16606991862083598,0.0,0.0
0.0,0.0,0.3097622313260121,0.6902377686739879
0.5,0.5,0.0,0.0
0.5,0.0,0.5,0.0
0.5,0.0,0.5,0.0
0.5,0.5,0.0,0.0
0.9045125282467852,0.0,0.0,0.09548747175321484
0.5,0.5,0.0,0.0
0.5,0.0,0.5,0.0
0.5,0.5,0.0,0.0
0.5074567088975126,0.0,0.08806563029913297,0.40447766080335457
0.21702266090462546,0.565954678190749,0.0,0.21702266090462546
0.0,0.5,0.5,0.0
0.3333333333333333,0.3333333333333333,0.3333333333333333,0.0
0.20643398043152308,0.5871320391369538,0.20643398043152308,0.0
0.7315312695072932,0.13423436524635338,0.13423436524635338,0.0
0.0,0.8929409609462812,0.10705903905371884,0.0
0.3333333333333333,0.3333333333333333,0.3333333333333333,0.0
0.5,0.5,0.0,0.0
0.0,0.33333333333333337,0.33333333333333337,0.33333333333333337
0.5,0.0,0.5,0.0
0.5,0.5,0.0,0.0
0.5,0.5,0.0,0.0
0.2979944786590218,0.7020055213409783,0.0,0.0
0.4000000000000001,0.19999999999999996,0.2,0.19999999999999998
0.19999999999999996,0.4000000000000001,0.20000000000000004,0.19999999999999998
0.5,0.5,0.0,0.0
0.5,0.0,0.5,0.0
0.5,0.5,0.0,0.0
0.857415989606233,0.142584010393767,0.0,0.0
0.5,0.5,0.0,0.0
0.5,0.5,0.0,0.0
0.854244977292501,0.14575502270749902,0.0,0.0
0.5,0.5,0.0,0.0
0.5,0.5,0.0,0.0
0.5,0.5,0.0,0.0
0.5,0.5,0.0,0.0
0.891587816780934,0.10841218321906602,0.0,0.0
0.5,0.5,0.0,0.0
0.5,0.5,0.0,0.0
0.5,0.5,0.0,0.0
0.5,0.5,0.0,0.0
0.5,0.5,0.0,0.0
0.5,0.5,0.0,0.0
0.5,0.5,0.0,0.0
0.5,0.5,0.0,0.0
0.5,0.5,0.0,0.0
0.5,0.5,0.0,0.0
0.5,0.5,0.0,0.0
0.5,0.5,0.0,0.0
0.5,0.5,0.0,0.0
0.5,0.5,0.0,0.0
0.5,0.0,0.5,0.0
0.5,0.5,0.0,0.0
0.0,0.0,0.5,0.5
0.5,0.0,0.5,0.0
0.5,0.5,0.0,0.0
0.5,0.5,0.0,0.0
0.5,0.0,0.5,0.0
0.5,0.5,0.0,0.0
0.5,0.5,0.0,0.0
0.5,0.0,0.5,0.0
0.5,0.5,0.0,0.0
0.0,0.5,0.5,0.0
0.0,0.0,0.5,0.5
1.0,0.0,0.0,0.0
0.0,0.0,0.9323661127760774,0.06763388722392256
0.5,0.0,0.0,0.5
0.012606288446856776,0.49369685577657163,0.49369685577657163,0.0
0.5,0.5,0.0,0.0
0.5,0.5,0.0,0.0
0.3333333333333333,0.33333333333333326,0.33333333333333326,0.0
0.0,0.5,0.0,0.5
0.5,0.5,0.0,0.0
0.5,0.5,0.0,0.0
0.33333333333333337,0.33333333333333337,0.33333333333333337,0.0
0.3273723893848126,0.0,0.0,0.6726276106151873
0.5,0.5,0.0,0.0
0.5,0.5,0.0,0.0
0.5,0.5,0.0,0.0
0.7863304302929304,0.21366956970706952,0.0,0.0
0.5,0.0,0.0,0.5
0.5,0.5,0.0,0.0
0.25,0.25,0.25,0.25
0.057710090187119575,0.8268697294386412,0.057710090187119575,0.057710090187119575
0.33333333333333337,0.33333333333333337,0.33333333333333337,0.0
0.25,0.25,0.25,0.25
0.3333333333333333,0.3333333333333333,0.3333333333333333,0.0
0.25,0.25,0.25,0.24999999999999994
0.5,0.5,0.0,0.0
0.5,0.5,0.0,0.0
0.06177654244343954,0.8146703726696817,0.06177654244343954,0.061776542443439275
0.5,0.0,0.5,0.0
0.5,0.5,0.0,0.0
0.5,0.5,0.0,0.0
0.15387111215211652,0.5623287680824239,0.28380011976545944,0.0
0.0,0.5,0.5,0.0
0.5,0.5,0.0,0.0
0.5,0.5,0.0,0.0
0.3333333333333333,0.3333333333333333,0.3333333333333333,0.0
0.08778803155037224,0.9122119684496278,0.0,0.0
0.14366406481729244,0.8563359351827077,0.0,0.0
0.5,0.5,0.0,0.0
0.5,0.0,0.5,0.0
0.9404864688971992,0.05951353110280088,0.0,0.0
0.5,0.5,0.0,0.0
0.5,0.5,0.0,0.0
0.5,0.5,0.0,0.0
0.0,0.0,0.5,0.5
0.33333333333333337,0.33333333333333337,0.33333333333333337,0.0
0.33333333333333337,0.33333333333333337,0.0,0.33333333333333337
0.5,0.5,0.0,0.0
0.5,0.5,0.0,0.0
0.3333333333333333,0.3333333333333333,0.3333333333333333,0.0
0.25,0.25,0.25,0.25
0.0,0.5,0.0,0.5
0.25,0.25,0.25,0.25
0.5,0.5,0.0,0.0
0.5,0.5,0.0,0.0
0.5,0.0,0.5,0.0
0.0,0.5,0.5,0.0
0.5,0.0,0.0,0.5
0.5,0.5,0.0,0.0
0.5,0.0,0.5,0.0
0.14164537050599738,0.7167092589880053,0.0,0.14164537050599738
0.5,0.5,0.0,0.0
0.19215614277506252,0.19215614277506252,0.5796325615826988,0.0360551528671762
0.03554665187857266,0.9289066962428548,0.0,0.03554665187857266
0.5,0.5,0.0,0.0
0.11050640776390135,0.5,0.38949359223609864,0.0
0.3333333333333333,0.3333333333333333,0.0,0.3333333333333333
0.5,0.5,0.0,0.0
0.0,0.5,0.5,0.0
0.33333333333333337,0.33333333333333337,0.33333333333333337,0.0
0.25,0.25,0.25,0.25
0.33333333333333337,0.33333333333333337,0.33333333333333337,0.0
0.0,0.0,0.5,0.5
0.33333333333333337,0.33333333333333337,0.33333333333333337,0.0
0.5,0.0,0.5,0.0
0.5,0.0,0.0,0.5
0.5,0.5,0.0,0.0
0.5,0.5,0.0,0.0
0.5,0.5,0.0,0.0
0.5,0.0,0.5,0.0
0.0,0.9041460956882277,0.09585390431177239,0.0
0.21038574523944034,0.0,0.7896142547605598,0.0
0.5,0.5,0.0,0.0
0.3333333333333333,0.3333333333333333,0.3333333333333333,0.0
0.5,0.5,0.0,0.0
0.5,0.5,0.0,0.0
0.0,0.5,0.0,0.5
0.0,0.0,0.7994694713191467,0.20053052868085336
0.5,0.5,0.0,0.0
0.5,0.5,0.0,0.0
0.0,0.33333333333333337,0.33333333333333337,0.33333333333333337
0.5,0.0,0.5,0.0
0.0,0.5,0.5,0.0
0.5,0.5,0.0,0.0
0.3999999999999999,0.2,0.2,0.19999999999999996
0.5,0.5,0.0,0.0
0.5,0.0,0.0,0.5
0.4324893976590739,0.0,0.5675106023409262,0.0
0.5,0.5,0.0,0.0
0.5,0.0,0.5,0.0
0.0,0.3361230082836028,0.3361230082836028,0.3277539834327944
0.5,0.5,0.0,0.0
0.5,0.5,0.0,0.0
0.5,0.5,0.0,0.0
0.0,0.5,0.5,0.0
0.5,0.0,0.0,0.5
0.5,0.5,0.0,0.0
0.0,0.5,0.5,0.0
0.5,0.5,0.0,0.0
0.5,0.5,0.0,0.0
0.5,0.5,0.0,0.0
0.3333333333333333,0.3333333333333333,0.3333333333333333,0.0
0.5,0.5,0.0,0.0
0.5,0.0,0.5,0.0
0.33333333333333337,0.33333333333333337,0.33333333333333337,0.0
0.5,0.5,0.0,0.0
0.33333333333333337,0.33333333333333337,0.33333333333333337,0.0
0.2691208317637945,0.461758336472411,0.2691208317637945,0.0
0.06267910233544718,0.06267910233544718,0.8746417953291057,0.0
0.8749648236547686,0.12503517634523156,0.0,0.0
0.5,0.5,0.0,0.0
0.0,0.5,0.5,0.0
0.5,0.5,0.0,0.0
0.5,0.5,0.0,0.0
0.5,0.5,0.0,0.0
0.5,0.5,0.0,0.0
0.5,0.5,0.0,0.0
0.8189932684708634,0.09050336576456823,0.09050336576456823,0.0
0.7694128676937637,0.0,0.23058713230623623,0.0
0.5,0.5,0.0,0.0
0.5,0.5,0.0,0.0
0.5,0.5,0.0,0.0
0.5,0.0,0.5,0.0
0.5,0.5,0.0,0.0
0.0,0.8583946043341313,0.14160539566586877,0.0
0.3333333333333333,0.3333333333333333,0.3333333333333333,0.0
0.9685668138147265,0.03143318618527352,0.0,0.0
0.3333333333333333,0.3333333333333333,0.3333333333333333,0.0
0.3333333333333333,0.3333333333333333,0.3333333333333333,0.0
0.5,0.0,0.5,0.0
0.25,0.25,0.25,0.25
0.19999999999999996,0.19999999999999998,0.4000000000000001,0.20000000000000004
0.5,0.5,0.0,0.0
0.3333333333333333,0.3333333333333333,0.3333333333333333,0.0
0.33333333333333337,0.3333333333333333,0.33333333333333337,0.0
0.10662495386057244,0.8933750461394275,0.0,0.0
0.0,0.5,0.5,0.0
0.3333333333333333,0.3333333333333333,0.3333333333333333,0.0
0.5,0.5,0.0,0.0
0.5,0.5,0.0,0.0
0.5,0.5,0.0,0.0
0.33333333333333337,0.33333333333333337,0.33333333333333337,0.0
0.5,0.5,0.0,0.0
0.5,0.0,0.5,0.0
0.5,0.5,0.0,0.0
0.33120637149950627,0.3375872570009874,0.33120637149950627,0.0
0.5,0.5,0.0,0.0
0.5,0.5,0.0,0.0
0.5,0.5,0.0,0.0
0.33333333333333337,0.33333333333333337,0.33333333333333337,0.0
0.5,0.5,0.0,0.0
0.5,0.5,0.0,0.0
0.33333333333333337,0.33333333333333337,0.33333333333333337,0.0
0.5,0.5,0.0,0.0
0.3333333333333333,0.3333333333333333,0.3333333333333333,0.0
0.5,0.0,0.5,0.0
0.5,0.5,0.0,0.0
0.5,0.0,0.5,0.0
0.33333333333333337,0.33333333333333337,0.33333333333333337,0.0
0.9488769084939739,0.0,0.051123091506026105,0.0
0.3333333333333333,0.3333333333333333,0.3333333333333333,0.0
0.5,0.5,0.0,0.0
0.5,0.5,0.0,0.0
0.5,0.5,0.0,0.0
0.5,0.5,0.0,0.0
0.5,0.0,0.5,0.0
0.3333333333333333,0.3333333333333333,0.3333333333333333,0.0
0.0,0.5,0.5,0.0
0.9135788324080131,0.086421167591987,0.0,0.0
0.5,0.5,0.0,0.0
0.5,0.0,0.0,0.5
0.5,0.5,0.0,0.0
0.0,0.5,0.5,0.0
0.2882193636468188,0.5009659132554833,0.21081472309769783,0.0
0.5,0.5,0.0,0.0
0.08673049405180455,0.9132695059481954,0.0,0.0
0.0,0.3333333333333333,0.3333333333333333,0.3333333333333333
0.346190987918951,0.653809012081049,0.0,0.0
0.0,0.0,0.5,0.5
0.5,0.0,0.0,0.5
0.5,0.5,0.0,0.0
0.5,0.5,0.0,0.0
0.5,0.0,0.5,0.0
0.5,0.0,0.5,0.0
0.3333333333333333,0.33333333333333326,0.3333333333333333,0.0
0.5,0.5,0.0,0.0
0.0,0.4875506516296748,0.012449348370325132,0.4999999999999999
0.5,0.5,0.0,0.0
0.5,0.5,0.0,0.0
0.5,0.0,0.5,0.0
0.18231736623152955,0.8176826337684704,0.0,0.0
0.3333333333333333,0.3333333333333333,0.3333333333333333,0.0
0.5,0.5,0.0,0.0
0.04205115135655419,0.04205115135655419,0.9158976972868916,0.0
0.5,0.0,0.5,0.0
0.5,0.5,0.0,0.0
0.5,0.0,0.5,0.0
0.660670608799576,0.169664695600212,0.169664695600212,0.0
0.5,0.5,0.0,0.0
1.0,0.0,0.0,0.0
0.3333333333333333,0.3333333333333333,0.3333333333333333,0.0
0.5,0.5,0.0,0.0
0.33333333333333337,0.33333333333333337,0.33333333333333337,0.0
0.5,0.5,0.0,0.0
0.7067146271444282,0.24050048111853123,0.052784891737040485,0.0
0.5,0.5,0.0,0.0
0.9129457979496112,0.08705420205038886,0.0,0.0
0.5,0.0,0.5,0.0
0.5,0.5,0.0,0.0
0.5,0.5,0.0,0.0
0.5,0.0,0.5,0.0
0.5,0.5,0.0,0.0
0.5,0.5,0.0,0.0
0.5,0.5,0.0,0.0
0.5,0.0,0.5,0.0
0.5,0.5,0.0,0.0
0.5,0.5,0.0,0.0
0.5,0.5,0.0,0.0
0.1770707025176069,0.41146464874119654,0.0,0.41146464874119654
0.5,0.5,0.0,0.0
0.0,0.4486576409334339,0.0,0.551342359066566
0.0,0.0,0.5,0.5
0.5,0.5,0.0,0.0
0.5,0.5,0.0,0.0
0.5,0.5,0.0,0.0
0.25,0.25,0.25,0.25
0.0,0.044528226591925735,0.9554717734080743,0.0
0.0,0.0,0.5,0.5
0.5,0.5,0.0,0.0
0.33333333333333337,0.33333333333333337,0.33333333333333326,0.0
0.33333333333333337,0.33333333333333337,0.33333333333333337,0.0
0.3333333333333333,0.3333333333333333,0.3333333333333333,0.0
0.5,0.0,0.5,0.0
0.5,0.0,0.5,0.0
0.3333333333333333,0.3333333333333333,0.0,0.3333333333333333
0.6061899415119644,0.3938100584880356,0.0,0.0
0.8511476322839349,0.1488523677160652,0.0,0.0
0.8900372255712823,0.0,0.10996277442871766,0.0
0.3333333333333333,0.3333333333333333,0.3333333333333333,0.0
0.5,0.0,0.5,0.0
0.5,0.5,0.0,0.0
0.0,0.5,0.5,0.0
0.5,0.5,0.0,0.0
0.5,0.5,0.0,0.0
0.0,0.0,0.5,0.5
0.5,0.0,0.0,0.5
0.5,0.5,0.0,0.0
0.5,0.5,0.0,0.0
0.5,0.0,0.5,0.0
0.33333333333333337,0.33333333333333337,0.0,0.33333333333333337
0.5,0.5,0.0,0.0
0.5,0.0,0.0,0.5
0.5,0.1204564031717415,0.3795435968282585,0.0
0.3333333333333333,0.3333333333333333,0.3333333333333333,0.0
0.5,0.5,0.0,0.0
0.5,0.5,0.0,0.0
0.5,0.0,0.5,0.0
0.3333333333333333,0.0,0.3333333333333333,0.33333333333333337
0.0,0.3333333333333333,0.3333333333333333,0.3333333333333333
0.5,0.5,0.0,0.0
0.5,0.5,0.0,0.0
0.5,0.0,0.5,0.0
0.0,0.0,0.5,0.5
0.0,0.0,0.085790779290303,0.914209220709697
0.5,0.5,0.0,0.0
0.5,0.5,0.0,0.0
0.0,0.27198919119542275,0.0,0.7280108088045772
0.5,0.5,0.0,0.0
0.5,0.5,0.0,0.0
0.0,0.0,0.5,0.5
0.5,0.5,0.0,0.0
0.0,0.33333333333333337,0.33333333333333337,0.33333333333333337
0.5,0.0,0.5,0.0
0.5,0.0,0.5,0.0
0.25,0.25,0.25,0.25
0.0,0.4875506516296749,0.012449348370325072,0.5
0.5,0.5,0.0,0.0
0.5,0.5,0.0,0.0
0.5,0.0,0.5,0.0
0.5,0.5,0.0,0.0
0.3333333333333333,0.3333333333333333,0.3333333333333333,0.0
0.0,0.5,0.0,0.5
0.0,0.0,0.5,0.5
0.5,0.5,0.0,0.0
0.6009652135846123,0.3990347864153877,0.0,0.0
0.3333333333333333,0.3333333333333333,0.3333333333333333,0.0
0.3333333333333333,0.0,0.3333333333333333,0.3333333333333333
0.1325157562139326,0.8674842437860675,0.0,0.0
0.5,0.5,0.0,0.0
0.33333333333333337,0.33333333333333337,0.33333333333333337,0.0
0.5,0.5,0.0,0.0
0.5,0.5,0.0,0.0
0.5,0.5,0.0,0.0
0.5,0.5,0.0,0.0
0.5,0.5,0.0,0.0
0.5,0.5,0.0,0.0
0.5,0.5,0.0,0.0
0.5,0.5,0.0,0.0
0.5,0.5,0.0,0.0
0.5,0.5,0.0,0.0
0.5,0.5,0.0,0.0
0.5,0.5,0.0,0.0
0.5,0.5,0.0,0.0
0.5,0.5,0.0,0.0
0.5,0.5,0.0,0.0
0.05586544810540781,0.9441345518945923,0.0,0.0
0.5,0.5,0.0,0.0
0.5,0.5,0.0,0.0
0.5,0.5,0.0,0.0
0.5,0.5,0.0,0.0
0.22435563628276314,0.7756443637172369,0.0,0.0
0.5,0.5,0.0,0.0
0.5,0.5,0.0,0.0
0.8356173168428264,0.1643826831571737,0.0,0.0
0.5,0.5,0.0,0.0
0.8411208947488042,0.15887910525119567,0.0,0.0
0.5,0.5,0.0,0.0
0.5,0.5,0.0,0.0
0.5,0.5,0.0,0.0
0.5,0.5,0.0,0.0
0.5,0.5,0.0,0.0
0.5,0.5,0.0,0.0
0.5,0.5,0.0,0.0
0.5,0.5,0.0,0.0
0.5,0.5,0.0,0.0
0.5,0.5,0.0,0.0
0.5,0.5,0.0,0.0
0.5,0.5,0.0,0.0
0.5,0.5,0.0,0.0
0.037560627690407467,0.9624393723095925,0.0,0.0
0.17765344386061893,0.8223465561393811,0.0,0.0
0.5,0.5,0.0,0.0
0.5,0.5,0.0,0.0
0.5,0.5,0.0,0.0
0.9001656161752986,0.0998343838247015,0.0,0.0
0.5,0.5,0.0,0.0
0.5,0.5,0.0,0.0
0.5,0.5,0.0,0.0
0.0,0.5,0.5,0.0
0.5,0.5,0.0,0.0
0.3333333333333333,0.3333333333333333,0.3333333333333333,0.0
0.5,0.0,0.5,0.0
0.5,0.5,0.0,0.0
0.0,0.5,0.5,0.0
0.3333333333333333,0.3333333333333333,0.3333333333333333,0.0
0.0,0.5,0.5,0.0
0.5,0.0,0.5,0.0
0.18839097256019524,0.6232180548796095,0.18839097256019524,0.0
0.3333333333333333,0.3333333333333333,0.3333333333333333,0.0
0.5,0.0,0.5,0.0
0.5,0.0,0.5,0.0
0.11571325763760601,0.768573484724788,0.11571325763760601,0.0
0.5,0.0,0.5,0.0
0.5,0.5,0.0,0.0
0.5,0.5,0.0,0.0
0.33333333333333337,0.33333333333333337,0.33333333333333337,0.0
0.5,0.5,0.0,0.0
0.5,0.5,0.0,0.0
0.07695640651835418,0.9230435934816459,0.0,0.0
0.5,0.0,0.5,0.0
0.8836712244034132,0.11632877559658678,0.0,0.0
0.3333333333333333,0.3333333333333333,0.3333333333333333,0.0
0.0,0.5,0.5,0.0
0.5,0.5,0.0,0.0
0.5,0.0,0.0,0.5
0.0,0.5,0.5,0.0
0.5,0.5,0.0,0.0
0.0,0.5,0.0,0.5
0.5,0.5,0.0,0.0
0.25,0.25,0.25,0.25
0.33333333333333337,0.33333333333333337,0.0,0.33333333333333337
0.0,0.5,0.0,0.5
0.3333333333333333,0.3333333333333333,0.3333333333333333,0.0
0.0,0.7550269169331522,0.24497308306684787,0.0
0.23282923111156606,0.5343415377768679,0.23282923111156606,0.0
0.0,0.20311372147041243,0.0,0.7968862785295876
0.5,0.5,0.0,0.0
0.0,0.0,0.06581496655084292,0.9341850334491572
0.0,0.0,0.5,0.5
0.0,0.0,0.5,0.5
0.5,0.5,0.0,0.0
0.11017476968209088,0.8898252303179092,0.0,0.0
0.5,0.5,0.0,0.0
0.4223747851133027,0.5776252148866973,0.0,0.0
0.5,0.5,0.0,0.0
0.3333333333333333,0.3333333333333333,0.3333333333333333,0.0
0.32947930525770497,0.0490229834625016,0.0,0.6214977112797934
0.5,0.5,0.0,0.0
0.0,0.33333333333333337,0.33333333333333337,0.33333333333333326
0.0,0.0,0.5,0.5
0.5,0.5,0.0,0.0
0.5,0.0,0.5,0.0
0.0,0.5,0.0,0.5
0.0,0.0,0.5,0.5
0.0,0.13397035313863526,0.8660296468613647,0.0
0.09918665501792058,0.4504066724910397,0.0,0.4504066724910397
0.5,0.5,0.0,0.0
0.0,0.0,0.5,0.5
0.5,0.0,0.5,0.0
0.2500000000000001,0.25,0.25,0.25
0.5,0.0,0.5,0.0
0.0,0.07188381748629775,0.0,0.9281161825137023
0.0,0.0,0.5,0.5
0.5,0.5,0.0,0.0
0.5,0.5,0.0,0.0
0.5,0.5,0.0,0.0
0.0,0.5,0.5,0.0
0.5,0.0,0.0,0.5
0.5,0.5,0.0,0.0
0.5,0.5,0.0,0.0
0.5,0.5,0.0,0.0
0.5,0.5,0.0,0.0
0.5,0.5,0.0,0.0
0.5,0.5,0.0,0.0
0.5,0.5,0.0,0.0
0.5,0.5,0.0,0.0
0.5,0.5,0.0,0.0
0.5,0.5,0.0,0.0
0.5,0.5,0.0,0.0
0.5,0.5,0.0,0.0
0.5,0.5,0.0,0.0
0.5,0.5,0.0,0.0
0.5,0.5,0.0,0.0
0.5,0.5,0.0,0.0
0.5,0.5,0.0,0.0
0.5,0.5,0.0,0.0
0.5,0.5,0.0,0.0
0.5,0.5,0.0,0.0
0.5,0.5,0.0,0.0
0.5,0.5,0.0,0.0
0.9395569838981501,0.060443016101849795,0.0,0.0
0.5,0.5,0.0,0.0
0.5,0.5,0.0,0.0
0.5,0.5,0.0,0.0
0.3333333333333333,0.3333333333333333,0.3333333333333333,0.0
0.5,0.5,0.0,0.0
0.4894620340333765,0.5105379659666234,0.0,0.0
0.0,0.5,0.5,0.0
0.5,0.5,0.0,0.0
0.5,0.0,0.5,0.0
0.3333333333333333,0.3333333333333333,0.3333333333333333,0.0
0.5,0.5,0.0,0.0
0.3333333333333333,0.3333333333333333,0.3333333333333333,0.0
0.0,0.5,0.5,0.0
0.5,0.5,0.0,0.0
0.5,0.5,0.0,0.0
0.5,0.5,0.0,0.0
0.0,0.5,0.5,0.0
0.3333333333333333,0.3333333333333333,0.3333333333333333,0.0
0.0,0.5,0.5,0.0
0.5751442693745191,0.21242786531274047,0.21242786531274047,0.0
0.1962534136497267,0.6074931727005467,0.1962534136497267,0.0
0.5,0.5,0.0,0.0
0.5,0.5,0.0,0.0
0.5,0.5,0.0,0.0
0.5,0.5,0.0,0.0
0.5,0.3319684040754481,0.16803159592455186,0.0
0.9766959950426601,0.02330400495733986,0.0,0.0
