---flow allocation with alpha---
0.01009045
0.016083284
0.004103496
0.011480934
0.016668623
0.015376148000000001
0.0021046686000000003
0.018939039999999997
0.00524656
0.009487615
0.004511612999999999
0.00797732
0.011584917
0.0034694842999999998
0.002649601
0.003282372
0.016557918999999997
0.0012808461
0.0030140327999999997
0.0008399222
0.0058644733
0.016146286
0.0009456861
0.016756878
0.00019592014999999998
0.0067702985
0.016713232
0.019798689
0.013675094
0.012520397
0.0032303002
0.00047584146
0.011388009000000001
0.018102072
0.0018143872
0.015779889000000002
0.0061222177
0.013355349
0.006276362
0.019677958
0.0057492085
0.00087943333
0.015838009
0.0055327263000000005
0.016524517
0.014990778
0.005355213
0.0016365281
0.0078628955
0.005242378999999999
0.003792023
0.0076444664
1.8787095e-5
0.011123913
0.0067417912
0.00938504
0.009570324
0.018373463
0.0085138855
0.0015129049000000001
0.005732813400000001
0.0016908405
0.004562667
0.018190612999999998
0.009024751000000001
0.0034765937
0.011759207
0.006945347
0.011186119
0.014849316999999999
0.011939418
0.0028136603999999996
0.019902654999999998
0.015286659000000001
0.0018417679
0.00047746807000000004
0.013588606
0.0019027606999999999
0.010866165
0.0005711363000000001
0.017828458999999998
0.0027220535
0.013458434
0.005754241
0.004032311
0.0017308213
0.00285762
0.01387138
0.016735693000000003
0.017307257
0.00018614016
0.0029476399999999996
0.008072666999999999
0.00401222
0.019059599
0.0071267037000000005
0.0038111975
0.009024855
0.007002925399999999
0.015615843999999999
0.0060910444000000005
0.014049869
0.009165010000000001
0.008035119
0.014785503
0.0064736004
0.012500907
0.008464138
0.00982486
0.0040162077
0.015223704
0.004338328
0.015521604
0.010230354
0.010906839
0.012498148
0.012952019
0.00054688466
0.001531258
0.0031908753000000002
0.004525112
0.008167732
0.019665518
0.0034256525
0.016038944
0.0040812984
0.007806803
0.010253436000000001
0.014468982
0.019367672
0.01208312
0.00535525
0.014897140500000001
0.008726935
0.013620992
0.0193703
0.012368613
0.0029919120000000002
0.019718997999999998
0.009297041
0.006432141299999999
0.011658634
0.015395671
0.014183916
0.019427412
0.007509758
0.0018514245000000001
0.017522504999999997
0.001619573
0.00034644958
0.0027741137
0.011657299
0.0023848707999999997
0.0048000526
0.014755865
0.010232298999999999
0.002054014
0.001290532
0.016852182
0.01024342
0.015913916
0.011955107999999999
0.00703842
0.016714018
0.0014537767
0.011403065
0.015559749999999999
0.01845853
0.0030144458
0.0060606194
0.011448204
0.0057456569999999995
0.006529409399999999
0.015485806
0.0068988357000000005
0.012291198
0.018012526
0.011696234
0.0021402133000000003
0.0029954352000000004
0.00741934
0.0021443067
0.010058161
0.004939245
0.017269563999999998
0.004840768
0.0035319683999999996
0.0007410934
0.006468489
0.0008518393
0.00010789783
0.012725524
0.014984983
0.0018996173999999998
0.014414605
0.012862615999999999
0.008805959
0.0015368028
0.015513208
0.015119712
0.019640465
0.018769505
0.008474819
0.0035284328
0.0044218183
0.010240581
0.014718281
0.017822565000000002
0.018105965
0.015896611
0.008269126
0.00014813691000000002
0.012733714
0.014947162
0.0006624046
0.017326526999999998
0.002239324
0.011982284999999999
0.009437327
0.014717517000000001
0.0041605389999999996
0.010443600999999999
0.0074464810000000005
0.004118959
0.0017238103
0.0035573277
0.009542528000000002
0.018197395
0.013629262000000001
0.014215021999999999
0.009162438
0.013601105
0.0037058957
0.013638372999999999
0.018064302
0.011716698
0.015933958
0.0012723608
0.017813818000000002
0.01573672
0.010946189
4.3940857e-5
0.014319451
0.015736221
0.008797207
0.0023474312
0.0012499058
0.008894761000000001
0.0077996129999999995
0.006235025
0.008323177
0.019199667
0.018204401000000002
0.014654026
0.0005057858
0.017725117000000002
0.0072354216999999995
0.008179494999999998
0.018512558
0.015609965
0.006997009
0.00060712516
0.0151787815
0.006627074
0.011213905
0.011430483
0.015607282
0.013175154
0.007145146999999999
0.014966100000000001
0.0067464136999999995
0.0063485155000000005
0.011790541
0.0044606360000000005
0.015946916
0.0016467453000000001
0.0030709224000000004
0.014685795
0.0018109367
0.018283736999999998
0.0003671682
0.018831087
0.016237928
0.01950807
0.009679632
0.012642799
0.017667973
0.013840116
0.011222113
0.010936926
0.01816322
0.005048384
0.019730875000000002
0.013023251
0.0013755552
0.00074357706
0.005306015999999999
0.014524321
0.010048106000000001
0.014425499999999999
0.011899416999999999
0.0052654715000000005
0.0013734082
0.011737545
0.0028000539999999997
0.0036202457
0.0018022571
0.0027300040000000003
0.0052992787
0.0068759475
0.0038167543
0.019445953
0.015075286
0.013387254999999999
0.0018250397000000001
0.017881348
0.010974035
0.008414524
0.005551179000000001
0.01230849
0.0145758095
0.014700243
0.019170532
0.018656292
0.019173107
0.010549861999999998
0.009484549
0.015361649
0.017933690999999998
0.010836152
0.012384555
0.017349255
0.013935836
0.014905291999999999
0.012245113
0.0016731844
0.012981666000000001
0.012195434
0.012586321999999999
0.016855078
0.00936701
0.008680835
0.0061629763
0.002126379
0.0038593395
0.009765026999999999
0.006038435
0.010686368
0.012365236
0.0012685841
0.00995881
0.0041669292
0.005953946
0.0058088064
0.010388422
0.017076360000000002
0.01358503
0.0015324873
0.0005680815599999999
0.014481744000000001
0.00052576005
0.004003236
0.016773811
0.00086577225
0.0024042904
0.010786899
0.0058310285
0.0005297030000000001
0.006259568
0.00081838334
0.010813884
0.006847050699999999
0.009890860999999999
0.016895617
0.013724979
0.017420727
0.014794356
0.004112429999999999
0.013221413
0.008772183999999999
0.018218391
0.018231075
0.014027617
0.014349196
0.0019839171
0.014899998
0.019907408
0.0042353354
0.005965969000000001
0.0079701934
0.018594635
0.0022816136
0.017647787
0.008228404
0.010723839
0.008218175000000001
0.012003365
0.018472406
0.0037486103
0.012374577999999999
0.0016972111000000002
0.014888794
0.00016997298999999998
0.014222588999999999
0.018958853
0.0036294322
0.018534273
0.014129797999999999
0.010930602000000001
0.018673233
0.0018260430999999999
0.014576625999999999
0.005916141
0.007585154
0.011767668
0.017009588
0.010800269999999999
0.0060331516
0.00834637
0.00014214861
0.013147611
0.012457254000000001
0.017904928
0.0038696213
0.0030099683
0.0035442076
0.0065186796
0.007212589300000001
0.009413886
0.018283327
0.0090211
0.013322449
0.0070521126
0.018036026
0.00058077824
0.014975002
0.00782788
0.0068513246
0.009479084
0.019543213
0.017004623
0.011467565
0.01106571
0.0027554889
0.012867637999999999
0.0075244827
0.014498046
0.014125768
0.012816777
0.018454889999999998
0.0001694842
0.007168255
0.01212613
0.007335273
0.0041797113000000006
0.017361479
0.00668787
0.00916839
0.007176043
0.014143348
0.019481464
0.015208753
0.01876481
0.008099239000000001
0.0053426366
0.015514105
0.006478790799999999
0.0017685819
0.007393328
0.0050865793000000005
0.019413147
0.013776128
0.018852613
0.010517148
0.017989704
0.015108711
0.010341402999999999
0.011180672
0.019560406
0.006941904499999999
0.0028690987
0.001988873
0.0029446132
0.008208205
0.003773489
0.0024480317
0.005825215
0.0057436986
0.002032978
0.019534744
0.009602783
0.004380173
0.01340833
0.0018782687
0.0005274616
0.012656057
0.010167641
0.017112053
0.008118155
0.0068424487
0.018216862
0.0076465926
0.0013324202
0.011839776
0.01654111
0.017689293
0.013632601
0.019458258
0.009296134000000001
0.017366495
0.008718992
0.0077841635
0.0045223584
0.0020395663
0.004898692
0.009729691
0.006502193
0.0042253466
0.0052696366000000005
0.005313352
0.017723848
0.0007166348
0.0028805792
0.004673106
0.010605037
0.016975319
0.0036873386
0.0017377707
0.0026698358
0.009793122
0.015770856
0.01944682
0.005058709000000001
0.008870107
0.01204509
0.0044451080000000006
0.009522240999999999
0.01242197
0.0120014105
0.016726679
0.013617281
0.012844212
0.01625126
0.0013297501
0.0046645575
0.010575968
0.017846464
0.0005187111
0.013524523
0.009951827
0.004403855
0.013936315999999999
0.0040437922
0.016421144000000002
0.009192862999999999
0.016333711999999997
0.012778316
0.016275465
0.0065158740000000005
0.0127793865
0.013838862
0.015002146
0.013751648
0.00098814607
0.009796674
0.017621084
0.0065694813999999995
0.016799076
2.0770437999999997e-5
0.009151697
0.016885063
0.018740545
0.017876469
0.0027934308
0.009176397
0.002752324
0.016403221
0.0005502801
0.01121158
0.0013507615
0.00035235128
0.011113301999999999
0.010617065
0.016864508
0.0011375633
0.007580763
0.016655722
0.011334308999999999
0.015803712
0.0063353260000000005
0.015975683
0.017729979
0.012402111
0.013409974
0.0039533992
0.0026401873
0.001952894
0.010895079
0.019139134999999998
0.0050649414
---weights per flow tunnel---
0.09236687939883077,0.9076331206011692,0.0,0.0
0.0,0.5,0.0,0.5
0.25,0.25,0.25,0.25
0.5,0.5,0.0,0.0
0.0,0.5,0.0,0.5
0.0,0.0,0.02826482591980914,0.9717351740801909
0.0,0.3333333333333333,0.3333333333333333,0.3333333333333333
0.0,0.0,0.05356354505902197,0.946436454940978
0.0,0.5,0.0,0.5
0.5,0.0,0.5,0.0
0.0,0.3333333333333333,0.3333333333333333,0.3333333333333333
0.3333333333333333,0.3333333333333333,0.3333333333333333,0.0
0.0,0.0,0.05579778305288218,0.9442022169471178
0.0,0.5,0.5,0.0
0.0,0.3333333333333333,0.3333333333333333,0.3333333333333333
0.0,0.33333333333333337,0.33333333333333337,0.33333333333333337
0.0,0.3333333333333333,0.3333333333333333,0.3333333333333333
0.5,0.5,0.0,0.0
0.5,0.5,0.0,0.0
0.5,0.0,0.5,0.0
0.0,0.3333333333333333,0.3333333333333333,0.3333333333333333
0.25,0.25,0.25,0.25
0.5,0.5,0.0,0.0
0.5,0.0,0.5,0.0
0.5,0.5,0.0,0.0
0.5,0.5,0.0,0.0
0.5,0.5,0.0,0.0
0.9101455402400855,0.08985445975991446,0.0,0.0
0.5804826040295678,0.4195173959704323,0.0,0.0
0.027078040961745174,0.9729219590382547,0.0,0.0
0.5,0.5,0.0,0.0
0.5,0.5,0.0,0.0
0.5,0.5,0.0,0.0
0.5,0.5,0.0,0.0
0.5,0.5,0.0,0.0
0.5,0.5,0.0,0.0
0.5,0.5,0.0,0.0
0.5,0.5,0.0,0.0
0.5,0.5,0.0,0.0
0.9304613766522748,0.06953862334772527,0.0,0.0
0.5,0.5,0.0,0.0
0.5,0.5,0.0,0.0
0.5,0.5,0.0,0.0
0.5,0.5,0.0,0.0
0.5,0.5,0.0,0.0
0.5,0.5,0.0,0.0
0.5,0.5,0.0,0.0
0.5,0.5,0.0,0.0
0.0,0.5,0.0,0.5
0.5,0.5,0.0,0.0
0.0,0.0,0.5,0.5
0.5,0.5,0.0,0.0
0.3333333333333333,0.3333333333333333,0.0,0.3333333333333333
0.0,0.5,0.0,0.5
0.0,0.5,0.0,0.5
0.20000000000000004,0.39999999999999986,0.20000000000000004,0.20000000000000004
0.0,0.0,0.5,0.5
0.0,0.5,0.5,0.0
0.0,0.0,0.5,0.5
0.0,0.5,0.5,0.0
0.0,0.0,0.5,0.5
0.0,0.5,0.5,0.0
0.0,0.5,0.5,0.0
0.0,0.0,0.5,0.5
0.0,0.048578433283311524,0.0,0.9514215667166885
0.5,0.5,0.0,0.0
0.5,0.5,0.0,0.0
0.0,0.5,0.5,0.0
0.0,0.8798852527644206,0.060057373617789685,0.060057373617789685
0.0,0.0,0.8140023309419846,0.18599766905801543
0.8922569442181907,0.10774305578180934,0.0,0.0
0.5,0.0,0.5,0.0
0.3333333333333333,0.3333333333333333,0.0,0.3333333333333333
0.8092982479455798,0.1907017520544202,0.0,0.0
0.0,0.3333333333333333,0.3333333333333333,0.3333333333333333
0.5,0.5,0.0,0.0
0.3084388221305084,0.19156117786949153,0.3084388221305084,0.19156117786949156
0.0,0.3333333333333333,0.3333333333333333,0.3333333333333333
0.0,0.0306291656630598,0.9387416686738805,0.0306291656630598
0.0,0.3333333333333333,0.3333333333333333,0.3333333333333333
0.0,0.5,0.0,0.5
0.3333333333333333,0.3333333333333333,0.3333333333333333,0.0
0.3333333333333333,0.3333333333333333,0.0,0.3333333333333333
0.3333333333333333,0.3333333333333333,0.3333333333333333,0.0
0.5,0.0,0.5,0.0
0.3333333333333333,0.3333333333333333,0.3333333333333333,0.0
0.0,0.3333333333333333,0.3333333333333333,0.3333333333333333
0.0,0.8115039406661342,0.09424802966693296,0.09424802966693296
0.25,0.25,0.25,0.25
0.5,0.5,0.0,0.0
0.5,0.5,0.0,0.0
0.5,0.0,0.5,0.0
0.0,0.3333333333333333,0.3333333333333333,0.3333333333333333
0.0,0.5,0.5,0.0
0.5,0.5,0.0,0.0
0.5,0.0,0.5,0.0
0.5,0.5,0.0,0.0
0.5,0.5,0.0,0.0
0.5,0.5,0.0,0.0
0.7740668613182579,0.2259331386817421,0.0,0.0
1.0,0.0,0.0,0.0
0.5,0.5,0.0,0.0
0.5,0.5,0.0,0.0
0.5,0.5,0.0,0.0
0.8209866165994884,0.17901338340051157,0.0,0.0
0.5,0.5,0.0,0.0
0.2768466592377922,0.7231533407622078,0.0,0.0
0.5,0.5,0.0,0.0
0.5,0.5,0.0,0.0
0.5,0.5,0.0,0.0
0.5,0.5,0.0,0.0
0.5,0.5,0.0,0.0
0.5,0.5,0.0,0.0
0.5,0.5,0.0,0.0
0.5,0.5,0.0,0.0
0.5,0.5,0.0,0.0
0.5,0.5,0.0,0.0
0.5,0.5,0.0,0.0
0.5,0.5,0.0,0.0
0.5,0.5,0.0,0.0
0.0,0.33333333333333337,0.33333333333333337,0.33333333333333337
0.5,0.5,0.0,0.0
0.3333333333333333,0.3333333333333333,0.0,0.3333333333333333
0.0,0.33333333333333337,0.33333333333333337,0.33333333333333337
1.0,0.0,0.0,0.0
0.0,0.0,0.5,0.5
0.0,0.5,0.5,0.0
0.0,0.5,0.0,0.5
0.3333333333333333,0.0,0.3333333333333333,0.3333333333333333
0.5,0.5,0.0,0.0
0.07595306212341962,0.07595306212341962,0.0,0.8480938757531608
0.5,0.5,0.0,0.0
0.0,0.0,0.07739526328867742,0.9226047367113226
0.5,0.5,0.0,0.0
0.0,0.06887916654095949,0.9311208334590405,0.0
0.25,0.25,0.25,0.25
0.8682584626719926,0.0,0.0658707686640037,0.0658707686640037
0.5,0.5,0.0,0.0
0.1153642133624696,0.8846357866375305,0.0,0.0
0.5,0.0,0.5,0.0
0.0,0.3333333333333333,0.3333333333333333,0.3333333333333333
0.0,0.33333333333333337,0.33333333333333337,0.33333333333333337
0.5,0.5,0.0,0.0
0.33333333333333337,0.33333333333333337,0.33333333333333337,0.0
0.03478146237939771,0.0,0.0,0.9652185376206024
0.5,0.5,0.0,0.0
0.0,0.33333333333333337,0.33333333333333337,0.33333333333333337
0.0,0.3333333333333333,0.3333333333333333,0.3333333333333333
0.5,0.5,0.0,0.0
0.5,0.0,0.0,0.5
0.0,0.0,0.5,0.5
0.5,0.0,0.5,0.0
0.0,0.5,0.5,0.0
0.5,0.5,0.0,0.0
0.07896723262448328,0.0,0.0,0.9210327673755166
0.5,0.5,0.0,0.0
0.0,0.0,0.5,0.5
0.0,0.5,0.5,0.0
0.25,0.25,0.25,0.25
0.25,0.25,0.25,0.25
0.25,0.25,0.25,0.25
0.9756460176083482,0.024353982391651798,0.0,0.0
0.5,0.5,0.0,0.0
0.5,0.5,0.0,0.0
0.0,0.5,0.0,0.5
0.25,0.25,0.25,0.25
0.5,0.5,0.0,0.0
0.3333333333333333,0.3333333333333333,0.3333333333333333,0.0
0.0,0.5,0.5,0.0
0.5,0.5,0.0,0.0
0.33333333333333337,0.33333333333333337,0.33333333333333337,0.0
0.0,0.33333333333333337,0.33333333333333337,0.33333333333333337
0.5,0.5,0.0,0.0
0.0,0.8479929512672354,0.0,0.15200704873276458
0.0,0.0,0.5,0.5
0.0,0.5,0.5,0.0
0.0,0.5,0.5,0.0
0.5,0.0,0.5,0.0
0.0,0.5,0.0,0.5
0.5,0.5,0.0,0.0
0.0,0.0,0.5,0.5
0.5,0.0,0.5,0.0
0.0,0.3333333333333333,0.3333333333333333,0.3333333333333333
0.0,0.5,0.0,0.5
0.0,0.0,0.5,0.5
0.5,0.5,0.0,0.0
0.5,0.5,0.0,0.0
0.5,0.0,0.5,0.0
0.0,0.33333333333333337,0.33333333333333337,0.33333333333333337
0.0,0.5,0.5,0.0
0.5,0.5,0.0,0.0
0.034593241633733146,0.0,0.9654067583662669,0.0
0.024577342657857885,0.024577342657857885,0.0,0.9508453146842842
0.5,0.5,0.0,0.0
0.0,0.24950345072278385,0.0,0.7504965492772162
0.5,0.0,0.0,0.5
0.5,0.5,0.0,0.0
0.0,0.5,0.0,0.5
0.5,0.0,0.5,0.0
0.1299794128955319,0.8700205871044682,0.0,0.0
0.39999999999999997,0.2,0.2,0.2
0.3333333333333333,0.3333333333333333,0.3333333333333333,0.0
0.0,0.5,0.0,0.5
0.0,0.5,0.5,0.0
0.0,0.0,0.5,0.5
0.0,0.5,0.5,0.0
0.09173900207709756,0.0,0.09173900207709756,0.8165219958458049
0.0,0.3333333333333333,0.3333333333333333,0.3333333333333333
0.25,0.25,0.25,0.25
0.5,0.5,0.0,0.0
0.5,0.5,0.0,0.0
0.5,0.0,0.5,0.0
0.0,0.3333333333333333,0.3333333333333333,0.3333333333333333
0.5,0.0,0.5,0.0
0.5,0.5,0.0,0.0
0.5,0.0,0.5,0.0
0.0,0.0,0.5,0.5
0.5,0.5,0.0,0.0
0.0,0.0,0.5,0.5
0.0,0.0,0.7978424366572934,0.20215756334270663
0.5,0.5,0.0,0.0
0.0,0.0,0.5,0.5
0.0,0.5,0.5,0.0
0.0,0.5,0.5,0.0
0.0,0.3333333333333333,0.3333333333333333,0.3333333333333333
0.5,0.5,0.0,0.0
0.0,0.5,0.0,0.5
0.0,0.5,0.5,0.0
0.0,0.027208480593795496,0.027208480593795496,0.945583038812409
0.04995614338129077,0.0,0.9500438566187092,0.0
0.25,0.25,0.25,0.25
0.0,0.0,0.5,0.5
0.0,0.3333333333333333,0.3333333333333333,0.3333333333333333
0.5458637791815978,0.4541362208184022,0.0,0.0
0.5,0.5,0.0,0.0
0.0,0.5,0.5,0.0
0.0,0.3333333333333333,0.3333333333333333,0.3333333333333333
0.0,0.3333333333333333,0.3333333333333333,0.3333333333333333
0.5,0.5,0.0,0.0
0.5,0.5,0.0,0.0
0.33333333333333337,0.33333333333333337,0.33333333333333337,0.0
0.5,0.5,0.0,0.0
0.5,0.5,0.0,0.0
0.3333333333333333,0.3333333333333333,0.3333333333333333,0.0
0.5,0.5,0.0,0.0
0.5,0.5,0.0,0.0
0.5,0.5,0.0,0.0
0.0,0.9824689212431641,0.017531078756835863,0.0
0.33333333333333337,0.33333333333333337,0.33333333333333337,0.0
0.0,0.5,0.5,0.0
0.0,0.5,0.5,0.0
0.33333333333333337,0.33333333333333337,0.33333333333333337,0.0
0.3333333333333333,0.3333333333333333,0.3333333333333333,0.0
0.0,0.9647058998919227,0.035294100108077334,0.0
0.5,0.0,0.5,0.0
0.0,0.5,0.5,0.0
0.5,0.5,0.0,0.0
0.5,0.5,0.0,0.0
0.5,0.5,0.0,0.0
0.0,0.4715260909865889,0.5284739090134111,0.0
0.3333333333333333,0.3333333333333333,0.3333333333333333,0.0
0.5,0.5,0.0,0.0
0.6223118751705372,0.3776881248294628,0.0,0.0
0.5,0.5,0.0,0.0
0.3333333333333333,0.3333333333333333,0.3333333333333333,0.0
0.5,0.5,0.0,0.0
0.0,0.9061420401366043,0.0,0.09385795986339579
0.25,0.25,0.25,0.25
0.5,0.5,0.0,0.0
0.12997502345138304,0.870024976548617,0.0,0.0
0.0,0.5,0.0,0.5
0.0,0.5,0.0,0.5
0.0,0.049979019791261126,0.9000419604174779,0.049979019791261126
0.0,0.5,0.0,0.5
0.3333333333333333,0.3333333333333333,0.3333333333333333,0.0
0.5,0.0,0.5,0.0
0.0,0.5,0.0,0.5
0.0,0.47164884853645955,0.5283511514635404,0.0
0.0,0.0,0.5,0.5
0.0,0.3333333333333333,0.3333333333333333,0.3333333333333333
0.0,0.5,0.0,0.5
0.5,0.5,0.0,0.0
0.5,0.5,0.0,0.0
0.0,0.5,0.5,0.0
0.25,0.25,0.25,0.25
0.0,0.5,0.5,0.0
0.5,0.5,0.0,0.0
0.5,0.0,0.5,0.0
0.0,0.5,0.5,0.0
0.5,0.5,0.0,0.0
0.0,0.5,0.5,0.0
0.3333333333333333,0.3333333333333333,0.3333333333333333,0.0
0.5,0.5,0.0,0.0
0.9328928315321134,0.06710716846788652,0.0,0.0
0.3333333333333333,0.3333333333333333,0.3333333333333333,0.0
0.5,0.5,0.0,0.0
0.5,0.0,0.5,0.0
0.5,0.5,0.0,0.0
0.3333333333333333,0.3333333333333333,0.3333333333333333,0.0
0.06128617083175873,0.9387138291682412,0.0,0.0
0.0,0.5,0.5,0.0
0.5,0.0,0.5,0.0
0.5,0.0,0.5,0.0
0.5,0.0,0.5,0.0
0.5,0.0,0.5,0.0
0.5,0.5,0.0,0.0
0.5,0.5,0.0,0.0
0.0,0.5,0.5,0.0
0.5,0.0,0.5,0.0
0.0,0.5,0.5,0.0
0.5,0.5,0.0,0.0
0.5,0.0,0.5,0.0
0.0,0.0,0.5,0.5
0.5,0.5,0.0,0.0
0.0,0.0,0.5,0.5
0.5,0.0,0.5,0.0
0.051752797375000034,0.948247202625,0.0,0.0
0.0,0.0,0.5,0.5
0.0,0.0,0.5,0.5
0.5,0.0,0.0,0.5
0.0,0.0,0.5,0.5
0.0,0.42827030866956256,0.2858648456652187,0.2858648456652187
0.0,0.5,0.5,0.0
0.0,0.5,0.0,0.5
0.3333333333333333,0.3333333333333333,0.3333333333333333,0.0
0.33333333333333337,0.33333333333333337,0.33333333333333337,0.0
0.0,0.0,0.5,0.5
0.0,0.9107446862823866,0.08925531371761336,0.0
0.0,0.5,0.5,0.0
0.5,0.5,0.0,0.0
0.5,0.5,0.0,0.0
0.5,0.0,0.5,0.0
0.0,0.02647574097512173,0.0,0.9735242590248782
0.5,0.0,0.0,0.5
0.5,0.5,0.0,0.0
0.0,0.5,0.5,0.0
0.5,0.5,0.0,0.0
0.5,0.5,0.0,0.0
0.0,0.5,0.5,0.0
0.3333333333333333,0.3333333333333333,0.3333333333333333,0.0
0.5,0.5,0.0,0.0
0.5,0.5,0.0,0.0
0.5,0.0,0.5,0.0
0.0,0.5,0.5,0.0
0.3333333333333333,0.3333333333333333,0.3333333333333333,0.0
0.5,0.0,0.5,0.0
0.0,0.5,0.5,0.0
0.0,0.935466338993598,0.06453366100640201,0.0
0.5,0.0,0.5,0.0
0.0,0.5,0.5,0.0
0.0842959073326527,0.0,0.9157040926673473,0.0
0.0,0.5,0.5,0.0
0.0,0.5,0.5,0.0
0.5,0.5,0.0,0.0
0.5,0.5,0.0,0.0
0.0,0.5,0.5,0.0
0.04295878152962416,0.04295878152962416,0.9140824369407516,0.0
0.0,0.5,0.5,0.0
0.5,0.5,0.0,0.0
0.717687362891583,0.0,0.2823126371084169,0.0
0.0,0.5,0.5,0.0
0.5,0.5,0.0,0.0
0.0,0.5,0.5,0.0
0.0,0.33333333333333337,0.33333333333333337,0.33333333333333337
0.5,0.5,0.0,0.0
0.25,0.25,0.25,0.25
0.0,0.33333333333333337,0.33333333333333337,0.33333333333333337
0.0,0.3333333333333333,0.3333333333333333,0.3333333333333333
0.0,0.3333333333333333,0.3333333333333333,0.3333333333333333
0.0,0.5,0.0,0.5
0.0,0.5,0.5,0.0
0.0,0.5,0.0,0.5
0.5,0.0,0.5,0.0
0.0,0.0,0.5,0.5
0.5,0.5,0.0,0.0
0.0,0.0,0.5,0.5
0.0,0.0,0.5,0.5
0.5,0.5,0.0,0.0
0.5787063230011475,0.4212936769988525,0.0,0.0
0.5,0.0,0.5,0.0
0.0,0.0,0.5,0.5
0.0,0.043839272296592006,0.9123214554068161,0.043839272296592006
0.05392442714618212,0.9460755728538179,0.0,0.0
0.12071199359453672,0.8792880064054633,0.0,0.0
0.0,0.5,0.5,0.0
0.18641734526985884,0.8135826547301411,0.0,0.0
0.3333333333333333,0.0,0.3333333333333333,0.3333333333333333
0.0,0.0,0.5,0.5
0.5,0.5,0.0,0.0
0.0,0.0,0.5,0.5
0.0,0.5,0.5,0.0
0.5,0.0,0.0,0.5
0.0,0.5,0.5,0.0
0.0,0.0,0.5,0.5
0.06870951201602066,0.8625809759679586,0.06870951201602066,0.0
0.0,0.5,0.0,0.5
0.0,0.5,0.5,0.0
0.3333333333333333,0.0,0.3333333333333333,0.3333333333333333
0.0,0.5,0.5,0.0
0.9792646755068121,0.0,0.020735324493187983,0.0
0.0,0.0,0.5,0.5
0.3970325711732038,0.6029674288267961,0.0,0.0
0.5,0.5,0.0,0.0
0.0,0.9563813323523107,0.04361866764768931,0.0
0.0,0.3333333333333333,0.3333333333333333,0.3333333333333333
0.0,0.5,0.5,0.0
0.5,0.5,0.0,0.0
0.8916589521877831,0.10834104781221689,0.0,0.0
0.3333333333333333,0.0,0.3333333333333333,0.3333333333333333
0.5,0.5,0.0,0.0
0.0,0.0,0.5,0.5
0.0,0.378269630187222,0.6217303698127781,0.0
0.5,0.5,0.0,0.0
0.0,0.3333333333333333,0.3333333333333333,0.3333333333333333
0.0,0.16834645816541852,0.16834645816541852,0.6633070836691629
0.08821838924023162,0.0,0.5,0.4117816107597683
0.012592108744738255,0.012592108744738255,0.012592108744738255,0.9622236737657853
0.0,0.5,0.0,0.5
0.5,0.5,0.0,0.0
0.0,0.3333333333333333,0.3333333333333333,0.3333333333333333
0.5,0.0,0.5,0.0
0.0,0.9488200102966055,0.0,0.051179989703394546
0.5,0.0,0.5,0.0
0.0,0.0,0.5,0.5
0.0,0.0,0.5,0.5
0.5,0.5,0.0,0.0
0.5,0.5,0.0,0.0
0.5,0.0,0.5,0.0
0.25,0.25,0.25,0.25
0.19999999999999996,0.4,0.20000000000000007,0.19999999999999996
0.5,0.5,0.0,0.0
0.4014028311477285,0.0,0.5985971688522715,0.0
0.5,0.5,0.0,0.0
0.5,0.5,0.0,0.0
0.5,0.5,0.0,0.0
0.0687793341119585,0.9312206658880415,0.0,0.0
0.5,0.5,0.0,0.0
0.5,0.5,0.0,0.0
0.06355909127134454,0.9364409087286555,0.0,0.0
0.5,0.5,0.0,0.0
0.5,0.5,0.0,0.0
0.5,0.5,0.0,0.0
0.5,0.5,0.0,0.0
0.5,0.5,0.0,0.0
0.19893513407365357,0.8010648659263464,0.0,0.0
0.5,0.5,0.0,0.0
0.5,0.5,0.0,0.0
0.9344962171213862,0.06550378287861375,0.0,0.0
0.023141378111854037,0.9768586218881459,0.0,0.0
0.5,0.5,0.0,0.0
0.5,0.5,0.0,0.0
0.5,0.5,0.0,0.0
0.5,0.5,0.0,0.0
0.5,0.5,0.0,0.0
0.5,0.5,0.0,0.0
0.5,0.5,0.0,0.0
0.5,0.5,0.0,0.0
0.5,0.5,0.0,0.0
0.5,0.5,0.0,0.0
0.5,0.5,0.0,0.0
0.5,0.5,0.0,0.0
0.5,0.5,0.0,0.0
0.5,0.5,0.0,0.0
0.5,0.5,0.0,0.0
0.5,0.5,0.0,0.0
0.04868294815270044,0.9513170518472995,0.0,0.0
0.5,0.5,0.0,0.0
0.5,0.5,0.0,0.0
0.5,0.5,0.0,0.0
0.5,0.5,0.0,0.0
0.5,0.5,0.0,0.0
0.5,0.5,0.0,0.0
0.5,0.5,0.0,0.0
0.5,0.5,0.0,0.0
0.5,0.5,0.0,0.0
0.03457511719201321,0.9654248828079868,0.0,0.0
0.5,0.5,0.0,0.0
0.5,0.5,0.0,0.0
0.12092210659007438,0.8790778934099256,0.0,0.0
0.5,0.5,0.0,0.0
0.0,0.5,0.5,0.0
0.5,0.5,0.0,0.0
0.0,0.5,0.5,0.0
0.5,0.0,0.5,0.0
0.5,0.5,0.0,0.0
0.33333333333333337,0.33333333333333337,0.33333333333333337,0.0
0.5,0.0,0.5,0.0
0.0,0.5,0.5,0.0
0.5,0.0,0.5,0.0
0.03457028722834477,0.9654297127716552,0.0,0.0
0.0,0.5,0.5,0.0
0.5,0.0,0.5,0.0
0.0,0.2540873723209607,0.7459126276790393,0.0
0.5,0.0,0.5,0.0
0.5,0.0,0.5,0.0
0.7135039875926563,0.0,0.28649601240734374,0.0
0.5,0.0,0.5,0.0
0.5,0.0,0.5,0.0
0.5,0.5,0.0,0.0
0.5,0.5,0.0,0.0
0.5,0.5,0.0,0.0
0.5,0.0,0.5,0.0
0.5,0.5,0.0,0.0
0.0,0.8818305392196429,0.11816946078035709,0.0
0.25,0.25,0.25,0.25
0.5,0.5,0.0,0.0
0.0,0.023324712776200462,0.380166507836256,0.5965087793875437
0.0,0.3333333333333333,0.3333333333333333,0.3333333333333333
0.5,0.5,0.0,0.0
0.25,0.25,0.25,0.25
0.0,0.33333333333333337,0.33333333333333337,0.33333333333333337
0.0,0.3333333333333333,0.3333333333333333,0.3333333333333333
0.25,0.25,0.25,0.25
0.25,0.25,0.25,0.25
0.3333333333333333,0.3333333333333333,0.3333333333333333,0.0
0.25,0.25,0.25,0.25
0.0,0.5,0.5,0.0
0.3333333333333333,0.3333333333333333,0.3333333333333333,0.0
0.33333333333333337,0.33333333333333337,0.33333333333333337,0.0
0.0,0.0,0.5,0.5
0.025168348644126322,0.9496633027117473,0.0,0.025168348644126322
0.0,0.33333333333333337,0.33333333333333337,0.33333333333333337
0.5,0.5,0.0,0.0
0.5,0.5,0.0,0.0
0.06776926620734457,0.8644614675853107,0.06776926620734457,0.0
0.5,0.0,0.0,0.5
0.5,0.5,0.0,0.0
0.5,0.5,0.0,0.0
0.0,0.5,0.5,0.0
0.5,0.5,0.0,0.0
0.0,0.5,0.0,0.5
0.0,0.5,0.5,0.0
0.5,0.5,0.0,0.0
0.25,0.25,0.25,0.25
0.16658515196925427,0.8334148480307458,0.0,0.0
0.0,0.5,0.0,0.5
0.0,0.5,0.5,0.0
0.0,0.7954763459086879,0.0,0.2045236540913122
0.5,0.0,0.5,0.0
0.0,0.3333333333333333,0.3333333333333333,0.3333333333333333
0.0,0.9024547112220868,0.09754528877791314,0.0
0.0,0.5,0.5,0.0
0.0,0.5,0.5,0.0
0.0,0.3333333333333333,0.3333333333333333,0.3333333333333333
0.0,0.5,0.5,0.0
0.0,0.09947090287982525,0.9005290971201747,0.0
0.5,0.5,0.0,0.0
0.5,0.5,0.0,0.0
0.0,0.0787987052627888,0.9212012947372111,0.0
0.0,0.3333333333333333,0.3333333333333333,0.3333333333333333
0.5,0.5,0.0,0.0
0.0,0.5,0.5,0.0
0.5,0.5,0.0,0.0
0.5,0.5,0.0,0.0
0.5,0.5,0.0,0.0
0.5,0.5,0.0,0.0
0.5,0.5,0.0,0.0
0.5,0.5,0.0,0.0
0.5,0.5,0.0,0.0
0.5,0.5,0.0,0.0
0.18209385907323736,0.8179061409267626,0.0,0.0
0.5,0.5,0.0,0.0
0.9587999042981687,0.041200095701831266,0.0,0.0
0.5,0.5,0.0,0.0
0.5,0.5,0.0,0.0
0.5,0.5,0.0,0.0
0.5,0.5,0.0,0.0
0.5,0.5,0.0,0.0
0.5,0.5,0.0,0.0
0.5,0.5,0.0,0.0
0.5,0.5,0.0,0.0
0.5,0.5,0.0,0.0
0.5,0.5,0.0,0.0
0.5,0.5,0.0,0.0
0.5,0.5,0.0,0.0
0.5,0.5,0.0,0.0
0.3333333333333333,0.3333333333333333,0.3333333333333333,0.0
0.5,0.5,0.0,0.0
0.5,0.0,0.5,0.0
0.0,0.5,0.5,0.0
0.5,0.5,0.0,0.0
0.33333333333333337,0.33333333333333337,0.33333333333333337,0.0
0.5,0.0,0.5,0.0
0.0,0.5,0.5,0.0
0.5,0.0,0.5,0.0
0.5,0.5,0.0,0.0
0.9599971953059061,0.040002804694093994,0.0,0.0
0.5,0.5,0.0,0.0
0.3333333333333333,0.3333333333333333,0.3333333333333333,0.0
0.0,0.5,0.5,0.0
0.5,0.5,0.0,0.0
0.5,0.0,0.5,0.0
0.5,0.0,0.5,0.0
0.023510428413212162,0.9764895715867878,0.0,0.0
0.5,0.5,0.0,0.0
0.5,0.5,0.0,0.0
0.5,0.0,0.5,0.0
0.03720698865824203,0.0,0.9627930113417581,0.0
0.0,0.5,0.5,0.0
0.5,0.5,0.0,0.0
