---flow_allocation with alpha---
0.011704144880632946
0.00800693247517586
0.018891585418580235
0.013011391437863529
0.00109969195568139
0.0143006002733226
0.009111650296265315
0.008866668291292125
0.008795807870724844
0.018464557232264894
0.009998745194696249
0.007098271487048323
0.01409864424999754
0.012460673178170024
0.017850966728507094
0.015321869913060131
0.0018395564461470728
0.011398813945650626
0.006424587066949882
0.01685697272290288
0.009363316103192503
0.00017966462985221084
0.013252686324680914
0.011868335138027245
0.014426371584080912
0.014005466904787633
0.018248137354220866
0.014889262123047609
0.011357213040385228
0.012287705960272817
0.006397409285743509
0.009382268774666695
0.013290547459961794
0.009876803559403555
0.006085038900605716
0.007405170055723184
0.018529515680862987
0.011085666697681674
0.01732738402921392
0.016507758972267483
0.0007029019132804309
0.0165959974766013
0.008085338995571107
0.005183002307274501
0.0020696055977534817
0.006187847954118948
0.00695211418295803
0.015905471723359946
0.018194046044382396
0.016339839375911335
0.0021843321443375725
0.016880817047293464
0.015466033600360697
0.017146879652365322
0.01155475276739839
0.00543057279535877
0.014576296176186953
0.017473410399133953
0.010814725354292924
0.013233585135312531
0.0013973355249858827
0.009979498467725863
0.010922971553536599
0.0015564066338265336
0.018229697293003548
0.008368481655190387
0.017785621835354884
0.0025922290403334
0.010086959856692541
0.003573644027343394
0.011338519654331669
0.016627209083288387
0.0016690114110566783
0.016348410696253056
0.00919456997246868
0.015737927643819885
0.002389595497250217
0.0046450847005711626
0.012134651067935346
0.00622292539715023
0.013941988667977807
0.0032152455128902657
0.018964970146633415
0.01925207460800545
0.017119054651038104
0.016294433630948582
0.005956518568330298
0.007545819084442739
0.012527719818163377
0.0011733216637526789
0.009369297549620119
0.00603304720661591
0.004317618837456024
0.000913003869908465
0.004261681335948221
0.017004359099492803
0.0009708389830602116
0.019305142684191624
0.01448925177559105
0.004807270314094628
0.004058731782549704
0.00906239103349942
0.0022426811989433738
0.019269677207117055
0.015029857903880017
0.0017269472978217145
0.006882351602690892
0.013074445479751484
0.00952483502535281
0.01946213454251359
0.004331951658661656
0.01680220289987557
0.013339060656249175
0.0025922882488049305
0.003648773319102192
0.018001427773207544
0.012770671250723668
0.01437657785558207
0.0014225170071395573
0.00504942809484442
0.012696944782499242
0.006931129051552554
0.014180264518805568
0.009047436920715007
0.003167107336703603
0.010680249106759658
0.0036300525143604712
0.001645451009168838
2.9634232406230434e-5
0.019522768587142338
0.00043376553418570605
0.004724377063148691
0.017116424046464056
0.004035004186269941
0.014801272473111748
0.0008737293807274726
0.010636625079811841
0.018649863853264153
0.0028168754189126367
0.018396273771012217
0.0176903180516666
0.014181878347027069
0.011435292722070183
0.0020158552333416828
0.018788776265723933
0.01722486495813089
0.01838347043575908
0.007420992128936728
0.0031514583191232905
0.0034081045916741657
0.0013418857979666957
0.006514153291454856
0.003412204778327663
0.010212649706130958
0.007243822401020794
0.01662475928310727
0.01724770691091452
0.002329803683194685
0.012323639343221395
0.011306722916944392
0.011930590461607975
0.01230435039544497
0.011777186875084143
0.0008874644546626347
0.005825882129256098
0.0022893521772843384
0.0034989943639412244
0.00036392983741681187
0.01910454617082109
0.0023117468875531507
0.019576828107197432
0.015018291389886201
0.0183380636973656
0.011575259164534894
0.004205099892640985
0.014424260543778855
0.001412056479577874
0.016914110884791424
0.010271185625057144
0.0062889020129038905
0.009238426958922772
0.014296526213897313
0.013385891974310024
0.01772724486534556
0.014543726549691443
0.0027194275136789743
0.009513976827469756
0.009487690650343899
0.016631758996033526
0.01660438997941155
0.013431560978416327
0.01113395438519326
0.017658308720103023
0.016768918996684912
0.002417510900773898
0.010934406934674004
0.01924280291899881
0.015375413842566155
0.01586418275534389
0.002567270782064842
0.002775184508823068
0.013453399566162273
0.006322356090778658
0.006194039610489114
0.004096585765129327
0.0006527020702990103
0.002403454650683604
0.011360779456707293
0.015161738813630164
0.0040146547511888345
0.019778322681948235
0.005629713932709302
0.0188511309323777
0.012138936728106208
0.013989115034965579
0.0014203429833291935
0.012686815762772285
0.018000654884099306
0.01836087684065805
0.010448682390369519
0.0007395377510984608
0.0033898230820014193
0.007404451904648192
0.013043431565779747
0.008823967658208198
0.0008574390042676269
0.008260693427513418
0.0071345297218457365
0.014133687022296332
0.008354691843221983
0.00682008276845223
0.017706039092974864
0.00035929091327822904
0.011310745317971702
0.008378570937688127
0.019775031445938486
0.014044435218617523
0.017765407506853112
0.013378319051852338
0.006409044445800794
0.011005625487019586
0.009273845744753012
0.009413972129565315
0.013197433197603269
0.0037478247208777606
0.008334495396473355
0.00181635795107431
0.014236748506558152
0.006373092585040631
0.01462803802234807
0.006462263920830278
0.014071179367310085
0.006789041733821554
0.011448157650028604
0.00013798526342772888
0.01934948943199579
0.006468161323018106
0.01963807211829463
0.004177650904845218
0.013342688665276525
0.009662181790981508
0.017607110280551428
0.014577869770463875
0.013850801661236218
0.017734680694362452
0.009701608076378104
0.004683884826578399
0.006663684981707032
0.0035333082561131365
0.017189456106607954
0.008052070987272139
0.01905473356713837
0.008030296972523669
0.00858097847528015
0.007138017657140101
0.009681931193901466
0.0020151517850415007
0.0008844024428596134
0.014171390698806446
0.0050322236627695525
0.012612923391615885
0.013787715829564891
0.013948606903503599
0.000206144883605555
0.004139289775877736
0.012961354318835746
0.005991920863210415
0.013615344670105913
0.0026974326592791396
0.007868462735449538
0.01659619218902446
0.0002713165820442315
0.014740343379556077
0.006414943834850083
0.0037656043493455196
0.017119935824095954
0.009277643630435255
0.018445414815521203
0.019178622326662606
0.014710686491962041
0.004117307041332813
0.01751731308340164
0.010567223015556758
0.01595266465020665
0.012923363044129185
0.006272113927648124
0.010602611005034358
0.005014399230575854
0.015190312861728087
0.012076986387759704
0.0173822671033445
0.00441494941852043
0.0010988039279515034
0.00432116498779119
0.0024086161193863664
0.005931473285529758
0.004013413260805079
0.00260475381760974
0.007431441033358866
0.0017713566317618954
0.008350027685942847
0.007244187685500355
0.012163453605101258
0.01938868524146294
0.01497162895504952
0.0005693162763969508
0.0016673168169167958
0.003914431399180637
0.015403153408850559
0.01287164056986731
0.001442908464340558
0.01587528931090954
0.002605866161998547
0.010490272864612248
0.0036272236210126408
0.007303101704162523
0.019029156699554
0.0031332255868994057
0.0021273822375724384
0.00048202355785568183
0.013755781005306092
0.012680076328697389
0.0006187098907348242
0.015952572261148726
0.018648734322523713
0.005628205706174438
0.018178814764424213
0.00989231697368917
0.017018382367682848
0.0007309630530922581
0.006927282487764522
0.014990964097354904
0.008334979197239049
0.00020560684152198116
0.011057809906571087
0.01689956606546793
0.006292310275053678
0.003308777016155551
0.01053965431935798
0.010772308842397885
0.01139315139048746
0.000750359092701418
0.0113028286684813
0.01912162821222997
0.013137829340641925
0.005437070229707748
0.011728462078051189
0.01231826885669296
0.010018859186694254
0.014745309539777247
0.01661232351722437
0.0012821906447212292
0.005042184196644635
0.011606883044975085
0.003803145401245072
0.014024919271919206
0.0017588156615646504
0.002187053647823448
0.012244515565838813
0.0164200122161452
0.019080336263921725
0.0057988326993000895
0.01730643853569459
0.003268337431413969
0.0133660422348863
0.015989963006978775
0.004832738997072455
0.019621508647727007
0.010199383928872827
0.0024189737275243824
0.011735331651551769
0.0030263406857855705
0.004582441640976366
0.015630741435165525
0.0005008346257135649
0.011327955511944805
0.01574359417270597
0.018968280257827038
0.008101592515750856
0.013930491694135117
0.011804531055937853
0.013386956932052992
0.00036008913487008945
0.007225978000869415
0.003984685429630094
0.0074809490511796506
0.009209350234875275
0.009646144838700984
0.01723249947329386
0.019171672285272872
0.007349785994475274
0.011958250553433946
0.003526092372659948
0.018674606239035
0.018043563144205885
0.006801027773612809
0.006007319337560525
0.0101162839449919
0.019867796020679913
0.012039601602514043
0.009798509296680838
0.013950600718979472
0.009059973519817039
0.0049240887277676795
0.012937615298102582
0.0012021435728178313
0.016243297777533
0.01542503173382572
0.018397701330971773
0.009242216897159171
0.01950150122206636
0.01977985554556521
0.013206733696101088
0.0023252239675276326
0.01628877902323126
0.010008109272760812
0.011134855923581082
0.014489124616457561
0.0020975797130333273
0.012910019779274085
0.0066860173045259754
0.014986482731330162
0.002977878949210023
0.01883762126787526
0.01642217789513743
0.01075104843133702
0.002918370660284941
0.015379357762565765
0.014273638563300087
0.01447714880900283
0.013712976061995476
0.00945060290088662
0.008949473722961496
0.009921324157585539
0.015025158976525317
0.00458689519094066
0.012755385332075313
0.01272615959341826
0.013084661921382712
0.013337848670758112
0.017280188122075022
0.0027088898958926135
0.0004024856788074473
0.016076838524350514
0.014223715688806296
0.0050107818512573205
0.011229008817768218
0.005573878555880581
0.008782007131018404
0.008252068461912258
0.012284092852706423
0.016516348174362348
0.01592620462270298
0.0032623752575425195
0.012331587782495166
0.006510922158004294
0.009135655556434218
0.004938333928382891
0.015402159978120179
0.014800467794220142
0.013755576358575635
0.01630150487088743
0.01528276549922018
0.0006177774169140602
0.014256951907321892
0.004367505551071229
0.00881660236277316
0.01826788675714082
0.007171554090422418
0.011496554614920532
0.008880201798132094
0.009229288389634004
0.004252809403467489
0.012519977019050792
0.007863743343421796
0.018926298868591908
0.01589447444517464
0.010313117342755758
0.010806942817951125
0.010596472596551339
0.00767940998650909
0.010361707033209377
0.010743345369453653
0.013792039240103506
0.006654150530272209
0.0004443485815593671
0.014060875503774582
0.01486073426947865
0.0054389364886778405
0.013723013686095237
0.013362976507652346
0.006180648164243591
0.0036244962562854556
0.009269575979473837
0.003929049335005888
0.006663921418220863
0.017888289921047476
0.019345083566706556
0.016081256310808513
0.0002131901254621864
0.01728046429581807
0.0029263489024806233
0.015017626784727577
0.017866774198288905
0.01909534998254996
0.010661402235658252
0.018520978137166102
0.01206952671640528
0.007794958199650278
0.0002778805265806084
0.013023925553388735
0.016934260640295722
0.01212916733030365
0.0010791933073045813
0.00474224242468848
0.01850510708781755
0.01731817989349695
0.00546406323279827
0.01266047693381772
0.010064112936755257
0.009895391641799695
0.005621823509790184
0.012618436932169495
0.016837298820718435
0.006171955247980474
0.013489926027256887
0.0020201586759226163
0.007070588645658626
0.0093083962721249
0.003303022667992897
0.005684927620586949
0.012643758488056154
0.009716104217595811
0.0018815468756018514
0.005983852715533633
0.0035201448022202358
0.015568298353176753
0.009867603397409504
0.0034878908880108393
0.004582803249762225
0.013424412250880513
0.016532221210572365
0.013055320944760937
0.010241743318500869
0.002182449394417356
0.019637088621871558
0.0026061509785889466
0.015526760034047373
0.0039515331560112145
0.010265744604946853
0.01984597730154858
0.010048533956041437
0.014439909064643802
0.009429120954772878
0.003129119340318453
0.006615177447974813
0.017151651100163336
0.009566482621862535
0.005030534830527906
0.017180867897943815
0.017126271925294315
0.006745868525739185
0.013835437261560158
0.006579289067438322
0.001100546107423371
0.009015806086259705
0.014264619205698966
0.0174751876467106
0.0033255125489256797
0.016384558660239395
0.017061129692011102
0.005444589208876776
0.003936074281072697
0.0005268636036233265
0.0003068329029035816
0.004508997307079367
0.00928367077467647
0.015827753650460852
0.001645730361890221
0.011009771570172829
---flow_allocation with ell_k_beta---
0.011704144880655753
0.00800693247519146
0.018891585418617046
0.01301139143788888
0.0010996919556835328
0.014300600273350466
0.00911165029628307
0.008866668291309401
0.008795807870741981
0.018464557232300872
0.009998745194715731
0.007098271487062154
0.014098644250025012
0.012460673178194303
0.01785096672854188
0.015321869913089986
0.0018395564461506572
0.011398813945672836
0.0064245870669624
0.016856972722935726
0.009363316103210747
0.00017966462985256093
0.013252686324706737
0.01186833513805037
0.014426371584109022
0.014005466904814924
0.01824813735425642
0.01488926212307662
0.011357213040407358
0.01228770596029676
0.006397409285755975
0.009382268774684975
0.01329054745998769
0.0098768035594228
0.006085038900617573
0.007405170055737612
0.01852951568089909
0.011085666697703275
0.017327384029247685
0.016507758972299648
0.0007029019132818005
0.01659599747663364
0.00808533899558686
0.0051830023072846
0.0020696055977575145
0.006187847954131004
0.006952114182971576
0.015905471723390935
0.018194046044417846
0.016339839375943174
0.0021843321443418286
0.016880817047326354
0.015466033600390833
0.01714687965239873
0.011554752767420903
0.005430572795369352
0.014576296176215354
0.017473410399168
0.010814725354313996
0.013233585135338316
0.0013973355249886055
0.009979498467745308
0.010922971553557882
0.0015564066338295663
0.01822969729303907
0.008368481655206693
0.01778562183538954
0.002592229040338451
0.010086959856712194
0.003573644027350357
0.01133851965435376
0.01662720908332078
0.0016690114110599302
0.01634841069628491
0.009194569972486596
0.015737927643850548
0.002389595497254873
0.0046450847005802135
0.01213465106795899
0.006222925397162355
0.013941988668004973
0.0032152455128965306
0.018964970146670368
0.01925207460804296
0.017119054651071462
0.01629443363098033
0.005956518568341904
0.0075458190844574415
0.012527719818187786
0.001173321663754965
0.009369297549638375
0.006033047206627664
0.004317618837464438
0.000913003869910244
0.004261681335956525
0.017004359099525933
0.0009708389830621033
0.01930514268422924
0.014489251775619282
0.004807270314103994
0.004058731782557612
0.009062391033517078
0.0022426811989477435
0.0192696772071546
0.015029857903909302
0.0017269472978250794
0.0068823516027043015
0.013074445479776958
0.009524835025371369
0.01946213454255151
0.004331951658670097
0.016802202899908306
0.013339060656275166
0.0025922882488099816
0.003648773319109301
0.01800142777324262
0.012770671250748553
0.014376577855610083
0.0014225170071423291
0.005049428094854259
0.012696944782523981
0.006931129051566059
0.014180264518833197
0.009047436920732635
0.0031671073367097744
0.010680249106780467
0.003630052514367544
0.0016454510091720442
2.9634232406288175e-5
0.019522768587180377
0.00043376553418655124
0.0047243770631578965
0.017116424046497408
0.004035004186277804
0.014801272473140588
0.000873729380729175
0.010636625079832568
0.018649863853300492
0.0028168754189181254
0.018396273771048063
0.01769031805170107
0.014181878347054701
0.011435292722092465
0.0020158552333456106
0.018788776265760542
0.01722486495816445
0.0183834704357949
0.007420992128951187
0.0031514583191294314
0.0034081045916808063
0.0013418857979693103
0.006514153291467548
0.0034122047783343118
0.010212649706150857
0.007243822401034909
0.01662475928313966
0.017247706910948124
0.0023298036831992243
0.012323639343245407
0.011306722916966423
0.01193059046163122
0.012304350395468944
0.01177718687510709
0.0008874644546643639
0.005825882129267449
0.002289352177288799
0.0034989943639480423
0.000363929837417521
0.019104546170858314
0.002311746887557655
0.019576828107235576
0.015018291389915464
0.01833806369740133
0.011575259164557447
0.004205099892649179
0.014424260543806959
0.0014120564795806255
0.01691411088482438
0.010271185625077157
0.006288902012916145
0.009238426958940772
0.01429652621392517
0.013385891974336105
0.0177272448653801
0.014543726549719782
0.002719427513684273
0.009513976827488295
0.009487690650362385
0.016631758996065935
0.016604389979443905
0.013431560978442498
0.011133954385214955
0.01765830872013743
0.016768918996717588
0.0024175109007786083
0.010934406934695308
0.019242802919036305
0.015375413842596114
0.015864182755374802
0.0025672707820698446
0.0027751845088284754
0.013453399566188486
0.0063223560907909775
0.006194039610501184
0.004096585765137309
0.0006527020703002821
0.002403454650688287
0.01136077945672943
0.015161738813659707
0.004014654751196657
0.01977832268198677
0.0056297139327202705
0.01885113093241443
0.01213893672812986
0.013989115034992835
0.001420342983331961
0.012686815762797005
0.018000654884134378
0.018360876840693825
0.010448682390389877
0.0007395377510999017
0.003389823082008024
0.0074044519046626185
0.013043431565805163
0.008823967658225391
0.0008574390042692976
0.008260693427529515
0.007134529721859639
0.01413368702232387
0.008354691843238261
0.0068200827684655185
0.017706039093009364
0.0003592909132789291
0.011310745317993741
0.008378570937704452
0.019775031445977018
0.014044435218644888
0.017765407506887727
0.013378319051878406
0.006409044445813282
0.01100562548704103
0.009273845744771083
0.009413972129583656
0.013197433197628984
0.0037478247208850633
0.008334495396489594
0.001816357951077849
0.014236748506585892
0.006373092585053049
0.014628038022376572
0.006462263920842869
0.014071179367337502
0.006789041733834782
0.011448157650050911
0.00013798526342799773
0.019349489432033493
0.006468161323030709
0.019638072118332895
0.004177650904853358
0.013342688665302523
0.009662181791000335
0.017607110280585734
0.01457786977049228
0.013850801661263205
0.017734680694397008
0.009701608076397007
0.004683884826587525
0.006663684981720016
0.0035333082561200212
0.017189456106641448
0.008052070987287828
0.019054733567175495
0.008030296972539316
0.008580978475296869
0.007138017657154009
0.00968193119392033
0.0020151517850454273
0.0008844024428613366
0.014171390698834059
0.005032223662779357
0.012612923391640463
0.013787715829591757
0.013948606903530777
0.00020614488360595667
0.004139289775885802
0.012961354318861001
0.005991920863222091
0.013615344670132442
0.0026974326592843958
0.00786846273546487
0.016596192189056794
0.00027131658204476017
0.014740343379584799
0.006414943834862583
0.0037656043493528566
0.017119935824129313
0.009277643630453332
0.018445414815557143
0.019178622326699975
0.014710686491990704
0.004117307041340836
0.017517313083435772
0.010567223015577347
0.015952664650237734
0.012923363044154366
0.006272113927660345
0.010602611005055017
0.0050143992305856245
0.015190312861757685
0.012076986387783237
0.017382267103378368
0.004414949418529032
0.0010988039279536442
0.004321164987799609
0.0024086161193910592
0.005931473285541316
0.0040134132608128995
0.0026047538176148153
0.007431441033373345
0.0017713566317653468
0.008350027685959117
0.00724418768551447
0.012163453605124958
0.019388685241500718
0.01497162895507869
0.0005693162763980601
0.0016673168169200445
0.003914431399188264
0.015403153408880571
0.01287164056989239
0.0014429084643433697
0.015875289310940472
0.0026058661620036246
0.010490272864632689
0.0036272236210197085
0.007303101704176753
0.019029156699591078
0.0031332255869055106
0.0021273822375765836
0.000482023557856621
0.013755781005332895
0.012680076328722095
0.0006187098907360297
0.01595257226117981
0.018648734322560048
0.005628205706185405
0.018178814764459632
0.009892316973708444
0.01701838236771601
0.0007309630530936823
0.006927282487778019
0.014990964097384115
0.00833497919725529
0.00020560684152238178
0.011057809906592633
0.016899566065500856
0.0062923102750659385
0.0033087770161619977
0.010539654319378517
0.010772308842418876
0.01139315139050966
0.0007503590927028801
0.011302828668503325
0.01912162821226723
0.013137829340667522
0.005437070229718342
0.01172846207807404
0.012318268856716962
0.010018859186713774
0.014745309539805978
0.01661232351725674
0.0012821906447237276
0.00504218419665446
0.0116068830449977
0.003803145401252482
0.014024919271946533
0.0017588156615680774
0.00218705364782771
0.01224451556586267
0.016420012216177195
0.0190803362639589
0.005798832699311389
0.017306438535728313
0.003268337431420337
0.013366042234912343
0.01598996300700993
0.0048327389970818715
0.019621508647765237
0.010199383928892702
0.0024189737275290956
0.011735331651574634
0.003026340685791467
0.004582441640985295
0.01563074143519598
0.0005008346257145408
0.011327955511966876
0.015743594172736648
0.018968280257863998
0.008101592515766642
0.01393049169416226
0.011804531055960854
0.013386956932079076
0.0003600891348707911
0.007225978000883495
0.003984685429637857
0.007480949051194227
0.00920935023489322
0.00964614483871978
0.017232499473327438
0.019171672285310228
0.007349785994489595
0.011958250553457245
0.0035260923726668186
0.018674606239071388
0.01804356314424104
0.006801027773626061
0.00600731933757223
0.01011628394501161
0.019867796020718625
0.012039601602537501
0.00979850929669993
0.013950600719006653
0.009059973519834692
0.004924088727777273
0.012937615298127791
0.0012021435728201736
0.016243297777564652
0.015425031733855775
0.018397701331007623
0.009242216897177179
0.01950150122210436
0.01977985554560375
0.013206733696126821
0.0023252239675321633
0.016288779023263
0.010008109272780312
0.011134855923602777
0.014489124616485792
0.0020975797130374147
0.01291001977929924
0.006686017304539003
0.014986482731359363
0.0029778789492158255
0.018837621267911962
0.016422177895169428
0.010751048431357968
0.0029183706602906273
0.015379357762595731
0.014273638563327898
0.014477148809031039
0.013712976062022196
0.009450602900905034
0.008949473722978933
0.009921324157604869
0.015025158976554594
0.004586895190949597
0.012755385332100166
0.012726159593443056
0.013084661921408208
0.0133378486707841
0.017280188122108693
0.002708889895897892
0.0004024856788082316
0.016076838524381836
0.01422371568883401
0.0050107818512670835
0.011229008817790096
0.005573878555891441
0.008782007131035515
0.008252068461928337
0.012284092852730358
0.01651634817439453
0.015926204622734013
0.003262375257548876
0.012331587782519193
0.00651092215801698
0.00913565555645202
0.0049383339283925135
0.01540215997815019
0.01480046779424898
0.013755576358602438
0.016301504870919192
0.015282765499249958
0.0006177774169152639
0.014256951907349671
0.004367505551079739
0.00881660236279034
0.018267886757176416
0.007171554090436392
0.011496554614942932
0.008880201798149396
0.009229288389651986
0.004252809403475775
0.012519977019075187
0.007863743343437118
0.018926298868628785
0.015894474445205607
0.010313117342775853
0.010806942817972183
0.010596472596571987
0.0076794099865240524
0.010361707033229566
0.010743345369474586
0.013792039240130378
0.0066541505302851744
0.0004443485815602329
0.01406087550380198
0.014860734269507606
0.005438936488688438
0.013723013686121976
0.013362976507678384
0.006180648164255634
0.0036244962562925176
0.0092695759794919
0.003929049335013543
0.0066639214182338475
0.01788828992108233
0.019345083566744248
0.01608125631083985
0.0002131901254626018
0.01728046429585174
0.0029263489024863253
0.015017626784756839
0.017866774198323717
0.019095349982587165
0.010661402235679025
0.01852097813720219
0.012069526716428797
0.007794958199665467
0.0002778805265811498
0.013023925553414112
0.016934260640328717
0.012129167330327283
0.0010791933073066842
0.00474224242469772
0.018505107087853606
0.017318179893530693
0.005464063232808917
0.01266047693384239
0.010064112936774868
0.009895391641818976
0.005621823509801138
0.01261843693219408
0.016837298820751242
0.0061719552479925
0.013489926027283172
0.0020201586759265528
0.007070588645672403
0.009308396272143037
0.003303022667999333
0.005684927620598026
0.012643758488080789
0.009716104217614744
0.0018815468756055176
0.005983852715545292
0.0035201448022270944
0.015568298353207088
0.009867603397428731
0.003487890888017635
0.004582803249771154
0.013424412250906669
0.016532221210604575
0.013055320944786375
0.010241743318520825
0.0021824493944216086
0.019637088621909823
0.0026061509785940246
0.015526760034077627
0.003951533156018914
0.010265744604966856
0.01984597730158725
0.010048533956061017
0.014439909064671939
0.00942912095479125
0.00312911934032455
0.006615177447987702
0.017151651100196758
0.009566482621881174
0.005030534830537708
0.017180867897977292
0.017126271925327684
0.00674586852575233
0.013835437261587117
0.006579289067451141
0.0011005461074255153
0.009015806086277271
0.01426461920572676
0.017475187646744654
0.00332551254893216
0.01638455866027132
0.017061129692044347
0.0054445892088873845
0.003936074281080366
0.000526863603624353
0.0003068329029041794
0.0045089973070881525
0.00928367077469456
0.01582775365049169
0.0016457303618934275
0.01100977157019428
---flow_allocation with per_flow_loss---
0.011781541000000001
0.00805988
0.01901651
0.013097431999999999
0.0011069639
0.014395166
0.009171903
0.008925301
0.008853972
0.018586658
0.010064864
0.0071452103
0.014191874500000002
0.012543072
0.01796901
0.015423189
0.0018517209
0.011474191
0.006467071
0.016968443
0.009425233
0.0001808527
0.0133403225
0.011946817
0.014521769
0.014098081
0.018368807
0.0149877205
0.011432314999999998
0.012368961000000001
0.0064397135
0.009444311
0.013378434
0.009942116
0.0061252775
0.0074541383000000004
0.018652046
0.011158972999999999
0.017441965
0.01661692
0.00070755
0.016705742
0.008138804999999999
0.005217276
0.0020832913
0.006228766399999999
0.0069980865
0.016010649999999998
0.018314358
0.01644789
0.0021987765
0.016992445
0.015568306
0.017260267
0.011631161000000001
0.0054664836000000005
0.014672685
0.017588957000000002
0.01088624
0.013321095
0.0014065757
0.010045489999999999
0.010995202
0.0015666987
0.018350245
0.008423819999999999
0.017903233
0.0026093707
0.010153662
0.0035972754999999998
0.011413498000000001
0.01673716
0.0016800481
0.016456518
0.009255371
0.015841998
0.0024053971999999997
0.0046758013
0.012214893999999999
0.006264075799999999
0.014034183
0.003236507
0.01909038
0.019379383
0.017232258
0.016402183999999997
0.0059959073
0.0075957174
0.012610562
0.0011810804999999999
0.009431253999999998
0.0060729420000000004
0.00434617
0.0009190413
0.0042898626
0.017116804
0.00097725886
0.019432802
0.014585065
0.0048390594
0.004085571
0.009122318
0.0022575114
0.019397102
0.015129246
0.0017383671
0.0069278626
0.013160903
0.00958782
0.019590832
0.0043605976
0.016913311
0.013427268
0.0026094303
0.0036729016
0.018120466000000002
0.01285512
0.014471646
0.0014319237000000001
0.0050828185
0.012780906
0.0069769626
0.014274034500000001
0.009107265
0.0031880505
0.0107508745
0.003654057
0.0016563319000000001
2.9830195e-5
0.019651867
0.0004366339
0.0047556180000000005
0.01722961
0.004061686500000001
0.014899148999999999
0.0008795071
0.010706962
0.01877319
0.0028355026
0.018517923
0.017807299000000002
0.014275659
0.011510911
0.0020291855
0.018913021000000002
0.017338768
0.018505035
0.007470065
0.003172298
0.0034306414
0.0013507593
0.0065572295
0.0034347686999999997
0.010280183
0.007291723700000001
0.016734694
0.017361761
0.00234521
0.012405132
0.011381491
0.012009484
0.0123857155
0.011855066000000001
0.0008933330000000001
0.005864407
0.002304491
0.0035221322000000004
0.0003663364
0.019230879000000003
0.0023270338000000003
0.019706284
0.015117603
0.018459328
0.011651802999999999
0.004232907
0.014519644
0.001421394
0.017025959
0.010339105999999999
0.0063304887
0.009299518000000001
0.014391065
0.013474409
0.01784447
0.0146399
0.0027374103
0.009576890000000001
0.00955043
0.01674174
0.016714189999999997
0.01352038
0.01120758
0.017775078
0.016879807
0.0024334972000000002
0.011006713
0.01937005
0.015477086999999999
0.015969088
0.0025842474
0.002793536
0.013542363
0.006364163999999999
0.006234999
0.004123675300000001
0.0006570182
0.002419348
0.011435905
0.015261999
0.0040412024999999996
0.019909111
0.0056669416
0.018975788
0.012219208
0.014081621
0.0014297353
0.01277071
0.018119688
0.018482292
0.0105177765
0.0007444281
0.003412239
0.0074534154
0.013129683999999999
0.008882318
0.000863109
0.008315319
0.007181708300000001
0.014227149000000001
0.008409939
0.006865182
0.017823124
0.0003616668
0.011385540000000001
0.008433976
0.019905798000000002
0.014137307
0.017882885
0.013466786000000001
0.0064514256
0.011078402499999999
0.009335171000000001
0.009476224
0.013284704
0.0037726079999999998
0.008389609
0.0018283689999999998
0.014330892
0.006415236
0.014724769
0.006504997
0.014164228
0.0068339357
0.011523861
0.00013889772
0.019477442
0.0065109334
0.019767932999999998
0.0042052765
0.01343092
0.009726074999999999
0.017723541000000002
0.014674269
0.013942392999999999
0.017851955
0.009765762
0.004714858000000001
0.00670775
0.0035566729999999998
0.017303125000000003
0.008105316999999999
0.019180737
0.008083399
0.008637722
0.0071852193
0.009745955
0.0020284774
0.0008902507400000001
0.014265102
0.0050655003
0.012696329000000001
0.01387889
0.014040845
0.00020750806
0.004166661699999999
0.013047064
0.0060315437
0.013705379
0.0027152699999999997
0.0079204946
0.016705938
0.00027311071999999996
0.014837817
0.006457364
0.0037905052
0.017233145000000002
0.009338994
0.018567389
0.019305444999999997
0.014807964
0.0041445336
0.01763315
0.010637101
0.016058154999999998
0.0130088215
0.0063135896
0.010672723
0.005047558000000001
0.015290762000000001
0.012156848
0.017497211
0.004444144200000001
0.00110607
0.0043497396
0.0024245435999999997
0.005970696399999999
0.0040399528
0.0026219782999999997
0.007480583
0.0017830701
0.008405244
0.007292091400000001
0.012243887
0.019516897000000002
0.015070632
0.0005730809999999999
0.0016783422999999999
0.0039403164
0.01550501
0.012956757
0.00145245
0.015980268
0.0026230980000000004
0.010559642000000001
0.0036512094
0.007351395
0.019154991
0.0031539447
0.00214145
0.00048521104
0.013846744
0.012763926
0.00062280124
0.016058061999999998
0.018772053
0.0056654234
0.018299026000000003
0.009957732
0.01713092
0.0007357967
0.0069730906
0.015090095
0.008390096
0.00020696646
0.011130932
0.017011318
0.0063339195
0.003330657
0.01060935
0.010843543
0.011468491
0.000755321
0.011377571
0.019248074
0.013224706
0.005473024
0.011806019
0.012399726
0.010085110999999999
0.014842815999999998
0.016722176000000002
0.0012906694
0.0050755267
0.011683636
0.0038282945
0.014117662
0.0017704462
0.0022015159999999997
0.012325485
0.016528593
0.019206509
0.0058371787
0.017420881000000003
0.0032899500000000003
0.013454428000000001
0.0160957
0.0048646965
0.01975126
0.0102668295
0.0024349696999999997
0.011812934
0.003046353
0.004612744
0.015734103
0.0005041465000000001
0.011402863999999999
0.015847701999999998
0.019093712
0.008155166
0.01402261
0.011882591
0.013475481000000001
0.00036247030000000004
0.007273761300000001
0.004011035
0.007530418400000001
0.009270249
0.009709932000000001
0.017346453
0.019298449000000002
0.007398388
0.012037326999999999
0.0035494094
0.018798096
0.018162880000000003
0.006846001
0.006047044
0.01018318
0.019999175999999997
0.012119216
0.009863304
0.014042852
0.0091198845
0.0049566503
0.013023168
0.0012100930000000002
0.01635071
0.015527032999999999
0.01851936
0.009303333
0.019630459
0.019910654
0.013294066
0.0023406
0.016396492
0.01007429
0.011208487500000001
0.014584937
0.0021114503999999997
0.01299539
0.006730229999999999
0.015085584
0.0029975708
0.018962188999999997
0.016530773
0.010822142
0.002937669
0.015481057
0.014368026
0.014572882
0.013803656000000001
0.009513097
0.009008654
0.009986931000000001
0.015124516
0.004617227
0.012839733
0.012810314
0.013171186999999999
0.013426048
0.017394457
0.002726803
0.0004051472
0.01618315
0.014317773
0.0050439167
0.011303263
0.005610737
0.00884008
0.008306637
0.012365323999999999
0.016625565999999998
0.01603152
0.0032839483999999998
0.012413133
0.006553977
0.009196066999999999
0.004970989699999999
0.015504009999999999
0.014898339
0.013846538
0.016409302
0.015383826
0.0006218626
0.014351229
0.0043963866
0.008874904000000001
0.018388687
0.0072189775
0.011572578
0.008938924000000001
0.009290319
0.004280932
0.012602767999999999
0.007915744
0.019051453
0.01599958
0.010381315
0.010878406
0.010666544
0.0077301917
0.010430225999999999
0.010814388
0.013883241999999999
0.0066981525
0.00044728693000000005
0.014153856
0.014959004
0.0054749026000000004
0.01381376
0.013451342
0.006221519
0.003648464
0.009330873
0.003955031
0.006707988000000001
0.01800658
0.019473007
0.016187597
0.00021459989
0.017394735
0.0029457
0.015116934
0.017984922
0.019221622
0.010731903000000001
0.018643452
0.012149338999999999
0.007846504
0.00027971806999999997
0.013110049
0.017046242
0.012209374
0.0010863297
0.0047736014999999994
0.018627476
0.0174327
0.0055001955
0.012744197
0.010130664
0.009960827
0.005658999
0.012701879
0.016948639
0.006212768600000001
0.013579131
0.0020335174
0.0071173444
0.00936995
0.0033248646
0.005722520399999999
0.012727368000000001
0.009780354000000002
0.001893989
0.0060234222
0.0035434225000000002
0.015671247
0.009932855
0.0035109553
0.004613108
0.013513184000000001
0.016641544
0.013141652
0.010309469
0.0021968813
0.019766943000000002
0.0026233847
0.015629434
0.0039776635
0.010333629
0.019977213
0.010114982
0.014535396
0.009491472999999999
0.0031498113000000003
0.0066589217
0.01726507
0.009629743
0.0050638003
0.01729448
0.017239523
0.0067904770000000005
0.013926926999999999
0.006622796
0.0011078237
0.009075425
0.014358947
0.017590746
0.0033475032
0.016492905
0.01717395
0.0054805927
0.0039621024
0.0005303476
0.00030886190000000005
0.004538814
0.009345061
0.015932418
0.0016566131
0.011082576
---weights per flow per tunnel---
0.9323292128363745,0.0676707871636255,0.0,0.0
0.15561043580878534,0.5329249129619206,0.15595176735263513,0.15551288387665893
0.2761027434680382,0.24109035210776295,0.24157114043327202,0.24123576399092678
0.8428604413402246,0.1571395586597754,0.0,0.0
0.027232763785885454,0.4184366447270404,0.12738827214157444,0.42694231934549975
0.923674511829699,0.031866406863274875,0.012596771291633101,0.031862310015393205
0.7959414450278579,0.08247277924946288,0.060769432164121825,0.06081634355855742
0.22055672277587043,0.3264421916256042,0.22850676821970517,0.22449431737882025
0.18111976129781687,0.1809793873404207,0.18152875875908522,0.45637209260267725
0.33564256557890865,0.3213223792318799,0.34303505518921146,0.0
0.23971252139747445,0.27701057272112856,0.24327496276303998,0.24000194311835715
0.3442856136520165,0.31685582672226625,0.3388585596257173,0.0
0.24986085956393575,0.24988973797855202,0.2496585620658699,0.2505908403916425
0.3566975434680686,0.30323259530351476,0.34006986122841665,0.0
0.24643255793041502,0.26085371271935287,0.24630057896502658,0.24641315038520556
0.24998164971535783,0.24970939728359076,0.24984444767458056,0.25046450532647097
0.06026468179005163,0.6684239357737736,0.060300684492887294,0.21101069794328745
0.3881908672620914,0.6118091327379086,0.0,0.0
0.29552040829094356,0.7044795917090565,0.0,0.0
0.31027604961113203,0.3833871449913878,0.3063368053974802,0.0
0.21440496549345808,0.3565759311495862,0.2141396617768404,0.21487944158011518
0.07447021469052574,0.009342867256334738,0.20225280384567265,0.7139341142074669
0.5534550123289734,0.44654498767102657,0.0,0.0
0.3438099808103351,0.3316779170704986,0.3245121021191664,0.0
0.9148689207121208,0.08513107928787926,0.0,0.0
0.28594894056415954,0.7140510594358405,0.0,0.0
0.7741445071802904,0.22585549281970965,0.0,0.0
0.7845577614264346,0.21544223857356537,0.0,0.0
0.7091352748839574,0.2908647251160425,0.0,0.0
0.7915440681073228,0.2084559318926772,0.0,0.0
0.24945634215997783,0.7505436578400221,0.0,0.0
0.8062132860137002,0.19378671398629976,0.0,0.0
0.22814726924604367,0.7718527307539563,0.0,0.0
0.4312407698538061,0.568759230146194,0.0,0.0
0.647816332875958,0.3521836671240421,0.0,0.0
0.3911652306972369,0.6088347693027631,0.0,0.0
0.5262233901701873,0.47377660982981273,0.0,0.0
0.6336654453310613,0.36633455466893877,0.0,0.0
0.6450418263382056,0.35495817366179433,0.0,0.0
0.5328150827315452,0.4671849172684549,0.0,0.0
0.08743981615483665,0.9125601838451634,0.0,0.0
0.42482745340746075,0.5751725465925392,0.0,0.0
0.336171740081346,0.663828259918654,0.0,0.0
0.2420454915349866,0.7579545084650134,0.0,0.0
0.1608109544065561,0.8391890455934439,0.0,0.0
0.635317830849713,0.36468216915028684,0.0,0.0
0.39218861134948113,0.6078113886505188,0.0,0.0
0.47762591915156954,0.5223740808484304,0.0,0.0
0.249761737866295,0.2507816315341966,0.24980089515242865,0.24965573544707972
0.3516209730934805,0.6483790269065195,0.0,0.0
0.9104981934243379,0.016761690306031824,0.01675317446257625,0.05598694180705403
0.541619115409411,0.458380884590589,0.0,0.0
0.217018237963604,0.21704057692521223,0.34751231816802,0.2184288669431638
0.24577277858363283,0.24541174942359867,0.2634254287375387,0.2453900432552299
0.22320093339630911,0.3303116980020515,0.22335576246404085,0.22313160613759847
0.7837438409077577,0.07078058014033993,0.07469410228500653,0.07078147666689594
6.638204502416779e-12,0.45078452145489195,0.4062673594562259,0.142948119082244
0.38936340547372694,0.3049841769458772,0.3056524175803959,0.0
0.3466789737306155,0.21740410189713494,0.218502387156189,0.21741453721606052
0.32071439398400475,0.34140376759744273,0.33788183841855246,0.0
5.635698360347357e-12,0.1618441751156766,0.8201389774854468,0.018016847393240817
0.23594010720710695,0.4045980097379827,0.3594618830549103,0.0
0.9190665359645073,0.036773710202911425,0.007798371685580814,0.03636138214700054
0.9325187408622544,2.166953818043272e-12,0.06209601883659547,0.005385240298983197
0.23386633466954962,0.08459557627295906,0.20319906217327066,0.4783390268842206
0.30293348342937726,0.6970665165706228,0.0,0.0
0.38084082430841887,0.6191591756915811,0.0,0.0
0.820385114603356,0.15621048373490803,0.02340440166173609,0.0
0.8969511703625369,0.05290697341914895,3.4591026697294543e-12,0.050141856214854987
8.11986808242141e-12,0.0528450710649291,0.9045781780674359,0.0425767508595151
0.7464454725526112,0.2535545274473887,0.0,0.0
0.3195525053626363,0.32860093538046137,0.3518465592569023,0.0
0.9255732071936257,0.0246976682571552,0.02487937756069457,0.024849746988524535
0.7692390114850418,0.23076098851495813,0.0,0.0
0.7670144671163721,0.07764650547167987,0.07764662483237131,0.07769240257957669
0.5286381530779343,0.47136184692206573,0.0,0.0
0.6725865204222209,0.298575847312219,0.028837632257416868,8.143339931222022e-12
0.878144227609056,0.06055149414801429,0.060956884746742004,0.0003473934961877589
0.6603650916586407,0.0009730397652526448,0.16968229550179373,0.16897957307431308
0.5625643886332304,0.39673496081429854,4.490180030506758e-12,0.040700650547980714
0.8907283061867877,0.05583540733839315,0.05343628647220344,2.6156522572322584e-12
0.4836465313797494,0.41834218809993867,0.09801128052031195,0.0
0.2501903573113193,0.24994099918150833,0.24993910340588243,0.2499295401012899
0.44145598132080344,0.2833744541114815,0.275169564567715,0.0
0.18004870569803677,0.6773736304813887,0.14090153519004084,0.0016761286305337548
0.4031461018547722,0.30651150333365434,0.29034239481157353,0.0
0.25237197409620676,0.09733360877953219,0.6451751739526499,0.005119243171611242
0.4337956772657583,0.4481640775104796,0.08048862243302754,0.03755162279073449
0.47241665303443875,0.15159218468942012,0.22441779093668082,0.15157337133946022
0.9633862581850073,0.03661374181499264,0.0,0.0
0.7674655817941812,0.23253441820581877,0.0,0.0
0.7561452134833927,0.14309469733362673,0.1007600891829807,0.0
0.7951892369360074,0.09211841122274733,0.05640064357093661,0.0562917082703087
0.7684765299471122,0.06625324457084526,0.15321736081896872,0.012052864663073816
0.6810718646349979,0.3189281353650022,0.0,0.0
0.33786176232738674,0.322027386904264,0.34011085076834924,0.0
0.9826143080088046,0.017385691991195523,0.0,0.0
0.7008303684259202,0.2991696315740798,0.0,0.0
0.4961147118924606,0.5038852881075393,0.0,0.0
0.46107527138764304,0.538924728612357,0.0,0.0
0.9418144607951813,0.05818553920481869,0.0,0.0
0.17546436939733845,0.8245356306026617,0.0,0.0
0.9859522299561112,0.01404777004388882,0.0,0.0
0.5659448169281917,0.4340551830718083,0.0,0.0
0.7775777709627966,0.22242222903720343,0.0,0.0
0.8969619044720842,0.10303809552791572,0.0,0.0
0.7599416934660536,0.24005830653394647,0.0,0.0
0.5909150910926716,0.4090849089073283,0.0,0.0
0.5865696423880443,0.4134303576119557,0.0,0.0
0.6728930777293104,0.32710692227068966,0.0,0.0
0.7519244174513554,0.24807558254864456,0.0,0.0
0.6702615847617409,0.3297384152382591,0.0,0.0
0.5932063081289518,0.40679369187104825,0.0,0.0
0.6737068518046333,0.32629314819536676,0.0,0.0
0.6778326962123382,0.32216730378766195,0.0,0.0
0.5532430370004469,0.44675696299955314,0.0,0.0
0.5874691517123706,0.4125308482876295,0.0,0.0
0.5602390142417157,0.4397609857582844,0.0,0.0
0.4972234154432102,0.5027765845567896,0.0,0.0
0.4545344699211071,0.545465530078893,0.0,0.0
0.23942764669459093,0.2389264408562975,0.2799108749567063,0.2417350374924052
0.7006030759310381,0.29939692406896184,0.0,0.0
0.22368801929368298,0.22368447524910684,0.3284122559029729,0.22421524955423736
0.6248433747361234,0.26883916044124423,0.1059142001147564,0.0004032647078760204
0.9525195944441559,0.047480405555844166,0.0,0.0
0.47258772122853265,0.17549765312880736,0.17650513689871114,0.17540948874394888
0.05769830542303878,0.8850708713975319,0.057027610677081966,0.00020321250234742172
0.9700960159115093,0.020071067419203455,0.0008173599866371159,0.009015556682650272
0.036708501342522494,0.9605086755581587,0.0025208129176388116,0.00026201018167999247
0.24007603516004555,0.5176037197414008,0.24232024509855365,0.0
0.8208316952807204,0.02865433802720959,0.008294987802597296,0.14221897888947274
0.3769894356920196,0.50773287357379,0.11527769073419034,0.0
0.050228537299337246,0.5827431238022955,0.18364135798487213,0.18338698091349503
0.866662689710153,0.06308675161890155,0.07025055867094533,0.0
0.21202964943889724,0.21191869766046512,0.3641405428844075,0.2119111100162302
0.8346540960638775,0.10529368965034311,0.018152926191223363,0.041899288094555974
0.18036989049191618,0.18016843891450354,0.45928533660415494,0.18017633398942542
0.5588583280624336,0.4411416719375665,0.0,0.0
0.789173508263714,0.21082649173628593,0.0,0.0
0.3286942533798069,0.33075747030753694,0.34054827631265616,0.0
0.24785260264135975,0.2562553843824548,0.24786641523023648,0.248025597745949
0.25242746978517355,0.3675335981618406,0.1900693647190221,0.1899695673339637
0.6129465100329723,0.3870534899670277,0.0,0.0
0.07637013886043091,0.724103722158257,0.1995261389813121,0.0
0.8720995700769748,0.046835012038082796,0.034233300676941664,0.04683211720800061
0.7331246152263594,0.26687538477364053,0.0,0.0
0.25098280182539134,0.2570708236617837,0.24597537997240979,0.24597099454041513
0.8296970967140957,0.08479908151775596,7.771106299578456e-12,0.08550382176037707
0.9519218624584649,0.04807813754153506,0.0,0.0
0.08168891142453083,0.06880504624852687,0.27307249852742105,0.5764335437995212
0.97141305786661,0.01595872509830435,0.00631019319858467,0.006318023836500909
0.7335680652620996,0.12195065824437568,0.14080349279224535,0.0036777837012792426
0.05305939588422941,0.8404396965192825,0.05339922662683239,0.05310168096965569
0.3240393500485101,0.3961578421165913,0.2798028078348985,0.0
0.22997364986481042,0.30731392490761017,0.23261665464817924,0.2300957705794003
0.32825772063118314,0.3413094687768206,0.33043281059199614,0.0
0.2558294440172435,0.24813798047523897,0.24799331439515435,0.24803926111236324
0.6677241597851067,0.09603063439368437,0.2362452058212089,0.0
0.2591855446627805,0.2727577780602208,0.23405158121844635,0.23400509605855238
0.22231309744143596,0.37191653417460313,0.20288887753784116,0.2028814908461197
0.27142031964831353,0.2234477688793976,0.28163204429027716,0.2234998671820118
0.6244919599820843,0.37550804001791566,0.0,0.0
0.6330377008911017,0.3669622991088982,0.0,0.0
0.04907182813135233,0.7928950831628871,0.15803308870576055,0.0
0.14823191652678086,0.18504527271709853,0.5185160567211978,0.14820675403492284
0.6467076181727326,0.08907359982929765,0.0900351831834276,0.17418359881454218
0.266708085376936,0.7332919146230641,0.0,0.0
0.2044850428911766,0.026628790911596853,0.7688861661972265,0.0
0.2928121937740342,0.46542668415630073,0.12087722591281101,0.12088389615685417
0.23704029430770382,0.7629597056922962,0.0,0.0
0.2497095297835578,0.2507513802731181,0.2497120115389003,0.2498270784044238
0.6211243902201695,0.00044678171346168995,0.19018288673531714,0.18824594133105166
0.8738431931724082,0.1261568068275919,0.0,0.0
0.19253530063288932,0.648276281786754,9.323944138636854e-12,0.1591884175710327
0.9461448336530734,0.011631703290399345,0.0211143305470729,0.021109132509454228
0.38212399786426193,0.28685791823189843,0.1021262882651414,0.2288917956386983
0.031538616949829644,0.13433829659205695,0.1688117129738019,0.6653113734843114
0.36226936038073054,0.3161630721429176,0.32156756747635173,0.0
0.2400792433554291,0.28109919872021283,0.2388795779422782,0.23994197998207986
0.378624862759462,0.40830269324988666,0.21307244399065145,0.0
0.21988212902843887,0.34214766776302236,0.2190163450212255,0.21895385818731322
0.4101774093691985,0.2939940677996899,0.2958285228311116,0.0
0.27323339532818575,0.2418706513071858,0.24295463987563046,0.24194131348899797
0.24972296522308007,0.2501251647360047,0.24979127532093834,0.2503605947199769
0.24927452526310415,0.2493805133895451,0.25009383593175416,0.25125112541559663
0.2133826812428115,0.7866173187571885,0.0,0.0
0.3467098460803412,0.6532901539196587,0.0,0.0
0.29902059650263596,0.3343015874861092,0.3666778160112548,0.0
0.24960413561519462,0.25006677372688085,0.2506528378695963,0.2496762527883284
0.2502061066538489,0.24973712178945973,0.24989040895164905,0.25016636260504227
0.5659892630544822,0.4340107369455179,0.0,0.0
0.31697959132333137,0.329524519688535,0.35349588898813356,0.0
0.2496235190781375,0.25130963493667596,0.24937758718340983,0.24968925880177678
0.6704639707998604,0.3295360292001396,0.0,0.0
0.7562917185466204,0.041198501311441746,0.16131924810357412,0.04119053203836372
0.8382680057119019,0.08056512134909431,0.0005812056389919541,0.08058566730001186
0.7240381741321857,0.2759618258678143,0.0,0.0
0.8328631692397653,0.08239697432964904,0.0023499286386975842,0.08238992779188806
0.5106547075337943,0.24224930239083514,0.2420002825228072,0.005095707552563187
0.16717862205006045,0.6976438437058191,0.067398519328607,0.06777901491551341
0.9870317339398121,0.0076325827163554565,0.0011404129625143468,0.004195270381317973
0.3438967610611156,0.3944775198951736,0.26162571904371074,0.0
0.3125221275065905,0.41461180539235737,0.13647377867201219,0.13639228842903992
0.22012343599644932,0.573275510520744,0.2066010534828067,0.0
0.7686550925197494,0.0012777861054040394,0.19913229707494903,0.030934824299897544
0.759394188780742,0.08708261245552795,0.15352319876373,0.0
0.20867751597096576,0.03514536251430681,0.7527535969589474,0.0034235245557798725
0.8366434083381756,0.045983548606074356,0.00789902591873761,0.10947401713701252
0.18547369366370967,0.18492592841714736,0.4446775466057987,0.18492283131334417
0.5011869632602116,0.4988130367397883,0.0,0.0
0.5294480542674829,0.47055194573251713,0.0,0.0
0.6522713907786266,0.14079473369718096,0.2069338755241925,0.0
0.24233499640695358,0.27242814932105475,0.24320446657229722,0.24203238769969437
0.636978807722822,0.12099321964874467,0.12103921837010391,0.12098875425832963
0.6346370772325507,0.3653629227674493,0.0,0.0
0.2977331698383282,0.0812385153764457,0.6210283147852261,0.0
0.44541458190583283,0.18489862357095893,0.18488673193578856,0.18480006258741963
0.2863314423345565,0.7136685576654435,0.0,0.0
0.18046202960105104,0.4585536486981481,0.18046110683582756,0.1805232148649733
0.9230660067612175,6.105537020002842e-5,0.0387494358158515,0.03812350205273092
0.978072114923379,0.021927885076621,0.0,0.0
0.18005983427240851,0.760057170628998,0.029952938490216508,0.029930056608376995
0.10949067304461742,0.671416969593186,0.10961001034121201,0.10948234702098478
0.2026937006216026,0.2024637633882001,0.3846291333497376,0.21021340264045982
0.9668363774022485,0.024500729223278138,0.0025203327057522385,0.006142560668721165
0.6633809234386567,0.196066034641534,0.14055304191980925,0.0
0.18473478555256084,0.40380408218362573,0.22856297725221492,0.18289815501159842
0.18821724428128997,0.5803255952843347,0.2314571604343753,0.0
0.8309451873541717,0.0002626212489759226,0.08681630704910707,0.0819758843477452
0.4791898616813225,0.28699778732006914,0.23381235099860836,0.0
0.11878950006132266,0.8028928827794828,0.0003898984385729722,0.07792771872062147
0.8062116513388509,5.896559562921908e-5,0.14874910712106543,0.04498027594445443
3.58062605496467e-5,0.8905911490980554,0.07706036909542935,0.03231267554596573
0.21676476128575048,0.7832352387142495,0.0,0.0
0.26439008219770693,0.735609917802293,0.0,0.0
0.2992457065150615,0.3832348322899589,0.3175194611949796,0.0
0.17771293758721624,0.46635873590728727,0.17817427575467307,0.17775405075082348
0.5840387194620319,0.13864722437575752,0.13864989528937433,0.13866416087283628
0.6874251757136088,0.3125748242863913,0.0,0.0
0.25283922014855026,0.5906980273700615,0.15646275248138816,0.0
0.31151480981123536,0.34699862339031845,0.3414865667984462,0.0
0.3512254052559035,0.6487745947440964,0.0,0.0
0.2440711822486244,0.5121461327619372,0.24378268498943834,0.0
0.3689896084275673,0.36649711377299676,0.2645132777994359,0.0
0.8558563420035674,0.1441436579964325,0.0,0.0
0.11856682044132645,0.7599789781883921,0.12145420137028165,0.0
0.44560504712924776,0.4660142805948087,0.0883806722759434,0.0
0.2895369429029215,0.430976347721713,0.27948670937536546,0.0
0.3373166723970227,0.5105278796253732,0.15215544797760414,0.0
0.35389148472509435,0.32822265700578956,0.317885858269116,0.0
0.9239423232153835,0.018745924490213655,0.05731175229440281,0.0
0.797903993860737,0.10248288800186849,0.09961311813739465,0.0
0.6479218840809025,0.24367623710081004,0.1084018788182874,0.0
0.9242445108570854,0.04135777039647814,0.03439771874643634,0.0
0.6593743927223766,0.3354800970192129,0.005145510258410401,0.0
0.38835926418204453,0.31788944341842995,0.29375129239952547,0.0
0.3427811609094936,0.48653687393537876,0.1706819651551277,0.0
0.47514574821094624,0.5248542517890539,0.0,0.0
0.7762920539236221,0.22370794607637784,0.0,0.0
0.3996890352841039,0.29358203704513886,0.30672892767075727,0.0
0.46800795734980266,0.30394634178854507,0.22804570086165224,0.0
0.47775036882041483,0.261823773383461,0.2604258577961242,0.0
0.4400943044758883,0.5599056955241116,0.0,0.0
0.35556438672005847,0.37138623689589956,0.27304937638404186,0.0
0.2498513970254517,0.24962482179505988,0.2508381767056163,0.2496856044738721
0.5478163757670619,0.4521836242329382,0.0,0.0
0.1265530636764143,0.3055748156964275,0.4413545919736161,0.12651752865354218
0.31958282069029276,0.36643618002694894,0.15532514085048207,0.15865585843227628
0.8399549575623529,0.16004504243764703,0.0,0.0
0.20153247334574423,0.3954677532938078,0.20146319415937827,0.20153657920106963
0.26356912209582384,0.24891198657146515,0.24387041733882892,0.24364847399388215
0.24986299479955235,0.25110630364612585,0.24961281762198967,0.24941788393233208
0.43588036102640987,0.3477838645944052,0.1499670827668014,0.06636869161238365
0.22211867562658533,0.40739557786075536,0.1866649971536365,0.18382074935902276
0.9084975367092412,0.022069814905422154,0.06943264838533668,0.0
0.8899994185091271,0.05522307067065715,0.0547775108202158,0.0
0.6019727271346226,0.033589613228225686,0.33202883639950304,0.03240882323764864
0.947761011508867,0.04969698364780605,0.0025420048433269817,0.0
0.32177520075591715,0.2254149738422297,0.2274293965211958,0.22538042888065718
0.4123289431050867,0.22927679444201007,0.23881278308981765,0.11958147936308561
0.2455321215994091,0.26326346885341684,0.24568150593548174,0.24552290361169224
0.41333813490846083,0.5866618650915392,0.0,0.0
0.5891281337497282,0.4108718662502719,0.0,0.0
0.7829129525269429,0.019089251414130884,0.19799779605892617,0.0
0.5164673668860309,0.19269615840223123,0.17849458693438264,0.11234188777735517
0.2884484407997797,0.23738870241923662,0.2371539218548461,0.2370089349261375
0.5932241794638516,0.40677582053614836,0.0,0.0
0.481551873792642,0.2617914381132978,0.25665668809406017,0.0
0.49735658498379415,0.3045015006876008,0.19814191432860515,0.0
0.6307019546720445,0.3692980453279555,0.0,0.0
0.3298327919286178,0.33641561159332606,0.33375159647805597,0.0
0.7680099706846659,0.22384444270418888,0.008145586611145127,0.0
0.5944115785871253,0.40558842141287454,0.0,0.0
0.3761678930169241,0.4920125555403751,0.1318195514427009,0.0
0.286768532725691,0.5436365298646997,0.1695949374096093,0.0
0.33624569890193523,0.3503158090107829,0.313438492087282,0.0
0.4653463224389641,0.3032518473158196,0.2314018302452163,0.0
0.3579916195330477,0.3218123407770266,0.32019603968992566,0.0
0.7273417432846833,0.13728138943403595,0.1353768672812808,0.0
0.8396324749121646,0.08019410766576682,0.08017341742206865,0.0
0.9082837506322068,0.04703538827776408,0.04468086109002928,0.0
0.7088389164441884,0.1455418998887449,0.14561918366706675,0.0
0.6353876381294964,0.1818537357472958,0.18275862612320778,0.0
0.2961149892318935,0.40986491576895684,0.29402009499914966,0.0
0.2516660858780069,0.25631138067234577,0.4920225334496473,0.0
0.6040621455123795,0.3959378544876206,0.0,0.0
0.5982420668320749,0.401757933167925,0.0,0.0
0.5748849021105598,0.18831624731693727,0.23679885057250297,0.0
0.2785397822213649,0.4483202196231139,0.2731399981555212,0.0
0.43406544015549703,0.29848057711479475,0.26745398272970816,0.0
0.7156072072842599,0.28439279271574014,0.0,0.0
0.9096855599001441,0.030515128718925515,0.05979931138093047,0.0
0.10560437859929651,0.1789193501865695,0.048696036726590265,0.6667802344875438
0.32097759831725986,0.6790224016827401,0.0,0.0
0.00038421372560864034,0.16616258620943944,0.815037311682563,0.01841588838238876
0.1228550349288373,0.8003149623560202,0.07550701988438066,0.001322982830761923
0.14894213705221213,0.8510578629477878,0.0,0.0
0.061697154571338925,0.8041879700428256,0.1007247169565289,0.033390158429306496
0.17478581090386827,0.47503201378609694,0.1754549858633973,0.1747271894466374
0.293829567655002,0.5830683181289734,0.061427712309885946,0.06167440190613861
0.8142821080354005,0.0033110112955281163,0.12637641576143263,0.056030464907638584
0.8787154998194943,0.00042144056474338674,0.07780989847263851,0.04305316114312402
0.5343760426489208,0.28338860999235777,0.18223534735872146,0.0
0.19990980855424773,0.19908626035034047,0.4019221490785001,0.19908178201691162
0.78548194254901,0.10736543627654874,0.10715262117444119,0.0
0.01994921148470026,0.30229657126820203,0.6777542172470976,0.0
0.1312247218323843,0.8427080561546655,0.013122940114571107,0.012944281898379128
0.9374674592263996,0.030312440154803767,0.01611208034357758,0.016108020275219032
0.07555676327159963,0.1146405353342768,0.6951229336542006,0.114679767739923
0.5292180919397846,0.47078190806021536,0.0,0.0
0.9485927842071274,0.051407215792872635,0.0,0.0
0.21621656593368158,0.5634522884724741,0.22033114559384442,0.0
0.13470640306082812,0.4797216164525936,0.0003470677541468103,0.3852249127324315
0.9090346434218485,0.003069373157765172,0.04394843496294183,0.043947548457444426
0.8640571877128488,0.1359428122871512,0.0,0.0
0.17661466193553324,0.21355530795752012,0.6098300301069467,0.0
0.3364732147769091,0.32768481431163426,0.3358419709114566,0.0
0.7293516578329371,0.27064834216706296,0.0,0.0
0.06496200372664228,0.4717828270930385,0.4632551691803192,0.0
0.622591045652945,0.328423648124907,0.04898530622214802,0.0
0.5218830947819865,0.4781169052180135,0.0,0.0
0.7097081574853795,0.1450087037597325,0.145283138754888,0.0
0.6005293969475635,0.03309585271570942,0.36637475033672706,0.0
0.3868476545897239,0.3099391822961687,0.3032131631141074,0.0
0.49692508011570763,0.25335877059298123,0.24971614929131122,0.0
0.5041581932345308,0.3019159400727715,0.19392586669269776,0.0
0.8917928066032512,0.05562163545236094,0.05258555794438768,0.0
0.9050703541972779,0.06443732081105007,0.03049232499167202,0.0
0.7496191986186475,0.12644704540730795,0.12393375597404443,0.0
0.015443909124863712,0.46993786333625603,0.5146182275388802,0.0
0.45903576815108565,0.16820172869344122,0.37276250315547316,0.0
0.2847256662866745,0.4190868961793324,0.296187437533993,0.0
0.2021241722436578,0.41530189632239345,0.3825739314339488,0.0
0.1973480710748349,0.8026519289251651,0.0,0.0
0.5709460319789349,0.4290539680210652,0.0,0.0
0.313509582767078,0.3607364415839251,0.3257539756489968,0.0
0.1802845806227647,0.35858458242995334,0.461130836947282,0.0
0.15010397314011356,0.7143258098110927,0.13557021704879366,0.0
0.3209511605090058,0.6790488394909943,0.0,0.0
0.5250214507698702,0.2341994470657479,0.24077910216438195,0.0
0.23857261518493936,0.24082813618656657,0.23840898987969714,0.28219025874879705
0.8584124043455174,0.14158759565448262,0.0,0.0
0.9110175719142428,0.042952838753753525,0.0068758455424944645,0.039153743789509136
0.0037517765042666185,0.2308860083822645,0.5196308258726756,0.2457313892407932
0.6215660997668762,0.3784339002331238,0.0,0.0
0.19387022146695318,0.5914758047285348,0.10731772261918826,0.10733625118532361
0.2828781546513991,0.24460112168515066,0.23621448509362136,0.2363062385698287
0.2715838955613874,0.24315320945337973,0.24259718327480487,0.24266571171042806
0.14421793655179116,0.12929340763366648,0.7234749482740742,0.0030137075404681225
6.9779209007226924e-12,0.14974879610741637,0.8138513621971881,0.036399841688417624
0.3437165087822602,0.3672389983768721,0.2890444928408677,0.0
0.4138661640246297,0.5222685483682428,0.032152760244325666,0.03171252736280192
0.8097143434510764,0.09435190731688418,0.0959337492320394,0.0
0.08327472293353703,0.7506163146334094,0.08305605765632586,0.08305290477672764
0.4926912594085722,0.3986336471404252,0.10867509345100258,0.0
0.9299945230451312,0.027057371340213507,0.0012385586692403657,0.04170954694541492
0.9517445203967185,0.005031003000706774,0.0003101123272267964,0.04291436427534783
0.46333064671525215,0.5366693532847477,0.0,0.0
0.7113805248813664,0.2886194751186336,0.0,0.0
0.660198024378156,0.16576872342838045,0.1740332521934636,0.0
0.8895975163939535,0.054950982142736804,0.001800830527454747,0.05365067093585507
0.05770473406987954,0.22616287361550347,0.7161323923080127,6.60417541496157e-12
0.5644029486211919,0.43559705137880816,0.0,0.0
0.0749517044348779,0.6666776795216391,0.25837061604348305,0.0
0.2500414295263697,0.2506991394706917,0.2496583731498144,0.2496010578531241
0.646340816338132,0.35365918366186805,0.0,0.0
0.9344802990997072,1.130400689885143e-5,0.05140299094064743,0.014105405952746496
0.6035450416457193,0.029148259887070142,0.18169895685766974,0.18560774160954088
0.734552705886485,0.26544729411351503,0.0,0.0
0.867954366561217,0.04422069052665282,0.0436910088088152,0.044133934103314815
0.2290555950506771,0.32761889564742297,0.2216372896789489,0.22168821962295107
0.5480265156290027,0.11260658363944528,0.24188047904208687,0.09748642168946511
0.6433946400761784,0.3087864218348069,0.043197450528737635,0.004621487560277011
0.8419175640995069,5.3145708552717345e-12,0.12908976978782455,0.028992666107353758
0.800514890144424,0.1868853274005207,0.012599782455055298,0.0
0.46992661193100094,0.17672310361726454,0.17673289264052153,0.1766173918112129
0.4664815438812811,0.2660747149049442,0.26744374121377457,0.0
0.7691792906545546,0.07696549254785422,0.07692827340234801,0.0769269433952432
0.2191554765272974,0.5572145614781556,0.22362996199454702,0.0
0.937969470048565,0.0014261057624254708,0.046311718228293414,0.014292705960716214
0.8951341839533097,0.03795621705366489,0.0011863205011815713,0.06572327849184376
0.7842171454927666,0.21578285450723342,0.0,0.0
0.7272208031291838,0.27277919687081625,0.0,0.0
0.7370517965729174,0.09610181215367472,0.16684639127340778,0.0
0.22466443393321414,0.7449339580913651,0.024970072054955893,0.0054315359204647915
0.06319373132968333,0.6813277978539282,0.18181580592390778,0.0736626648924807
0.6000694236081562,0.39993057639184376,0.0,0.0
0.4446044043043229,0.22629835679190052,0.32909723890377657,0.0
0.24908597686599915,0.2492334113900874,0.24893251313697878,0.25274809860693453
0.5718777221130245,0.42812227788697566,0.0,0.0
0.33210203770780705,0.11194780172089086,0.2773690896421999,0.2785810709291021
0.15121815608801656,0.15121772626847654,0.4418851613220543,0.2556789563214527
0.6886778915223395,0.3113221084776606,0.0,0.0
0.24977565364186186,0.24999744156249765,0.249821375172227,0.2504055296234135
0.25015551905188455,0.2496996203542624,0.25043257912516304,0.24971228146869004
0.3890426664876925,0.19570030577008285,0.195679554439681,0.2195774733025437
0.09114133428033151,0.0913906362782922,0.7263421853879457,0.0911258440534306
8.041767761638307e-12,0.11938524817412678,0.757212130976291,0.1234026208415403
0.3306482219338029,0.3482711682398852,0.3210806098263119,0.0
0.25382088834737565,0.24863152054822166,0.2490309345532787,0.2485166565511239
0.5607260959549457,0.2317836054743004,0.2074902985707539,0.0
0.11486268645876663,0.11613055099943519,0.6541504105242806,0.11485635201751757
0.3420760996142855,0.40467865433084393,0.2532452460548706,0.0
0.9448459552071029,0.015037517288182364,0.00019578265898287419,0.03992074484573171
0.8554142650479514,0.03252239773160837,0.000581169362432545,0.11148216785800774
0.8828810466047324,0.11711895339526757,0.0,0.0
0.22952134317621153,0.7704786568237885,0.0,0.0
0.8866964651299425,0.056688210205448515,0.05661532466460889,0.0
0.9142665247816424,0.04283994932592612,0.020813866942606677,0.02207965894982492
0.16840723635331442,0.08262896509334923,0.7489637985472287,6.107612630440435e-12
0.6964783825114824,0.3035216174885175,0.0,0.0
0.2725790171550636,0.45428431410148223,0.27313666874345416,0.0
0.4755850623029529,0.5244149376970472,0.0,0.0
0.6335076330878933,0.36649236691210674,0.0,0.0
0.2540389212619448,0.7459610787380554,0.0,0.0
0.8450672875001669,0.15493271249983315,0.0,0.0
0.541377861212922,0.45862213878707814,0.0,0.0
0.6218210440234443,0.3781789559765556,0.0,0.0
0.6418614808642642,0.35813851913573574,0.0,0.0
0.5708234790811221,0.4291765209188779,0.0,0.0
0.3233921585264484,0.6766078414735517,0.0,0.0
0.25904368290805585,0.7409563170919441,0.0,0.0
0.3996687524503345,0.6003312475496656,0.0,0.0
0.5226674661082424,0.4773325338917576,0.0,0.0
0.45885037309439625,0.5411496269056038,0.0,0.0
0.38736722263974793,0.612632777360252,0.0,0.0
0.5703341658131559,0.429665834186844,0.0,0.0
0.48517186437649457,0.5148281356235054,0.0,0.0
0.7530484679781433,0.24695153202185674,0.0,0.0
0.8525961463375282,0.14740385366247172,0.0,0.0
0.691427653897548,0.308572346102452,0.0,0.0
0.840457927167673,0.159542072832327,0.0,0.0
0.8667080144319855,0.13329198556801444,0.0,0.0
0.20877042965150747,0.7912295703484925,0.0,0.0
0.6059184087125252,0.3940815912874748,0.0,0.0
0.5552058386864821,0.4447941613135178,0.0,0.0
0.43718980616412195,0.562810193835878,0.0,0.0
0.5685875576362006,0.43141244236379933,0.0,0.0
0.25758138686345083,0.7424186131365492,0.0,0.0
0.7557197473622431,0.24428025263775696,0.0,0.0
0.535316817352386,0.4646831826476141,0.0,0.0
0.8648614719795616,0.13513852802043838,0.0,0.0
0.7381920567845949,0.2618079432154052,0.0,0.0
0.56827248018878,0.43172751981121993,0.0,0.0
0.4390679459053977,0.5609320540946023,0.0,0.0
0.12567803630103608,0.8743219636989639,0.0,0.0
0.6399626394618753,0.36003736053812485,0.0,0.0
0.7777572846119084,0.2222427153880915,0.0,0.0
0.5427655864195274,0.45723441358047257,0.0,0.0
0.7993725250669677,0.20062747493303232,0.0,0.0
0.6301124765788344,0.36988752342116554,0.0,0.0
0.6481233294504737,0.3518766705495263,0.0,0.0
0.619988926590178,0.38001107340982193,0.0,0.0
0.7271012871328361,0.272898712867164,0.0,0.0
0.6981191511411698,0.30188084885883004,0.0,0.0
0.873063764352766,0.126936235647234,0.0,0.0
0.7658722691419012,0.23412773085809876,0.0,0.0
0.9061340166975768,0.0938659833024233,0.0,0.0
0.6509506159372407,0.3490493840627592,0.0,0.0
0.6868239659234223,0.3131760340765776,0.0,0.0
0.4471948288742396,0.27852765799426943,0.27427751313149096,0.0
0.6014576761617697,0.3985423238382303,0.0,0.0
0.8066396042827844,0.09869281873768386,0.09466757697953168,0.0
0.020987823954850295,0.2887497853864824,0.6902623906586672,0.0
0.45762077086636865,0.5423792291336315,0.0,0.0
0.1688897194202285,0.6576978901015355,0.17341239047823595,0.0
0.5582294494567326,0.21954412043114055,0.22222643011212692,0.0
0.37361758819352564,0.3146993793736324,0.31168303243284196,0.0
0.1939268894189347,0.5571704009635603,0.24890270961750485,0.0
0.188081003252069,0.6227744023728268,0.18914459437510422,0.0
0.48297913240648055,0.25467424705719954,0.2623466205363199,0.0
0.2819821452776224,0.42927515459627086,0.2887427001261067,0.0
0.1658569372550701,0.6608369766466885,0.17330608609824147,0.0
0.21746444688164174,0.5606533327406433,0.2218822203777149,0.0
0.2437323916035611,0.49040997508804585,0.26585763330839296,0.0
0.411724237209657,0.4387522362674397,0.1495235265229034,0.0
0.47947832482505215,0.394131189996465,0.12639048517848292,0.0
0.8784332093868378,0.06100189002665512,0.06056490058650706,0.0
0.7459653697087518,0.2540346302912482,0.0,0.0
0.9370581538322199,0.0629418461677801,0.0,0.0
0.26959525181601557,0.6633206279025664,0.06708412028141805,0.0
0.715906008922352,0.14143863760839143,0.14265535346925645,0.0
0.7538115502675896,0.24618844973241027,0.0,0.0
0.44117973392491316,0.2775137027104233,0.2813065633646635,0.0
0.18069073124667165,0.2006330222935962,0.4385998024426216,0.18007644401711054
0.8659687407409028,0.13403125925909723,0.0,0.0
0.8957444588670744,0.041314629251372796,0.037637590983874716,0.025303320897678033
0.17623128127423646,0.47088305071290965,0.17664356360470362,0.17624210440815036
0.3386350824662429,0.661364917533757,0.0,0.0
0.24495349740901667,0.2654100216208083,0.24477164297547854,0.24486483799469663
0.29190727101223823,0.2383572662038863,0.23487925470361953,0.23485620808025592
0.491217388027095,0.16893199587865076,0.16895285197927354,0.17089776411498062
0.4312073220077901,0.19274502756692147,0.31024869951381845,0.06579895091147006
9.206321398812654e-12,0.28638300991017773,0.12990867494150782,0.5837083151391083
0.33910185230916157,0.5291790413959038,0.13171910629493466,0.0
0.20738576556464108,0.4241511232825954,0.19771497712541763,0.17074813402734598
0.390327859937025,0.3096082339356529,0.3000639061273221,0.0
0.19127196755423176,0.5208722705354983,6.158564902999349e-12,0.28785576190411133
0.3105309609622924,0.3643485894737541,0.32512044956395353,0.0
0.9524343359149846,0.010428521905470965,0.014967409787663718,0.022169732391880744
0.09191240560835676,0.48896764605985715,0.323534098109337,0.09558585022244903
0.9716535560673439,0.006245629380997223,0.008392973920067113,0.013707840631591752
0.858106465245936,0.14189353475406397,0.0,0.0
0.7274741207544528,0.2725258792455472,0.0,0.0
0.3447609131806788,0.4781658818966805,0.17707320492264056,0.0
0.9252710049835854,0.01447648719235539,3.8934179957038326e-12,0.06025250782016584
0.6734162560868298,0.3265837439131702,0.0,0.0
0.3916596783217913,0.3992056169719076,0.2091347047063012,0.0
0.24305539782772256,0.22618529947697152,0.22574149693447929,0.3050178057608267
0.15289855542113387,0.8471014445788662,0.0,0.0
0.00026166262663828284,0.1258334314203686,0.7442823323759752,0.12962257357701787
0.4685935050316988,0.17716841845444162,0.17731947652952834,0.17691859998433118
0.6398200884388838,0.3601799115611162,0.0,0.0
0.415315975113732,0.5455832646088249,0.019692376162311596,0.01940838411513139
0.1661825133922206,0.16748722537448463,0.4920384258435982,0.17429183538969653
0.250021128241786,0.2500303125984034,0.2501022621023391,0.24984629705747144
0.26247486778023654,0.4188884204225491,0.1593335886531827,0.1593031231440318
0.5829684487991598,0.3314896229061948,0.0320367481258935,0.05350518016875188
0.5227218248264558,0.2308934019114898,0.24638477326205452,0.0
0.21236822213954334,0.33265849194938946,0.24309793648201336,0.21187534942905378
0.6157399834864772,0.1926208237692818,0.19163919274424102,0.0
0.9149350119757812,0.028361599448301973,0.02834614650735522,0.0283572420685615
0.2561852991154727,0.46690398013018763,0.2769107207543396,0.0
0.30855833315051306,0.5390300305548421,0.00016802428862501198,0.15224361200601966
0.05510941909094813,0.6638646568189707,0.2040197325686787,0.0770061915214025
0.5963924885506213,0.10762638652068825,0.295901581233166,7.954369552444421e-5
0.1888471110708727,0.8111528889291274,0.0,0.0
0.8718217345844671,0.12817826541553284,0.0,0.0
0.1710461429950806,0.43077539390655795,0.39817846309836136,0.0
0.9647470235546504,0.0004993434225426214,0.017310641692103997,0.01744299133070309
0.687084148173575,0.31291585182642506,0.0,0.0
0.7694922632159925,0.11526784509025904,0.11523989169374843,0.0
0.45666870900965206,0.5433312909903478,0.0,0.0
0.8303757792266678,0.1696242207733322,0.0,0.0
0.832106209800071,0.167893790199929,0.0,0.0
0.36801756422230825,0.6319824357776919,0.0,0.0
0.47171508020117686,0.5282849197988231,0.0,0.0
0.61941301596275,0.38058698403724994,0.0,0.0
0.7736598086056653,0.2263401913943348,0.0,0.0
0.5242415584150684,0.4757584415849316,0.0,0.0
0.6401709681984313,0.3598290318015687,0.0,0.0
0.6685841746282272,0.3314158253717729,0.0,0.0
0.39016286521378446,0.6098371347862155,0.0,0.0
0.3146475100284585,0.6853524899715415,0.0,0.0
0.854093847622505,0.14590615237749502,0.0,0.0
0.7245146796752152,0.2754853203247848,0.0,0.0
0.160109230717741,0.839890769282259,0.0,0.0
0.6202620582692947,0.3797379417307053,0.0,0.0
0.6215303430388199,0.37846965696118007,0.0,0.0
0.8150954448746642,0.18490455512533568,0.0,0.0
0.6191685549321967,0.3808314450678033,0.0,0.0
0.7503050613241449,0.24969493867585513,0.0,0.0
0.746014606873963,0.2539853931260369,0.0,0.0
0.7943110325468508,0.20568896745314924,0.0,0.0
0.8794750528780191,0.12052494712198093,0.0,0.0
0.9731241413053057,0.02687585869469438,0.0,0.0
0.3266982292109846,0.34967109307357697,0.32363067771543835,0.0
0.40756805717111777,0.5924319428288822,0.0,0.0
0.7124743067807152,0.15312875360230935,0.13439693961697532,0.0
0.3186289460031542,0.32906020733225244,0.3523108466645934,0.0
0.5641498006007719,0.43585019939922803,0.0,0.0
0.45519229293898666,0.24361524503955329,0.30119246202146005,0.0
0.34391169162436924,0.3359223364227874,0.32016597195284335,0.0
0.325300400195313,0.2896375951640904,0.38506200464059653,0.0
0.2779322562856417,0.09985337328453209,0.6222143704298263,0.0
0.24509597346605672,0.5642070046867487,0.19069702184719461,0.0
0.4777262245141743,0.2696638758116854,0.2526098996741404,0.0
0.4979137530703083,0.25344567639227683,0.24864057053741503,0.0
0.9122354720803285,0.04394291507437423,0.043821612845297335,0.0
0.20720963712509716,0.5878323243109276,0.2049580385639753,0.0
0.4420507668262346,0.2839481281676717,0.27400110500609365,0.0
0.11662835335063591,0.6086015926195699,0.2747700540297941,0.0
0.1269569095310474,0.7496834624281872,0.12335962804076554,0.0
0.012283840338850691,0.598296354515897,0.3894198051452524,0.0
0.8058895595801604,0.19411044041983946,0.0,0.0
0.8182206897516748,0.18177931024832508,0.0,0.0
0.2777464159194106,0.47696095386511317,0.2452926302154762,0.0
0.5794046375368612,0.2102891590676061,0.2103062033955327,0.0
0.8164082061901646,0.16390857977635157,0.01968321403348376,0.0
0.9607272698933105,0.03927273010668953,0.0,0.0
