---flow_allocation with alpha---
0.10539765881557497
0.18772959850896676
0.07690356052514452
1.1753109824543983e-12
5.885037285968616e-13
0.13566423029375876
0.07528311582288441
1.4549519025211405e-12
8.642201873411494e-13
2.8541422969409453e-13
2.883867292257197e-13
2.2973461396839574e-13
8.23433903027235e-13
5.189432277718047e-13
2.2149645995908028e-12
1.2060857379635957e-12
5.94208990527498e-13
3.390893779023989e-13
1.826757357501094e-13
3.9613760894121627e-13
6.266500189176891e-13
6.387177937958329e-13
1.532379753623571e-13
2.2974033865534517e-13
0.02207495697784773
0.14518806178918994
0.040589259253328513
3.594714495724498e-13
7.065669082891064e-13
0.05162866535706563
0.0854557494922636
3.296364130067743e-13
4.645091615122316e-13
1.8958562530971328e-13
1.8954627440989189e-13
1.7276739688361718e-13
3.29415703942676e-13
3.834517140221814e-13
1.3455020161257982e-12
1.5277888308144404e-12
3.286559869497611e-13
3.109373175314693e-13
1.7472515236924539e-13
3.094209274285919e-13
3.686876375833867e-13
2.4135679735512454e-13
1.462582639693726e-13
1.24504247484135e-13
0.07236573121566174
0.0909253625264952
0.1311034692587906
2.61267391423805e-13
8.063817081442406e-13
0.051291467925655525
0.09252457593409515
1.3975955091425695e-6
0.07707307130838348
4.1186251145891834e-13
4.910740883523799e-13
4.066800421041625e-13
0.14737392378412836
4.670748992248352e-13
0.16191783431635165
0.14770306251315976
0.21826961577256698
0.043900763830949624
3.787583520221564e-13
0.21256779291170894
0.04165484587005523
0.12701218212138998
2.677075592341247e-13
3.6312714992767805e-13
0.018502668163903
0.009834304672001252
0.19156640793702917
2.5969197288231187e-13
7.340836342073955e-13
0.15883596533242228
0.0253947778437099
0.2145065333918116
0.16618493559090092
2.656428235092783e-13
3.9352694495763477e-13
2.2924112501180674e-13
0.012265736257604685
4.134553872077604e-13
8.614986213511314e-13
0.05317976553799171
6.05040213976073e-13
3.354311041448404e-13
1.7019267921349944e-13
3.353119029530171e-13
5.713117035267788e-13
6.797672069268831e-13
1.9242087647087019e-13
2.525160980730044e-13
0.014455518365072917
1.6706270651198079e-12
4.24491278381972e-13
8.042020082455818e-13
0.09824867754283159
8.433788823616875e-13
0.1981122689558272
7.729924602482599e-13
4.946121446682657e-13
3.391557184370617e-13
3.3769931339612486e-13
2.2346565979559203e-13
0.09405979693581436
0.020259318429208164
3.9820067617809714e-13
4.006676789562608e-13
3.382507964804969e-13
2.951327275678676e-13
1.6157183501041704e-13
2.897772926561858e-13
2.0470665454421573e-13
1.4236127350334995e-12
1.5323337604491756e-13
1.535046250145008e-13
0.0851398412897729
1.5946754361324863e-12
1.6987178243190474e-8
0.07289801589056956
0.2125677929109191
1.132773883019106e-12
0.0046523146210803
0.025197977483228533
0.14657759526580638
0.022451763013059286
0.11563329065058377
0.013427691902227716
0.01918803658289724
0.032621303958273895
0.057330331624338426
0.0021699885358604015
9.769154846979225e-13
1.84736804280752e-12
2.64220728777807e-13
3.175947985352461e-13
5.258814108931374e-13
4.187562252898934e-11
2.681987622168292e-13
4.291767666782824e-13
0.14383262601407465
0.18367170339164451
0.0016366270432482523
0.14906692705515193
7.019370967864031e-13
7.958395515248548e-13
0.14392513339187357
1.2472919924499835e-12
7.698692774634523e-11
2.952171561133696e-13
3.54439739677659e-13
2.3135960590999697e-13
5.694124000844044e-13
4.517234082082476e-13
6.525403415067033e-13
0.013677733319424437
6.532844276191949e-13
3.774473099579972e-13
1.8968351826195023e-13
4.2174743883655886e-13
4.917407438835031e-13
5.539662918571363e-13
1.488561529527689e-13
2.0308474584725837e-13
0.16320492753456534
0.01906177996366273
9.061296812335459e-10
0.02291161024174894
0.21256779290858605
0.2125677927433802
0.12036190639438453
1.5987992176073497e-10
6.370719993970126e-13
2.751568128001823e-13
3.295533224296813e-13
2.673860916652404e-13
5.957247052890947e-13
3.4279415538075326e-13
1.538765362982118e-12
9.407233621705171e-13
4.555283312886236e-13
2.498971311138174e-13
1.5261300179837172e-13
3.0816394003819187e-13
4.5003863419604685e-13
4.903273859889894e-13
1.2756161898483977e-13
1.8822310209593562e-13
5.427872058511992e-13
3.6547392960327657e-13
9.585989023697359e-13
0.20565995767111014
3.125367729664145e-13
0.06340031287598999
8.484596320040386e-13
0.12277551758435189
0.2125677929115597
5.24072224449445e-13
5.677429774549163e-13
3.7511638835165116e-13
0.23895972259827788
1.2315801273629583e-8
7.711377259353755e-13
3.0426163522117373e-12
7.439705869012673e-13
2.863632530507076e-13
1.6002478680372377e-13
2.649336629297156e-13
5.28742373080581e-13
1.4912034498673152e-12
1.8352906134393683e-13
3.4800426796320035e-13
1.307170454039843e-12
1.2056794305627798e-12
0.08649965929488244
0.09929753284058235
2.9475181216449185e-13
0.21256781334562314
0.1179168262506339
2.1574537358186326e-12
0.13187908874725893
1.7044998136632827e-11
9.452177786980438e-13
3.955706451805959e-13
0.06474263146218688
1.2705760182635895e-12
0.025157704760173635
0.18038940796470995
2.271725175552325e-12
5.480395383673563e-13
2.2501676357516285e-13
2.0210381779690168e-12
1.0764771031329812e-9
0.21256779290965214
3.54673965219822e-13
4.819054669365339e-13
3.1634724568666774e-13
2.470996398370475e-13
3.6712609008138097e-13
4.901658621251403e-13
2.4555043617828675e-13
6.235294618220214e-12
4.1566322862676124e-13
3.9163108997493796e-13
6.522521663372426e-12
6.380226680987048e-13
0.02734887658101394
5.601279956890093e-12
0.2708888243780986
0.1827008488880949
5.881220487558942e-13
0.00806138404799743
4.734978496503735e-13
3.2399573538200853e-13
1.6411915877936948e-13
3.4405518293733167e-13
4.721016195503368e-13
3.3145160357043917e-12
3.364913530952628e-13
3.9928465626152893e-13
3.8184855277024383e-13
1.826534016870844e-13
5.322282062551911e-13
5.141210324651461e-13
2.493173328529965e-13
6.388832137912376e-10
4.5316266242541706e-13
4.495916241156207e-13
3.1870686628358895e-9
7.067180005451236e-13
0.09308292210368123
0.21256779290599417
0.14618537416627345
0.02494146023628867
8.275339507941422e-13
4.975433372526608e-12
5.298362754586724e-13
3.175168017182579e-13
1.62471918832395e-13
3.377411506492438e-13
5.429807057899724e-13
2.189948020479829e-12
3.5273548543307107e-13
4.035047404500232e-13
3.0196355826170173e-13
2.2321992359453985e-13
7.680031038400231e-13
6.022362862556425e-13
2.3834492075933276e-13
0.0006315953448562269
3.71843235023728e-13
3.274207607256397e-13
1.6802488558664662e-11
4.81486471308206e-13
6.098324422407085e-10
0.18564482623518497
0.17444248384942748
0.026922966067954683
0.008956628997112507
8.921322563430615e-13
4.621936398443071e-13
1.7144469621800066e-12
2.562815533089235e-13
2.814925543515703e-13
4.683417117016545e-13
1.5489641750682742e-12
0.03554211306992349
0.17702567983920076
6.353374942807212e-13
2.6194994147174075e-13
0.03792651451733621
0.001369038981508114
3.5610790349883594e-13
0.19033398505638568
7.491931066228955e-13
1.1447366648320387e-7
0.11387643539871657
0.09118158865394968
0.15827169896859528
0.23699694291426002
0.17356213054610556
0.05146904188063854
0.20061667594612456
0.06944574489671475
0.08088939712376553
0.05218484732374238
8.844487711818457e-13
4.921131416535973e-13
0.017151940006037713
0.06766975799232837
0.07695015836052241
8.105903755557406e-11
2.848845088966946e-13
2.13777459102636e-13
3.3966893935471594e-13
3.3920837245735166e-13
1.996928384239578e-13
0.19380095480673556
3.729345484767946e-13
2.593518402370121e-12
0.01876683744660396
4.554632179708584e-13
0.19011602995738178
0.09693450220665355
4.370939171322654e-13
3.182620829081917e-11
4.0052013838070246e-13
5.014234458811149e-13
3.533271824205908e-13
2.2322879331875123e-13
1.3303998595378444e-13
2.3513231946819674e-13
2.9233646867433244e-13
3.9928087661367483e-13
1.603343137036898e-13
2.610384097959525e-13
5.465808850794567e-13
3.0375040247778017e-13
0.21256779290380506
1.723053199132756e-12
1.8669920919027796e-13
6.212854989737113e-13
5.009986932063739e-13
5.422534227731044e-13
0.0703329765092821
0.008615534801291163
3.7414310220217313e-13
4.385991710446016e-13
4.621716266998274e-13
0.0001358937901466718
4.540922939937108e-13
0.17250076208826068
0.19037830236126999
0.0855366081571077
2.8907737979131734e-13
4.902606128213225e-13
0.10306302503896872
0.11410549358317862
3.8060614128468666e-13
4.844759211195672e-13
5.082471219263876e-13
3.4891700890082586e-13
0.1827926293487766
0.04591096463739259
1.8228428978120553e-13
5.912683218295811e-13
6.773240931727711e-13
5.133404459232216e-13
0.07874854105276644
0.07929275241889476
3.5183973731227235e-13
4.1749889843500716e-13
4.14678629920708e-13
0.21256779290926373
4.1508697268306834e-13
0.21338840072065843
0.1801730504340751
0.008720367714590659
2.9387502745551444e-13
4.672639471292874e-13
8.00357623599226e-13
4.170724181725115e-9
1.9967007802897747e-13
3.8967181269549466e-13
8.854380307237107e-13
7.442187596779339e-13
0.18736447998076664
3.771469401671104e-12
2.9632586553326555e-13
7.508332565066533e-13
0.00011169874674918029
1.3980856537870231e-12
0.0283583525268584
0.13695742304129355
7.832975793170367e-13
1.022267475456405e-12
0.02557797046010702
0.0467656350462494
8.208061428566737e-13
0.04857607706418947
0.1253939323519245
0.0792763251021238
0.22470704588067955
0.10946095594749448
0.010080506787929561
0.11479347411413372
0.04801069955395722
1.5762383432616998e-8
2.417586670454948e-13
2.3561991690345334e-13
1.3197435745262372e-12
3.31586668230145e-13
1.480380966408291e-13
2.596105340904089e-13
2.726213443631917e-13
2.3445415915737794e-13
6.783588713590049e-13
3.5594151350529057e-13
2.364025610311227e-13
2.382844203036614e-13
2.966603393688574e-13
2.2213804409840482e-11
2.4086614822500815e-13
0.1034730576010954
1.1953916657724872e-12
0.11457800338696691
2.608798026684931e-13
0.06309032613113162
0.06228768814895972
0.08170651053422394
3.8287206952348864e-13
3.8061512144742553e-13
2.2429224192243426e-13
2.18587292792378e-13
8.002640211651509e-13
2.859013899895408e-13
1.4091070749318683e-13
2.3007708848838056e-13
2.4363793165226976e-13
2.1763337190102737e-13
4.787651151891569e-13
2.6659789073461677e-13
1.8259549586018346e-13
1.8552349078589564e-13
1.780723019312265e-13
6.839910455274485e-13
1.866432792977891e-13
7.771746214023293e-10
7.506090954952625e-13
0.13065619238046564
1.371339440043655e-12
0.2125677929128915
0.08191159973036025
1.9466836977167645e-11
2.1951724037029565e-13
2.2002943123458566e-13
3.58504372706762e-13
3.205820234050705e-13
0.17440631150937114
4.501731932317918e-13
1.7132424897631186e-13
3.222439767870387e-13
4.524071749317257e-13
3.975914636247218e-13
6.504440628027382e-13
5.390932103318173e-13
2.3434966730025124e-13
2.2757454786506937e-13
2.5252699225540663e-13
5.262507885434975e-13
2.521561944486382e-13
5.022364410375521e-11
0.038161481344886145
0.21256779254814034
1.3711214001056854e-12
0.17255130109134517
3.6898615937637436e-10
1.5553438894380136e-12
2.3083671650700665e-13
3.1007005618225e-13
1.153441754229123e-10
3.248909320777872e-13
0.21256779291518563
2.5882359143910196e-12
1.8410226323522325e-13
8.075329800753613e-12
7.643316602007396e-13
9.159923154569156e-13
7.99914321074524e-12
5.285730919484447e-12
8.57747742114075e-13
8.403209684483404e-13
6.086858242145167e-13
0.037178870612700116
7.812417702609773e-13
0.072371919123144
0.10494761453576992
0.06617491325085216
0.08424782238063107
0.027877238851573373
3.85320991404882e-12
0.0074550175695877645
4.275905980690319e-11
1.0292743903678525e-11
4.577036985371072e-13
2.7534754510437707e-13
2.3788730964217343e-12
1.0352574455453001e-12
1.771887078331887e-13
6.434424551444194e-13
5.518462388990344e-13
4.478007963433333e-13
2.4818197130759027e-9
0.21256779289879613
3.955660484953498e-13
5.164993164680652e-13
1.4536339010246367e-10
0.1466583989299448
4.223708432851418e-13
0.014570049268408018
0.05632601524414407
0.17294252700337429
0.004017568051165363
2.7719628109787363e-13
4.585134682398865e-13
0.031724240091588994
0.15387715289890871
0.1462975589691313
2.2681875472288232e-13
2.465954234988095e-13
9.607330766661437e-13
8.834956278097282e-13
1.6402598627554287e-13
3.7431696270034556e-13
2.6374531422118376e-13
1.980375039226573e-13
1.5419720007152878e-12
1.445271973571539e-12
4.016017957979001e-13
4.0665728674928604e-13
0.05160613324676571
0.009583358206742174
3.453507127943123e-13
1.1259098429952247e-11
2.3171001654457315e-12
0.021037648696358033
2.1422224550879487e-12
2.4245689040522343e-13
1.3051760796328644e-12
0.03499537743353798
0.14695126124588762
0.022609647878469693
3.5416399151611117e-13
1.7876975014630165e-13
1.0593275921976489e-12
1.0287719495339843e-12
1.591127870287987e-13
5.655084484736567e-13
3.5273100712253335e-13
3.6040612295512366e-13
1.777367357274186e-12
1.5423073323285538e-12
4.779184523403418e-13
5.241731800597007e-13
0.13242458032814663
0.028537097232853244
5.0944882802992e-13
1.338753566805019e-11
2.894382798151238e-12
8.643197766705958e-11
2.2001436003048795e-12
2.6806476101359904e-13
3.6262987816466263e-13
0.1458481751550627
0.06671966498511281
0.03964618273388861
---flow_allocation with ell_k_beta---
0.10539766329681272
0.1877296064907471
0.07690356379488639
1.1753110324256025e-12
5.885037536185287e-13
0.1356642360618534
0.07528311902372914
1.4549519643819584e-12
8.642202240855721e-13
2.854142418291745e-13
2.8838674148718274e-13
2.2973462373612146e-13
8.234339380375296e-13
5.189432498359379e-13
2.2149646937654084e-12
1.2060857892432637e-12
5.942090157917381e-13
3.3908939231960835e-13
1.8267574351701252e-13
3.9613762578397e-13
6.266500455612385e-13
6.38717820952473e-13
1.532379818776422e-13
2.2974034842331427e-13
0.0220749579164182
0.14518806796221345
0.04058926097907957
3.5947146485625257e-13
7.065669383305165e-13
0.05162866755218388
0.08545575312562259
3.296364270220679e-13
4.64509181261968e-13
1.8958563337040713e-13
1.8954628246891264e-13
1.7276740422924317e-13
3.294157179485856e-13
3.834517303255634e-13
1.3455020733330881e-12
1.5277888957720974e-12
3.2865600092336954e-13
3.109373307517254e-13
1.747251597981101e-13
3.09420940584375e-13
3.6868765325903807e-13
2.413568076169957e-13
1.462582701878983e-13
1.245042527777358e-13
0.07236573429246676
0.09092536639240809
0.13110347483297338
2.6126740253222343e-13
8.063817424295197e-13
0.051291470106437004
0.09252457986800249
1.397595568564741e-6
0.07707307458533251
4.118625289702545e-13
4.910741092315889e-13
4.0668005939515336e-13
0.14737393005008909
4.670749190836603e-13
0.1619178412006821
0.1477030687931146
0.21826962505283046
0.043900765697497346
3.787583681259887e-13
0.21256780194954553
0.04165484764111229
0.12701218752162174
2.677075706163626e-13
3.631271653669118e-13
0.018502668950588927
0.009834305090130627
0.1915664160819408
2.5969198392374754e-13
7.340836654187461e-13
0.15883597208571956
0.02539477892343063
0.21450654251207846
0.16618494265665754
2.656428348037289e-13
3.9352696168938976e-13
2.2924113475855057e-13
0.012265736779112286
4.134554047868215e-13
8.6149865797984e-13
0.05317976779905875
6.05040239700829e-13
3.354311184065094e-13
1.7019268644965502e-13
3.35311917209618e-13
5.713117278174851e-13
6.797672358288389e-13
1.9242088465211162e-13
2.5251610880934033e-13
0.01445551897968443
1.67062713615058e-12
4.2449129643025086e-13
8.042020424381857e-13
0.09824868172011303
8.433789182199914e-13
0.19811227737905204
7.729924931139139e-13
4.946121656979037e-13
3.3915573285709177e-13
3.3769932775423233e-13
2.2346566929677795e-13
0.09405980093499533
0.020259319290582348
3.9820069310856713e-13
4.006676959916214e-13
3.38250810862052e-13
2.9513274011615315e-13
1.615718418800365e-13
2.89777304976772e-13
2.047066632478169e-13
1.4236127955618564e-12
1.5323338256000714e-13
1.5350463154112317e-13
0.08513984490970027
1.5946755039339899e-12
1.6987178965441664e-8
0.07289801899000596
0.21256780194875569
1.1327739311817421e-12
0.004652314818884769
0.025197978554581817
0.14657760149790927
0.022451763967650584
0.1156332955670143
0.01342769247313869
0.01918803739872327
0.03262130534524795
0.057330334061876875
0.0021699886281227408
9.769155262338597e-13
1.8473681213528643e-12
2.6422074001179374e-13
3.175948120385612e-13
5.258814332522644e-13
4.187562430943326e-11
2.681987736199517e-13
4.2917678492577623e-13
0.14383263212946848
0.1836717112008936
0.0016366271128334306
0.1490669333930948
7.019371266309656e-13
7.958395853619084e-13
0.1439251395112006
1.2472920454816356e-12
7.698693101963166e-11
2.9521716866524484e-13
3.5443975474752634e-13
2.313596157468132e-13
5.694124242943572e-13
4.517234274143667e-13
6.525403692510426e-13
0.013677733900966528
6.532844553951708e-13
3.774473260060874e-13
1.8968352632680623e-13
4.217474567681767e-13
4.917407647910566e-13
5.539663154103602e-13
1.488561592817502e-13
2.0308475448190018e-13
0.16320493447361967
0.019061780774120653
9.061297197598526e-10
0.02291161121589176
0.21256780194642264
0.21256780178121676
0.12036191151186365
1.5987992855841862e-10
6.370720264836778e-13
2.7515682449914325e-13
3.2955333644144217e-13
2.6738610303381026e-13
5.957247306177791e-13
3.427941699554803e-13
1.538765428406469e-12
9.407234021676583e-13
4.555283506565182e-13
2.4989714173880156e-13
1.526130082870846e-13
3.081639531405311e-13
4.5003865333053373e-13
4.903274068364505e-13
1.2756162440843216e-13
1.882231100986985e-13
5.427872289291171e-13
3.654739451422894e-13
9.585989431268991e-13
0.20565996641524334
3.1253678625467536e-13
0.06340031557160845
8.48459668078363e-13
0.12277552280445155
0.21256780194939628
5.2407224673165e-13
5.677430015938895e-13
3.751164043006365e-13
0.23895973275823154
1.2315801797265821e-8
7.71137758722171e-13
3.04261648157597e-12
7.439706185329858e-13
2.863632652261376e-13
1.6002479360756668e-13
2.649336741940145e-13
5.287423955613486e-13
1.4912035132694556e-12
1.8352906914712113e-13
3.4800428275944804e-13
1.3071705096173734e-12
1.2056794818251725e-12
0.08649966297262579
0.0992975370624584
2.9475182469658186e-13
0.21256782238346061
0.11791683126415449
2.1574538275480245e-12
0.13187909435441908
1.7044998861342367e-11
9.45217818886276e-13
3.9557066199924375e-13
0.06474263421487728
1.2705760722852183e-12
0.025157705829814626
0.18038941563440428
2.2717252721402445e-12
5.480395616685899e-13
2.2501677314229769e-13
2.0210382638983693e-12
1.0764771489020227e-9
0.21256780194748873
3.5467398029964805e-13
4.819054874259166e-13
3.1634725913694015e-13
2.470996503430895e-13
3.6712610569063935e-13
4.901658829657338e-13
2.455504466184606e-13
6.2352948833289266e-12
4.1566324629969414e-13
3.91631106626086e-13
6.522521940693295e-12
6.3802269522579e-13
0.027348877743817928
5.601280195042131e-12
0.27088883589559565
0.18270085665606575
5.881220737613332e-13
0.008061384390746775
4.73497869782286e-13
3.2399574915747505e-13
1.6411916575729458e-13
3.4405519756567436e-13
4.721016396228851e-13
3.3145161766291004e-12
3.3649136740201084e-13
3.99284673238087e-13
3.8184856900546357e-13
1.8265340945303792e-13
5.322282288841675e-13
5.14121054324252e-13
2.4931734345332915e-13
6.388832409549109e-10
4.5316268169272953e-13
4.4959164323110183e-13
3.1870687983418634e-9
7.067180305929578e-13
0.093082926061328
0.21256780194383074
0.1461853803817001
0.024941461296735502
8.275339859787603e-13
4.975433584069256e-12
5.2983629798595e-13
3.175168152182568e-13
1.624719257402837e-13
3.377411650091301e-13
5.429807288761174e-13
2.1899481135907944e-12
3.5273550043047793e-13
4.0350475760600834e-13
3.019635711004167e-13
2.2321993308527767e-13
7.680031364935425e-13
6.022363118611826e-13
2.3834493089314663e-13
0.0006315953717100387
3.718432508335473e-13
3.274207746467295e-13
1.680248927306332e-11
4.81486491779774e-13
6.098324681692177e-10
0.18564483412832616
0.17444249126627384
0.026922967212650053
0.008956629377925367
8.921322942742337e-13
4.621936594955934e-13
1.714447035073888e-12
2.562815642053569e-13
2.8149256631991074e-13
4.683417316143411e-13
1.5489642409262525e-12
0.03554211458108285
0.17702568736587798
6.353375212936396e-13
2.6194995260917946e-13
0.0379265161298742
0.0013690390397161352
3.561079186396294e-13
0.19033399314889787
7.491931384766622e-13
1.1447367135033015e-7
0.11387644024045013
0.09118159253075664
0.15827170569790142
0.23699695299076134
0.17356213792552155
0.05146904406897001
0.20061668447583036
0.06944574784936945
0.08088940056297494
0.05218484954250805
8.844488087863358e-13
4.921131625769842e-13
0.01715194073529415
0.06766976086947268
0.0769501616322455
8.105904100199614e-11
2.848845210092522e-13
2.137774681919045e-13
3.3966895379656686e-13
3.392083868796204e-13
1.9969284691438439e-13
0.19380096304665442
3.729345643330138e-13
2.5935185126398626e-12
0.018766838244521685
4.554632373359846e-13
0.19011603804062707
0.09693450632805961
4.370939357163761e-13
3.18262096439878e-11
4.0052015540979006e-13
5.014234672003519e-13
3.533271974431551e-13
2.2322880280986616e-13
1.3303999161030295e-13
2.351323294654191e-13
2.923364811037282e-13
3.9928089359007217e-13
1.6033432052069302e-13
2.6103842089463524e-13
5.46580908318672e-13
3.037504153924671e-13
0.21256780194164165
1.7230532723925525e-12
1.866992171282488e-13
6.212855253891751e-13
5.009987145075515e-13
5.422534458283271e-13
0.07033297949965961
0.008615535167601574
3.741431181097769e-13
4.385991896927118e-13
4.621716463501779e-13
0.00013589379592452672
4.5409231330054883e-13
0.17250076942255002
0.19037831045566642
0.0855366117939046
2.8907739208214506e-13
4.902606336659446e-13
0.10306302942094382
0.11410549843465113
3.806061574670822e-13
4.844759417182391e-13
5.082471435357498e-13
3.489170237358809e-13
0.18279263712064972
0.04591096658940888
1.8228429753146535e-13
5.912683469687915e-13
6.773241219708519e-13
5.13340467749139e-13
0.07874854440095215
0.07929275579021894
3.518397522715943e-13
4.17498916185988e-13
4.1467864755177827e-13
0.21256780194710032
4.150869903315003e-13
0.21338840979338514
0.18017305809457046
0.008720368085358296
2.938750399503258e-13
4.672639669961504e-13
8.003576576283764e-13
4.170724359053595e-9
1.9967008651843635e-13
3.896718292633393e-13
8.854380683702616e-13
7.442187913202041e-13
0.1873644879470231
3.771469562024296e-12
2.9632587813228024e-13
7.508332884301549e-13
0.00011169875149832411
1.3980857132300342e-12
0.028358353732582713
0.1369574288643714
7.832976126208379e-13
1.0222675189205925e-12
0.025577971547616627
0.04676563703460409
8.208061777552428e-13
0.0485760791295195
0.12539393768335244
0.07927632847274954
0.224707055434646
0.10946096060149318
0.01008050721652682
0.11479347899485741
0.048010701595248846
1.5762384102793056e-8
2.417586773244524e-13
2.3561992692140704e-13
1.3197436306383444e-12
3.315866823283585e-13
1.4803810293502875e-13
2.5961054512838204e-13
2.72621355954351e-13
2.344541691257666e-13
6.783589002010818e-13
3.559415286390095e-13
2.3640257108235246e-13
2.3828443043490297e-13
2.9666035198209304e-13
2.221380535431439e-11
2.4086615846601814e-13
0.10347306200050405
1.1953917165974705e-12
0.11457800825852933
2.608798137604323e-13
0.06309032881357024
0.062287690797272234
0.0817065140081749
3.8287208580222563e-13
3.806151376302029e-13
2.2429225145876432e-13
2.1858730208614828e-13
8.002640551903216e-13
2.859014021453336e-13
1.409107134843482e-13
2.3007709827066746e-13
2.436379420111288e-13
2.1763338115423937e-13
4.787651355450199e-13
2.6659790206967435e-13
1.8259550362367495e-13
1.8552349867387797e-13
1.7807230950240342e-13
6.83991074608991e-13
1.8664328723338196e-13
7.771746544457982e-10
7.506091274092334e-13
0.13065619793563135
1.3713394983494859e-12
0.21256780195072808
0.08191160321303108
1.9466837804847555e-11
2.195172497036049e-13
2.2002944058967193e-13
3.5850438794944715e-13
3.2058203703539475e-13
0.17440631892467953
4.5017321237199973e-13
1.713242562605789e-13
3.2224399048802495e-13
4.5240719416691683e-13
3.9759148052928963e-13
6.504440904579491e-13
5.39093233252676e-13
2.3434967726419717e-13
2.2757455754095465e-13
2.5252700299220573e-13
5.262508109183294e-13
2.5215620516967197e-13
5.022364623913556e-11
0.03816148296741432
0.2125678015859769
1.3711214584022457e-12
0.17255130842778332
3.6898617506471815e-10
1.555343955567241e-12
2.3083672632159095e-13
3.100700693656324e-13
1.1534418032705038e-10
3.2489094589131517e-13
0.21256780195302222
2.588236024436163e-12
1.8410227106277863e-13
8.075330144095895e-12
7.643316926981586e-13
9.159923544025563e-13
7.999143550848265e-12
5.28573114422015e-12
8.57747778583306e-13
8.403210041766298e-13
6.086858500942746e-13
0.0371788721934502
7.812418034773708e-13
0.07237192220021213
0.10494761899787293
0.06617491606443951
0.0842478259626321
0.027877240036841968
3.853210077877408e-12
0.0074550178865559645
4.275906162490859e-11
1.029274434129956e-11
4.577037179974929e-13
2.7534755681144746e-13
2.3788731975653083e-12
1.0352574895617876e-12
1.7718871536679744e-13
6.434424825019399e-13
5.518462623621191e-13
4.4780081538267307e-13
2.4818198185965024e-9
0.21256780193663272
3.955660653138022e-13
5.164993384282896e-13
1.4536339628294168e-10
0.14665840516548326
4.223708612432652e-13
0.014570049887889092
0.056326017638981575
0.17294253435644635
0.004017568221982038
2.7719629288354755e-13
4.585134877347014e-13
0.031724241440422206
0.15387715944137004
0.14629756518932774
2.268187643666332e-13
2.465954339834135e-13
9.607331175140466e-13
8.834956653736931e-13
1.640259932495065e-13
3.7431697861534144e-13
2.6374532543495714e-13
1.9803751234270334e-13
1.5419720662759766e-12
1.4452720350207912e-12
4.01601812872977e-13
4.066573040393094e-13
0.051606135440925946
0.00958335861420195
3.453507274777376e-13
1.1259098908660195e-11
2.3171002639628795e-12
0.02103764959082482
2.1422225461697454e-12
2.4245690071386766e-13
1.305176135125599e-12
0.03499537892145154
0.1469512674938778
0.02260964883977385
3.5416400657425446e-13
1.7876975774713228e-13
1.0593276372375373e-12
1.0287719932747252e-12
1.5911279379386573e-13
5.655084725176234e-13
3.527310221197498e-13
3.6040613827866637e-13
1.7773674328432808e-12
1.5423073979035003e-12
4.779184726602069e-13
5.241732023461981e-13
0.13242458595849968
0.028537098446177325
5.094488496903757e-13
1.3387536237253822e-11
2.8943829212129605e-12
8.643198134192528e-11
2.2001436938493342e-12
2.680647724110242e-13
3.6262989358275364e-13
0.14584818135615252
0.0667196678218616
0.03964618441954247
---flow_allocation with per_flow_loss---
0.4958308
0.8831516568246527
0.3617836901294171
3.006483950684924e-13
1.8570700532904993e-12
0.6382163000000001
0.3541605
2.2765123119938835e-12
2.8920199568460703e-12
6.69422850485546e-13
9.36140054363932e-13
6.161737786669619e-13
2.0584089988062715e-12
6.656897255652439e-13
9.35733435181163e-12
3.411715354673106e-12
1.900923862763193e-12
8.810452367669086e-13
4.020117572167692e-13
9.597878047884478e-13
1.966149465459921e-12
1.6179280137862406e-12
3.077538224260934e-13
6.682432385218817e-13
0.10384902
0.5661716939385664
0.1909473617433104
1.0735856648125264e-12
4.518607710224387e-13
0.24288094000000002
2.14153694777508e-11
7.707168236947837e-13
1.0847989173612405e-12
3.975153539670373e-13
3.8968828164342995e-13
1.9206858326015208e-13
7.734368701051153e-13
3.8913317013111737e-13
5.559441795810471e-12
7.73381358953884e-13
7.707168236947837e-13
6.847855615887966e-13
3.9201974999514277e-13
6.770695115676517e-13
7.982503547054876e-13
4.537481501643015e-13
3.021298489169766e-13
2.849942504212777e-13
0.3404360097162028
1.2872097832072882e-10
0.61676074
4.519440377492856e-13
2.7818858328032547e-12
0.24129463458073158
0.2034545132920802
6.574817026816504e-6
0.36258113352797117
1.1988743331414753e-12
1.6204815267428785e-12
1.4634959910608814e-12
0.6933031658346145
1.4255124858308932e-12
0.76172327
0.6948515599999999
1.0268235497498992
0.2065259427480478
9.848788451449764e-13
0.9999999999813157
0.19596028776345645
0.5975137643339583
7.693845560652335e-13
1.2175815911064092e-12
0.08704361046387193
0.04626432131094069
0.901201472288321
7.722433803536433e-13
2.6794122476303528e-12
0.7472249824567218
0.11946672398109048
1.009120574897348
0.7817973424446091
7.993883333057283e-13
1.0755840662568517e-12
6.935563234833353e-13
0.057702703166842784
1.178696029668913e-12
3.1741276274033225e-12
0.15137937934923595
1.953048833769344e-12
8.950618024528012e-13
3.4350300381902343e-13
1.1570744362643381e-12
2.0663470934323414e-12
2.3038237983996623e-12
4.1400216588272087e-13
6.971090371621358e-13
4.990452495690079e-13
1.0871303857129533e-12
9.07940389538453e-13
2.703642865142797e-12
0.46219926450401844
1.8396395518038844e-12
0.9319957000000001
2.55306886742801e-12
1.831881868419316e-12
5.089262344881718e-13
4.902744876744691e-13
4.5185036268158285e-13
5.873079800267078e-13
0.09530756353643544
7.778222510523847e-13
1.091571277811454e-12
4.162226119319712e-13
4.154454558147336e-13
2.90656387846866e-13
4.1733283495659634e-13
4.586331314726522e-13
3.8613556796462944e-13
2.7016583414862794e-13
2.701172618913006e-13
2.3699930906673217e-12
7.771561172376096e-13
7.991133474383183e-8
0.3429400799157394
0.9999999999779917
3.2490676815655206e-12
0.021886263
0.11854089999999999
0.6895569326603991
0.10562165919611655
0.5439831174043516
0.06316898584629715
0.090267845
0.15346306
0.2697037535029587
2.3726888509489896e-12
1.8487433806058107e-12
7.69717622972621e-13
4.2385539522626914e-13
8.186784583585904e-13
1.6315004902622832e-12
6.3515859238805206e-12
7.705225346654743e-13
1.2631007351160406e-12
0.67664355
0.8640617700000001
0.007699318041194294
0.7012676820561307
2.7609026176378393e-12
1.979083563696804e-12
0.67707874
4.508116102641679e-12
3.58677754164205e-10
9.076073226310655e-13
1.0660361482450753e-12
4.838907052828745e-13
1.588951192843524e-12
1.642880276264691e-12
1.8525736500407675e-12
0.06434527607126539
1.69590730347835e-12
6.685763054292693e-13
5.017097848281082e-13
1.3156142841808105e-12
1.6143753001074401e-12
1.5141221609837885e-12
3.368416656712725e-13
5.921374501838272e-13
0.5314654289984407
0.08967388567325872
4.261419418727375e-9
0.1077849561649073
0.9999999999670162
0.9999999991893752
0.5662283300000001
7.514501243477412e-10
2.2382096176443156e-12
7.131517598679693e-13
9.504064202303653e-13
7.703837567873961e-13
2.0226598174133414e-12
8.396061623727746e-13
6.306455357929508e-12
2.608857574415424e-12
1.368238855548043e-12
4.904410211281629e-13
3.256284131225584e-13
7.542855229303314e-13
1.3131717935266352e-12
1.6187051699034782e-12
2.998712389512548e-13
5.853095785823825e-13
1.470854688045975e-12
7.844835892001356e-13
4.01650934733766e-12
0.967502907426179
1.0813017148336712e-12
0.2982592612279427
3.2227553958819044e-12
0.5775828779149684
0.9999999999799236
1.656272341499232e-12
1.8989254613188677e-12
6.838973831690964e-13
1.124157706678486
5.79374578313363e-8
2.525535336417306e-12
4.249572915782096e-12
3.0830893393840597e-12
4.166987935261268e-13
4.637401573859279e-13
8.288925101851419e-13
1.373012814553931e-12
6.475042724218838e-12
4.4875214655348827e-13
8.626432901337466e-13
4.22281654088863e-12
2.7065294450068222e-12
0.4069274
0.46713348000000005
7.791128853185114e-13
1.00000009610986
0.5547253784247654
7.349232333808686e-12
0.62040955
7.9415585219067e-11
3.3703040358545877e-12
1.0882406087375784e-12
0.30457404000000005
3.2875924205200135e-12
0.11835144174054979
0.8486206
9.786615962070755e-12
7.475686736313492e-13
3.642086632282826e-13
6.825373599639306e-12
5.063228725177282e-9
0.9999999999701962
8.991696276439143e-13
1.3716250357731496e-12
7.324141293452158e-13
7.491784970170556e-13
8.839595722065496e-13
1.5643875084236925e-12
4.042322032660195e-13
2.8101632132404575e-11
1.4797052472204086e-12
9.982015214404782e-13
1.7208900970899776e-11
1.9619861291175766e-12
0.12865954999999998
2.5130231229297806e-11
1.274364383532108
0.8594945
1.8871432194700333e-12
0.037923826263169924
1.7112977701572163e-12
4.732880753977042e-13
2.8255175976710234e-13
1.0311196341206141e-12
1.2770895452263176e-12
1.4945822357503857e-11
7.364664433850976e-13
1.1399770016851107e-12
1.0286216323152075e-12
3.9768188742073107e-13
1.688649220454863e-12
1.8182955141554658e-12
4.1300296516055823e-13
3.004078763524376e-9
1.5001611064491271e-12
1.227018486815723e-12
1.4972686646075317e-8
2.174892210771162e-12
0.43789758
0.9999999999543598
0.6877117749626009
0.117334145
2.72959432834341e-12
2.1641577419018176e-12
1.3013201627387616e-12
4.876099524153688e-13
2.8677060726067793e-13
6.066258606551855e-13
1.748268196877234e-12
2.1650459203215178e-12
8.899547765395255e-13
1.0896422653061677e-12
6.328271240363392e-13
2.7711166694643907e-13
3.014477556462225e-12
2.308944702100746e-12
3.410605131648481e-13
0.002971265477362095
6.645239913893874e-13
9.299228054260311e-13
1.333155807969888e-12
1.1745604489021844e-12
2.8651552241854006e-9
0.8733440926696334
0.820644
0.12665590444389274
0.042135400072469964
3.3485436645719346e-12
1.6657786261475849e-12
6.571410082756302e-13
8.137379658990085e-13
7.241984789629896e-13
1.6988771500692224e-12
6.511069461367924e-12
0.16720366045034657
0.8327963395160348
1.8842705173938157e-12
4.554134847012392e-13
0.140073729658994
0.006440481688328075
9.026668301714835e-13
0.8954036848460446
2.6043611711656922e-12
5.385266769186714e-7
0.5357182
0.4289529820247075
0.7445704581936379
1.1149240421766058
0.8165024821746671
0.1405054993014353
0.9437773859986106
0.32669928
0.38053458623008024
8.951450691796481e-13
3.737454790098127e-12
1.5443410439353045e-12
0.0806892698368339
0.31834436
0.36200290413160896
3.802469450420176e-10
5.488942633746774e-13
2.953748357015229e-13
8.119616090596082e-13
1.106892355551281e-12
6.079581282847357e-13
0.9117136333233743
1.4234446954475288e-12
1.1899370377932428e-11
0.08828636355944919
1.567190821560871e-12
0.894378340903011
0.4560168823177868
1.481925693269659e-12
1.4679152338104018e-10
1.0847989173612405e-12
1.2716910857690777e-12
8.504308368628699e-13
3.2884805989397137e-13
2.240430063693566e-13
5.770939282001564e-13
7.892575482060238e-13
1.422528761452213e-12
4.505285033928885e-13
7.527312106958561e-13
1.8006707236395414e-12
7.708000904216306e-13
0.9999999999435899
5.399458657961986e-12
3.865796571744795e-13
2.154471046011963e-12
1.5070444892018031e-12
1.7815748876159887e-12
0.33087315601484324
0.040530762835493395
1.1357581541915351e-12
1.3845591340100327e-12
1.8364199050324714e-12
0.0006392962352633278
1.4566126083082054e-12
0.8115094
0.8956121703569516
0.39714112181916095
9.378053889008697e-13
1.535105376149204e-12
0.4848477919687924
0.43766366610496665
8.962830477798889e-13
1.3858220127005438e-12
1.6393553181615061e-12
7.918110611626616e-13
0.8599262703010475
0.21598269430908712
4.4997339188057595e-13
1.8779422461534523e-12
1.9333423750822476e-12
1.5690782007027337e-12
0.3704631824627562
0.3730233603648907
8.43020098173497e-13
1.5145107390424073e-12
1.5646928197554644e-12
0.9999999999649503
1.210420652597577e-12
1.0038604522049452
0.8476027716268925
8.444356325298941e-13
9.374723219934822e-13
1.2664869153411473e-12
2.6593172108846375e-12
1.9614987467608813e-8
4.895528427084628e-13
1.3442580382161395e-12
2.2462032234216167e-12
2.7263469259963813e-12
0.8814339999999999
1.5180162682426612e-11
6.070699498650356e-13
2.4382718066817688e-12
0.0005254735206334793
3.818168003988376e-12
0.13340851
0.5262594712892347
2.751798788835913e-12
3.927635994216416e-12
0.1203285319435754
0.22000339
2.980227176152539e-12
0.22852039999999998
0.5899008949499
0.37294608
1.0571076775017476
0.5149461
0.04742255
0.5400322999999999
0.22586064847959633
7.41514936120069e-8
4.571898415406395e-13
4.2676973066591017e-13
9.271750034400839e-13
8.79740724712974e-13
2.7305935290655725e-13
3.0271618545185675e-13
3.7414515929867775e-13
4.217182159038657e-13
4.1033842990145786e-13
7.702727344849336e-13
4.57300863843102e-13
4.4642067820177544e-13
4.890532423473815e-13
1.048938713665848e-12
4.4653170050423796e-13
0.4009881750811868
7.970846205296311e-13
0.4824360588639576
2.90878432451791e-13
0.2968009653094197
0.29302504996859147
0.24940419031792205
9.012790513907021e-13
8.98670027282833e-13
4.5036196993919475e-13
4.2318926141149404e-13
2.8708146970757298e-12
4.956035581926699e-13
2.724140357734939e-13
3.003708393123361e-13
7.773781618425346e-13
4.1955328100584666e-13
1.8476331575811855e-12
7.764899834228345e-13
2.753353101070388e-13
6.008527009271347e-13
4.518607710224387e-13
2.802813536817439e-12
2.7267077484793845e-13
3.655357461163078e-9
2.7555735471196385e-12
0.6146565789124239
4.143352327901084e-13
0.9999999999872706
0.38534341730116883
9.127876232639665e-11
7.753797603982093e-13
7.776002064474596e-13
8.972822485020515e-13
8.962552922042732e-13
0.8204738315107166
1.443178909710241e-12
3.886613253456517e-13
7.409628466348295e-13
1.67482694379828e-12
9.741096818061123e-13
2.1671553440683056e-12
1.7768009286101005e-12
6.975531263719859e-13
7.011474734142098e-13
6.987743716990735e-13
1.5973888878306752e-12
7.716050021144838e-13
2.3584584285529786e-10
0.17952616819745804
0.9999999982704495
5.552891479965183e-12
0.8117471547529252
1.7353867232117182e-9
6.6910921248108934e-12
7.689404668553834e-13
1.0436096431476471e-12
5.412326142817392e-10
7.711609129046337e-13
0.999999999994969
1.0419415330531479e-11
3.8624659026709196e-13
1.5175638523601265e-12
2.539302101922658e-12
1.830313678397033e-12
1.929434390035567e-11
2.361666417982633e-11
2.9400926138123396e-12
3.2027713814386516e-12
2.277733557320971e-12
0.17490359241327985
1.199651489258713e-12
0.34046512
0.49371361999999996
0.31131204
0.3963329341871577
0.13114516770916773
1.7356338588569997e-11
0.035071247
2.011548705382893e-10
4.7945425407647235e-11
1.5043521983670871e-12
6.054046153280979e-13
8.474554391568745e-12
4.0232123188488345e-12
3.377298440909726e-13
2.1227464230832993e-12
1.7447154831984335e-12
1.432409746371377e-12
1.167274443769628e-8
0.9999999999195978
1.372346680739156e-12
1.5218937221561646e-12
6.834304233649391e-10
0.6899370639265775
1.386564474348262e-12
0.0685430707458234
0.2649790660700705
0.8135876307084675
0.018900171858028836
9.370282327836321e-13
1.5559775690121569e-12
0.1492429293087263
0.7238968368082342
0.6882395350791638
4.547473508864641e-13
5.571099137569036e-13
2.7221558340784213e-12
1.804667526528192e-12
3.1896707497480747e-13
1.0802470029602773e-12
4.645173135031655e-13
3.885780586188048e-13
5.429101612719478e-12
5.7196469782638815e-12
1.0728917754221357e-12
1.1396439347777232e-12
0.24277494035552658
0.04508377306812812
1.078095945850066e-12
5.1892268260189667e-11
9.075573625949573e-12
0.09896912607299724
5.433209437910591e-12
7.964739978660873e-13
5.5990767577895895e-12
0.1646316074205716
0.6913148
0.10636441
1.0538792061254298e-12
2.844391389089651e-13
3.1435964942261307e-12
2.999156478722398e-12
3.623767952376511e-13
1.5806245201588354e-12
1.1897149931883177e-12
9.232614672782802e-13
6.5413507943645754e-12
5.630607091688944e-12
1.4405143744511406e-12
1.9136914275463823e-12
0.6229757505205159
0.13424939329258945
1.6266432645295481e-12
4.6514236906602946e-11
1.1054934745402534e-11
4.0549708035797494e-10
4.467815006847786e-12
7.938649737582182e-13
1.3145040611561853e-12
0.6861254621619336
0.31387476
0.18651077000000002
---weights per flow per tunnel---
0.9999999999973201,2.67984158678311e-12,0.0,0.0
0.9999999999558831,4.259992070216724e-11,8.080236919158132e-13,7.0884321815961e-13
1.6709128131922422e-11,2.4570180719745736e-12,0.9999999999789837,1.850154353695517e-12
0.9456423204062919,0.05435767959370811,0.0,0.0
0.1762829586292927,0.3274349566228558,0.32923528312292366,0.16704680162492785
0.9999999999703043,1.506655116111143e-11,1.1540883220035255e-12,1.3475102169647811e-11
0.9999999999946024,3.936627430870858e-12,8.63996010376419e-13,5.970046066456333e-13
0.12913001879157868,0.6674097517224893,0.11336418750611703,0.09009604197981505
0.26364860655570693,0.288672103803069,0.22109259090029337,0.2265866987409307
0.5014359697370246,0.3009353647873162,0.19762866547565916,0.0
0.22411482418000492,0.19181687124449212,0.30998155503668423,0.27408674953881873
0.2756550303768954,0.42983952559561933,0.29450544402748524,0.0
0.22772787535886488,0.46862065003963227,0.2100818566571126,0.09356961794439024
0.7273175358009875,0.16571654308297165,0.10696592111604092,0.0
0.08345238831792405,0.8145615743463969,0.06487076600019391,0.03711527133548519
0.4580556724188985,0.14324720682351913,0.276487480077285,0.12220964068029737
0.3199728682316173,0.29132030708114554,0.24971639359827413,0.13899043108896306
0.5523115279200974,0.44768847207990264,0.0,0.0
0.5322198471264888,0.46778015287351116,0.0,0.0
0.4849485494314314,0.37909531104856886,0.13595613951999977,0.0
0.3826436950296629,0.28429668460218976,0.23530728024599554,0.09775234012215185
0.253929057204141,0.155079563578346,0.46153293030976106,0.12945844890775196
0.5731884865605037,0.4268115134394963,0.0,0.0
0.3817373228539553,0.333379575282478,0.2848831018635667,0.0
0.9999999999970879,2.912192219948388e-12,0.0,0.0
0.17107601059822922,0.8289239894017708,0.0,0.0
0.9999999998892105,1.10789571940888e-10,0.0,0.0
0.6349039493022949,0.3650960506977052,0.0,0.0
0.8640555922820468,0.13594440771795327,0.0,0.0
0.9999999941902318,5.809768253250124e-9,0.0,0.0
0.9999999999474001,5.259986361319391e-11,0.0,0.0
0.49697690955008017,0.5030230904499199,0.0,0.0
0.5035755763607771,0.4964244236392229,0.0,0.0
0.4456884152549785,0.5543115847450215,0.0,0.0
0.5630068375664736,0.4369931624335263,0.0,0.0
0.7636511939275901,0.23634880607240993,0.0,0.0
0.4990787471747012,0.5009212528252989,0.0,0.0
0.7842848031466875,0.21571519685331253,0.0,0.0
0.8782962289950837,0.12170377100491624,0.0,0.0
0.8923944022863302,0.10760559771366986,0.0,0.0
0.5015522667121092,0.4984477332878909,0.0,0.0
0.5318001730344653,0.4681998269655348,0.0,0.0
0.5231353038632864,0.4768646961367135,0.0,0.0
0.5348675963201432,0.4651324036798567,0.0,0.0
0.5397537054064495,0.46024629459355043,0.0,0.0
0.6003924021965942,0.3996075978034059,0.0,0.0
0.4391072153931487,0.5608927846068513,0.0,0.0
0.5134591046417187,0.4865408953582812,0.0,0.0
0.9999999999726104,1.7904166153763834e-11,8.225368466524405e-12,1.2601859914827583e-12
0.9999999996990726,3.009273803702795e-10,0.0,0.0
0.9999999999969678,1.1203888026345825e-12,6.562507243271793e-13,1.2556954146119302e-12
0.6323028590048707,0.3676971409951293,0.0,0.0
0.284745599304187,0.20497492506260306,0.2666773750906523,0.2436021005425576
0.9999999997862563,8.00727062453628e-12,2.0381250030382948e-10,1.923933524527107e-12
0.5325795723719952,0.46742042762542885,1.6873409917385447e-12,8.884616425339347e-13
8.761214678122765e-6,0.9999902887693658,8.335258193259168e-7,1.1649013675238772e-7
0.9999999998627459,1.1552629545711367e-10,1.955485591048785e-11,2.1729989228815532e-12
0.4177002203457059,0.38123890334420724,0.20106087631008684,0.0
0.33296636939361884,0.1992283942800173,0.2985557829303504,0.16924945339601347
0.5639148833941001,0.20101502675404445,0.23507008985185543,0.0
0.749126523763189,0.2508734762271477,8.6038365377911e-12,1.0594288262509669e-12
0.3512409986829897,0.3364496655164704,0.31230933580053993,0.0
0.999999999996041,1.2677488781118998e-12,1.2129729417829915e-12,1.4783238203099315e-12
0.9999999999934623,1.39499049315101e-12,4.1329695039362016e-12,1.009647133763478e-12
0.9738771571711384,4.0533288055741917e-10,0.026122842422744978,7.837601619127099e-13
2.6971777991602702e-11,0.9999999999730282,0.0,0.0
0.4472350754402093,0.5527649245597908,0.0,0.0
0.9999999999941286,5.479728154710287e-12,3.916359937506872e-13,0.0
0.9999999999412955,3.06705253015358e-11,2.2997985390257834e-12,2.5734257980516094e-11
1.8115647980037177e-12,9.284981926371286e-12,0.9999999999797938,9.109495350489773e-12
0.6109765175327017,0.3890234824672984,0.0,0.0
0.28726265106324034,0.2627220154049971,0.45001533353176254,0.0
0.9999999999753113,1.0417500963414116e-11,9.08378682294996e-12,5.187336335711106e-12
0.9999999999800133,1.9986698420834955e-11,0.0,0.0
0.999999999990326,7.145304195190359e-12,2.160539551557779e-12,3.681547952612645e-13
0.3678845364580032,0.6321154635419968,0.0,0.0
0.3195154839785524,0.31385965705873126,0.2241386428669334,0.1424862160957829
0.9999999999974131,1.2652866980012035e-12,6.108404004417311e-13,7.108104806342632e-13
0.9999999999827395,7.585625916723852e-12,6.4328711774896235e-12,3.2420715727893035e-12
0.9909618580713341,0.009038141927152733,7.626894649101258e-13,7.505935273248852e-13
0.9999999999973879,7.706581161378185e-13,1.0284622179812686e-12,8.129608810810732e-13
0.3158983719931721,0.3603368090443332,0.3237648189624947,0.0
0.20807558101214568,0.4190605844537332,0.16402917472565365,0.2088346598084675
0.4159731173469908,0.35690272133595874,0.2271241613170505,0.0
1.3385390345506773e-11,0.9999999999627056,1.3458100429840521e-11,1.0450939999508104e-11
0.39400304967969785,0.39779324466624255,0.2082037056540596,0.0
0.2161121248194773,0.11080164632904417,0.21683629285569414,0.4562499359957844
0.3949130795205974,0.6050869204721768,2.835427251050288e-12,4.390485421195199e-12
0.3138359778033801,0.15943445513321072,0.3147219952873792,0.21200757177603
0.5672437212758198,0.43275627872418027,0.0,0.0
0.5709732735446114,0.42902672645538864,0.0,0.0
0.5685155468243269,0.2664964588589977,0.16498799431667543,0.0
0.4181872797345809,0.18243192793439184,0.16821449522878065,0.23116629710224657
0.33924215462191387,0.2795711104187188,0.21082832334218443,0.17035841161718293
0.5426191142433138,0.4573808857566863,0.0,0.0
0.34821218647744573,0.23860777854507348,0.41318003497748074,0.0
0.9999999999926622,7.337884120887117e-12,0.0,0.0
0.8616717797112938,0.13832822028870614,0.0,0.0
0.5453345022367659,0.45466549776323406,0.0,0.0
0.2853681693000189,0.714631830699981,0.0,0.0
0.9999999999969352,3.064826116106024e-12,0.0,0.0
0.4636544352519257,0.5363455647480744,0.0,0.0
0.9999999999986582,1.3418458785926464e-12,0.0,0.0
0.2979317690272871,0.7020682309727129,0.0,0.0
0.7872812254266184,0.21271877457338167,0.0,0.0
0.6810282554431344,0.3189717445568656,0.0,0.0
0.6914027858675197,0.3085972141324803,0.0,0.0
0.42981509746822505,0.570184902531775,0.0,0.0
0.9999999999986727,1.3272635400926807e-12,0.0,0.0
0.9999999999948166,5.183505281215102e-12,0.0,0.0
0.5847628331437414,0.4152371668562585,0.0,0.0
0.5791551175857932,0.42084488241420687,0.0,0.0
0.7384251662383805,0.2615748337616195,0.0,0.0
0.7007796672607042,0.2992203327392959,0.0,0.0
0.6176576751808216,0.3823423248191784,0.0,0.0
0.6938824492197773,0.30611755078022274,0.0,0.0
0.5237827810134594,0.47621721898654057,0.0,0.0
0.9423308224331841,0.05766917756681586,0.0,0.0
0.6252200387712832,0.3747799612287168,0.0,0.0
0.6259260881897815,0.3740739118102185,0.0,0.0
0.9999999999940828,2.2655230304334517e-12,1.922645387263561e-12,1.7290494854224833e-12
0.896420952565064,0.10357904743493596,0.0,0.0
0.9999420911286325,1.1311849034284949e-5,1.114752901175776e-5,3.5449493321360784e-5
0.09476026407246216,0.905239735912583,7.987279465851082e-12,6.9676393821942035e-12
0.9999999999973065,2.693464759012589e-12,0.0,0.0
0.2032909941398308,0.3903005864840716,0.20236044921194696,0.20404797016415063
0.9999999999142809,3.9493032478474305e-11,2.1460424887170366e-11,2.4765504504518886e-11
0.9999999999952958,9.57773686433323e-13,3.3399410469029027e-12,4.0648446094612774e-13
0.9999999999919094,3.792575178235989e-12,3.657929891305937e-12,6.400957957445502e-13
1.4990979808990984e-9,0.9999999984940429,6.859167216704672e-12,0.0
0.9999999999926102,1.4116769250374014e-12,5.1410835700809926e-12,8.36896100367365e-13
0.99999999998247,1.2192569180470655e-11,5.337424225331014e-12,0.0
0.9999999999688972,1.2259107345108862e-11,1.3179087969746186e-11,5.66475747832881e-12
0.9999999999910641,5.9735076613385414e-12,2.962307112082106e-12,0.0
0.9999999999757687,2.027165734040062e-11,2.4186767016522735e-12,1.5410287531352836e-12
1.281109279040466e-10,0.9999999997675769,5.506476920719952e-11,4.924730171315068e-11
0.59772623871147,0.09037569267618423,0.1437316155303559,0.16816645308198983
0.9114351472630235,0.08856485273697647,0.0,0.0
0.6590137921644432,0.34098620783555683,0.0,0.0
0.2803531297508147,0.45207143642632985,0.2675754338228554,0.0
0.18442304937564172,0.16537017911156612,0.3096815484497454,0.3405252230630468
0.00552340277972035,0.024603087100290483,0.9677584108862726,0.002115099233716562
0.38930446453527534,0.6106955354647247,0.0,0.0
0.38236686795984454,0.37441846350201574,0.24321466853813972,0.0
0.9999999999309523,6.591605313714806e-11,1.1864111558148126e-12,1.9451600321406437e-12
0.9999999999668646,3.3135389027608984e-11,0.0,0.0
0.9999999996651461,1.22274455159973e-10,1.6884790203509873e-10,4.3731551460235206e-11
0.9999999755971892,2.440141106174872e-8,7.44710528196194e-13,6.549185982784706e-13
0.836079286886528,0.163920713113472,0.0,0.0
0.47141286995760695,0.16132773343724144,0.16022396890238996,0.20703542770276162
0.9999999999671658,3.192324690342435e-11,5.45168229680015e-13,3.6561994113292835e-13
0.23310077168934368,0.23171317870717076,0.4337911005819579,0.10139494902152767
0.9884878949213524,0.007743088298708889,0.0018534319054149338,0.0019155848745237116
0.22004087368931977,0.4334695817127198,0.34648954459796044,0.0
0.2956258579160003,0.36060516137362486,0.1798812983344946,0.16388768237588017
0.5554176012302816,0.19783762270477653,0.2467447760649418,0.0
0.18316293792973856,0.40681185468900627,0.18481049624748014,0.22521471113377503
0.6319139144796316,0.22690924961591163,0.14117683590445676,0.0
0.42992454738456776,0.17355430406678476,0.17630461914888448,0.22021652939976297
0.9999999999416307,2.117634019358219e-11,3.00313861576954e-11,7.16181070205043e-12
0.448178143712222,0.1966018290363979,0.17480464246940838,0.18041538478197178
0.6234309078764118,0.3765690921235882,0.0,0.0
0.5622430399170425,0.43775696008295745,0.0,0.0
0.3369165839162517,0.5484318363185074,0.11465157976524092,0.0
0.30214482954418814,0.21982736608968872,0.23916424335333286,0.23886356101279027
0.4189830435120237,0.13857122849111841,0.2310800938201595,0.2113656341766984
0.5190104542115577,0.4809895457884424,0.0,0.0
0.3745858346057144,0.3802360172697486,0.24517814812453703,0.0
0.6922121467753011,0.30778785322389784,3.697536147313227e-13,4.313038655529122e-13
2.06303804252001e-10,0.9999999997936962,0.0,0.0
0.000319116431136101,0.9994779808192267,0.0001059851166326715,9.691763300457909e-5
0.9999999999768497,1.1792355054285346e-11,7.153590034923837e-12,4.204403957621669e-12
0.9999999999992276,7.723644145111197e-13,0.0,0.0
0.9999999999981296,1.0807213821176126e-12,3.4020041400788956e-13,4.495764053779859e-13
0.9999999999965069,2.3879546333084472e-12,6.118504882777905e-13,4.931242069047453e-13
0.9974046063325879,0.0010277633771333258,0.0006554931164151698,0.0009121371738636434
0.20202151143551883,0.18127212197985718,0.2532054618482404,0.3635009047363836
0.34894103137377314,0.4490501348995914,0.2020088337266355,0.0
0.3869824166605921,0.291150284629765,0.15526350176842016,0.1666037969412228
0.6124381683045709,0.2271964489365299,0.16036538275889917,0.0
0.27826943416885425,0.2699313300252097,0.17485349180765264,0.2769457439982835
0.4793548835475047,0.36076733232221886,0.15987778413027642,0.0
0.8077533432764887,0.06750165742686041,0.06131182531911563,0.06343317397753527
0.25058469377464493,0.17428436717414147,0.16463352326713687,0.4104974157840767
0.22948499996708127,0.21564031526350472,0.19338169319539242,0.3614929915740216
0.41717084878841126,0.5828291512115887,0.0,0.0
0.4535834874531966,0.5464165125468035,0.0,0.0
0.3406287352129651,0.4796545985884301,0.1797166661986048,0.0
0.26154877522964587,0.1414479608224139,0.3797893808052044,0.2172138831427358
0.19573869165659052,0.21185492056036456,0.2982666424959807,0.29413974528706416
0.4997669170223072,0.5002330829776928,0.0,0.0
0.3389402522888816,0.3222809033482981,0.3387788443628203,0.0
0.42397978270496134,0.27220672423141573,0.1629562656849494,0.1408572273786735
0.4562450852924286,0.5437549147075714,0.0,0.0
0.20218304965768022,0.5889040187632769,0.09956782746430479,0.10934510411473808
0.9999999999979572,1.0905044643211597e-12,5.04689976922871e-13,4.4759175055062e-13
0.7354396122888458,0.2645603877111542,0.0,0.0
0.9999999999940893,2.044264912055883e-12,2.7076358266123483e-12,1.1587339333129712e-12
0.27666693011472504,0.46533690647044745,0.19256977130347022,0.06542639211135731
0.9999999999969283,1.3567787414260628e-12,1.0434667228340356e-12,6.711611212002419e-13
0.9999999999960035,1.1089403029631279e-12,1.8058894609332682e-12,1.0816369268592048e-12
0.3282022334227315,0.43722188816890806,0.23457587840836042,0.0
0.4051351970881047,0.22375591850023413,0.28904041588763624,0.08206846852402497
0.6123954136738442,0.21814307321626092,0.16946151310989493,0.0
0.8895549032087066,0.11044509678852574,2.3964076522189517e-12,3.714187648678736e-13
0.999976679583381,1.3294899293970739e-5,1.0025517324987716e-5,0.0
0.2983945177953931,0.2154659867421294,0.18232948679684535,0.3038100086656321
0.18832306929246492,0.05482977791317415,0.703110417322657,0.05373673547170391
0.5928390718278969,0.11911219633603234,0.19159804465695449,0.09645068717911627
0.6906839458348671,0.3093160541651328,0.0,0.0
0.6159655569745887,0.3840344430254113,0.0,0.0
0.33492368990531707,0.4323035002665803,0.2327728098281026,0.0
0.18481649796027544,0.16642947273543224,0.20072623576800364,0.4480277935362887
0.7866731335847942,0.07699873278415831,0.05949228863220079,0.07683584499884677
0.4801825300656549,0.5198174699343451,0.0,0.0
0.27402834793092395,0.47312792974213763,0.2528437223269384,0.0
0.44209662147852474,0.12592421610620258,0.11867902370686315,0.31330013870840956
0.5228252350257379,0.47717476497426214,0.0,0.0
0.9999999999950283,2.2246665862360883e-12,1.6884861861745738e-12,1.0584103609608695e-12
0.999999911424729,8.857267776353934e-8,1.7187188393798817e-12,8.745146466232575e-13
0.5618793158446269,0.43812068415537303,0.0,0.0
0.9999999038429856,9.615563252685304e-8,7.761222952562896e-13,6.057526546333647e-13
0.9999993479739653,6.520232239169807e-7,1.9392178385895324e-12,8.715773093473971e-13
0.39832690116562214,0.27591091537663687,0.26675933891206,0.059002844545680985
0.9999999999839762,1.2985468794774973e-12,1.8272957139821175e-12,1.2898110993521095e-11
0.9831762752072816,0.009609770302885177,0.007213954489833212,0.0
0.17362847045882063,0.13418957427244232,0.6237463542755233,0.06843560099321373
0.4151680354804279,0.321859624474114,0.2629723400454581,0.0
0.9999999999917886,2.897986207907109e-12,2.6058110085365548e-12,2.707817717738736e-12
0.44999112568172583,0.45296097511622135,0.0970478992020528,0.0
0.9999999998407515,9.680018951519396e-11,3.9990127854828e-11,2.2458075424478756e-11
0.9999999996770333,2.794532044159399e-11,2.9450729669178153e-10,5.140163892396498e-13
0.2503435302998095,0.5920542954794429,0.08425856895440445,0.07334360526634318
0.71004547070498,0.28995452929501997,0.0,0.0
0.6559186495998868,0.34408135040011323,0.0,0.0
0.2821212314232832,0.6795427873739536,0.03833598120276322,0.0
0.9995076684123958,0.00017705284350461818,0.0001837027442372552,0.00013157599986232408
0.9999999999948873,2.6780128867188776e-12,1.8351773925181594e-12,5.995436825816798e-13
0.5388926115202194,0.46110738847978056,0.0,0.0
0.3392843137553241,0.39497423065884035,0.26574145558583556,0.0
0.2943427186850608,0.5078850819044642,0.19777219941047494,0.0
0.35549302080810796,0.644506979191892,0.0,0.0
0.48819764967186785,0.27303182462481845,0.2387705257033137,0.0
0.32157385979395864,0.3653179159180464,0.31310822428799495,0.0
0.6500864748651954,0.34991352513480456,0.0,0.0
0.041986595333377605,0.9238413313180645,0.034172073348557985,0.0
0.2247142595673857,0.5319858600315271,0.2432998804010872,0.0
0.4582045606432459,0.3193942798991906,0.22240115945756345,0.0
0.4391639071557061,0.5333600185598126,0.02747607428448122,0.0
0.4114196632592566,0.24225558126924768,0.34632475547149566,0.0
0.999999999987594,3.4133056497315165e-12,8.992821599257245e-12,0.0
0.9448316223283126,0.04631054483454762,0.00885783283713979,0.0
0.7847049186393772,0.21529508135902586,1.59686187546511e-12,0.0
0.6593130124890232,0.34068698751060883,3.67877641956681e-13,0.0
0.44330031000188225,0.31791942229666825,0.23878026770144953,0.0
0.9999999999602007,2.2188383886003064e-11,1.7611004972052908e-11,0.0
0.5975211013110032,0.23176295090766505,0.1707159477813317,0.0
0.6895126668744727,0.3104873331255274,0.0,0.0
0.6340789299122447,0.3659210700877553,0.0,0.0
0.6370585711155574,0.23519424020946625,0.12774718867497636,0.0
0.23811970947067101,0.5750285725012885,0.18685171802804054,0.0
0.9300508367443577,0.04149225734096892,0.0284569059146734,0.0
0.5347659372216884,0.4652340627783116,0.0,0.0
0.3930848081284794,0.44797763217953024,0.1589375596919904,0.0
0.4273787610876622,0.201776463673901,0.21528585433856737,0.1555589208998694
0.5372834138160544,0.4627165861839457,0.0,0.0
0.354100815818949,0.3255741557377221,0.1537348602048255,0.16659016823850342
0.32133329188750015,0.24820781293924032,0.18555488873540377,0.2449040064378558
0.6478367719015787,0.35216322809842127,0.0,0.0
0.0004896625572560155,0.9991312228557923,0.0001537550983961156,0.00022535948855561129
0.21175653796325006,0.4919302768761998,0.15207374887140637,0.1442394362891438
0.41987509748783725,0.2802813858697324,0.13729140464186587,0.1625521120005645
0.9985736811023604,0.0013673046679744325,4.0047332789175806e-5,1.896689687590201e-5
0.3458325464891019,0.2291519911427703,0.3165988668120089,0.10841659555611893
0.9999999999983755,4.60342187937291e-13,1.1641928486964198e-12,0.0
0.999999999998206,1.3309439616984954e-12,4.630537016443998e-13,0.0
0.9999999999793381,1.5117507154866794e-11,2.7712553758167562e-12,2.773119474623387e-12
0.9999999993736595,6.252379492613546e-10,1.1025896484752297e-12,0.0
0.36965862092443713,0.29884070605233753,0.15960886604470076,0.17189180697852458
0.9075395962191164,0.03794926886417904,0.02560882550174119,0.028902309414963377
0.47792156760628396,0.21411208721315872,0.15429641306984954,0.1536699321107078
0.6735232313823112,0.3264767686176888,0.0,0.0
0.6248546960041126,0.37514530399588736,0.0,0.0
0.6181912072426772,0.25934520311381826,0.12246358964350454,0.0
0.21472089688508905,0.3155627093286434,0.3061198478725535,0.1635965459137141
0.789848894876993,0.06551254476915552,0.10705642023305104,0.0375821401208005
0.46366771165643716,0.5363322883435628,0.0,0.0
0.4072328729358448,0.4259714611925632,0.166795665871592,0.0
0.5545248666264818,0.25293874913982284,0.19253638423369537,0.0
0.7361555077017841,0.26384449229821594,0.0,0.0
0.7506561053719467,0.08371950928899233,0.16562438533906093,0.0
0.6662207712992335,0.1487557183337973,0.18502351036696923,0.0
0.6957858184636272,0.3042141815363728,0.0,0.0
0.9999999996142429,2.6450094671677845e-10,1.212561999788186e-10,0.0
0.6201283940068142,0.17333985870111324,0.20653174729207252,0.0
0.3949472663727636,0.39622017924617553,0.20883255438106083,0.0
0.010048476294314287,0.9831336385192185,0.006817885186467226,0.0
0.22084563320371137,0.29770370228306603,0.4814506645132226,0.0
0.9986142048306077,0.0012999135755497866,8.588159384254091e-5,0.0
0.9999999999967332,2.8336843857367282e-12,4.3310670211380656e-13,0.0
0.9999999999988055,6.28235501649503e-13,5.661966019864213e-13,0.0
0.9999999999751217,2.1825760857308326e-11,3.052478945725658e-12,0.0
0.9999999999717554,1.0256163065680778e-11,1.7988497026208845e-11,0.0
0.20213476341463665,0.6568140288000494,0.14105120778531396,0.0
0.23387747031909328,0.35436601212513047,0.41175651755577625,0.0
0.9185183328699733,0.08148166713002666,0.0,0.0
0.6749406589339417,0.32505934106605827,0.0,0.0
0.35109889667776745,0.45312131990285964,0.19577978341937288,0.0
0.3492798908221958,0.4217938500680172,0.22892625910978703,0.0
0.7837310497113024,0.10979397509394907,0.10647497519474859,0.0
0.9999999999835585,1.644146856302217e-11,0.0,0.0
0.9999999999989925,5.062027697917556e-13,5.014106141071986e-13,0.0
0.3695767170239259,0.1638748893605091,0.2592915417141106,0.20725685190145438
0.6304398109380102,0.3695601890619898,0.0,0.0
0.21492486356413879,6.054318663378605e-12,0.7850751364254301,4.3767744846818965e-12
9.652823970621873e-10,0.9999999962671032,2.7076622174582556e-9,5.995214153322835e-11
0.46118835661317414,0.5388116433868259,0.0,0.0
0.9999999999913677,7.03751062094969e-12,8.872911916443338e-13,7.074827926076405e-13
0.5144734374468699,0.26108278030832954,0.15287909016730358,0.07156469207749701
0.9999964705118268,1.2556462404988458e-6,1.4387618281979087e-6,8.350801044798227e-7
0.9999999999946048,3.0729959754792676e-12,1.7556875017069287e-12,5.666198494832712e-13
0.9999999999620488,2.7016710590456287e-12,4.317833964084441e-12,3.0931591179931924e-11
0.9999999999869019,1.1716668570786335e-11,1.3813481142661597e-12,0.0
0.8969220879278788,0.1030779120701199,1.023476644569328e-12,9.77881841468581e-13
0.9999999999982855,7.471142644670929e-13,9.672522677117648e-13,0.0
0.41971051358845374,0.5802894857583368,6.532094309822748e-10,0.0
0.6037540347075315,3.729050973994025e-12,0.3962459652866597,2.0796918359642227e-12
0.9999999999949182,1.869968121857185e-12,2.079650659223221e-12,1.132143065955327e-12
0.9999999999805519,2.3395054791363455e-12,9.733199497775319e-12,7.375329500665641e-12
0.9999999999963537,3.646262212083238e-12,0.0,0.0
0.8982491492527169,0.10175085074728303,0.0,0.0
0.3329243461360819,0.4661735989745699,0.2009020548893482,0.0
1.642915960197991e-11,2.828162967258957e-10,1.0960854544486444e-11,0.9999999996897936
0.9999999999928243,1.6611140275512795e-12,4.063695684929505e-12,1.4510484014366015e-12
0.9999999999970149,2.985060154840537e-12,0.0,0.0
0.0028471721765263988,0.0012867708197338824,0.9958660570037396,0.0
0.590399895231019,0.23704397248334377,0.17255613228563718,0.0
0.7063013487076701,0.2936986512923299,0.0,0.0
0.49187228756518997,0.29804914386548975,0.21007856856932028,0.0
0.4913594082085357,0.30633002941946685,0.20231056237199746,0.0
0.6470699946661825,0.35293000533381746,0.0,0.0
0.9999999999987864,6.48566220078601e-13,5.650327692915789e-13,0.0
0.6293935083905815,0.1886606973909912,0.18194579421842724,0.0
0.9508674867951944,0.0247180839024501,0.024414429302355475,0.0
0.9999999999824967,1.21393304866163e-11,5.36397923777406e-12,0.0
0.5221352081926046,0.26859812659149407,0.20926666521590126,0.0
0.9999999998395911,1.5980401801654967e-10,6.049296835744244e-13,0.0
0.9999999999427759,5.609018561347869e-11,1.133872559893305e-12,0.0
0.5302175226191549,0.27930087147950217,0.19048160590134292,0.0
0.019577042117365738,0.008237359932702812,0.9721855979499315,0.0
0.3180614344330417,0.42427377061194704,0.25766479495501127,0.0
0.3323730797360995,0.46089169222502513,0.20673522803887537,0.0
0.4884189062963452,0.2961343282235528,0.21544676548010203,0.0
0.6868059486624155,0.31319405133758454,0.0,0.0
0.6421306933440231,0.35786930665597694,0.0,0.0
0.35234777106904686,0.478238536640845,0.16941369229010814,0.0
0.3093986038971221,0.42611230769506164,0.26448908840781626,0.0
0.24268971107489587,0.5361563368934507,0.22115395203165344,0.0
0.4027094525060178,0.5972905474939822,0.0,0.0
0.3668239441810667,0.24616452222080545,0.38701153359812784,0.0
0.2997115500584094,0.2670244623113608,0.19232266807829587,0.24094131955193393
0.5394095386308292,0.46059046136917087,0.0,0.0
0.9999999999900677,3.7869273264476694e-12,5.210638574072233e-12,9.346591857252035e-13
0.07418275002267716,0.09660547553576217,0.33389229223692374,0.4953194822046369
0.5598413117192812,0.44015868828071875,0.0,0.0
0.46038162862853105,0.2628640651049033,0.1533711861439691,0.12338312012259657
0.3581437488591705,0.36058083146632436,0.13447591685144122,0.14679950282306392
0.30160916935850374,0.3012612182663683,0.2543382927180489,0.14279131965707903
0.9999999999869378,2.22022856469836e-12,8.15825457235938e-12,2.6837235420628226e-12
2.6685197754819654e-11,2.19097205140054e-9,0.9999999977632114,1.9131434610202246e-11
0.4838726808735357,0.3547003894126836,0.16142692971378073,0.0
0.24295080318199638,0.2902461509079631,0.32896376440781616,0.1378392815022244
0.6190471999207022,0.1553878223720431,0.22556497770725462,0.0
0.9999999915865816,2.9250468826595727e-9,4.418395227131171e-9,1.069976078625668e-9
0.40020197384623557,0.2816467911434583,0.31815123501030607,0.0
0.9999999999960415,1.203290720264622e-12,1.6249146548966169e-12,1.1303480786628366e-12
0.9999999999948946,7.604973570775621e-13,1.2651364213611284e-12,3.079691431390428e-12
0.013061032463811111,0.9869389675361888,0.0,0.0
0.6895704965183611,0.3104295034816389,0.0,0.0
0.33438897085003083,0.4829161310600171,0.18269489808995212,0.0
0.9999999999917777,1.5890533747415589e-12,1.5701028485315306e-12,5.0632159065106004e-12
0.5954826650035855,0.18467379070172485,0.21984354429385145,8.381612907923083e-13
0.499432323890421,0.500567676109579,0.0,0.0
0.21439813029229923,0.3936431546704374,0.39195871503726337,0.0
0.18601607751545404,0.31432117371473867,0.191732678434283,0.30793007033552433
0.5175892185631491,0.4824107814368509,0.0,0.0
0.9999999999833319,1.1676843684469055e-11,9.344393352686807e-13,4.0568235860144585e-12
0.99999999998999,2.9912634492432552e-12,3.175131057943413e-12,3.8435218618904705e-12
0.5246761461645392,0.4753238538354609,0.0,0.0
0.38826845868458554,0.32486555579012105,0.1460881018239143,0.14077788370137914
0.3932590213825047,0.33809174457672403,0.11402861891458027,0.15462061512619102
0.3502676017334918,0.3183044348698075,0.16165152456974138,0.16977643882695934
0.9999999999812403,1.5183953520262985e-11,2.1602530942462904e-12,1.4153582454689087e-12
0.99999999999381,2.3697970418992993e-12,2.1492540252806257e-12,1.6708520200415735e-12
0.49067868963984984,0.2712380792359552,0.23808323112419497,0.0
0.3934589329249762,0.22888501052248222,0.22560213317727573,0.15205392337526583
0.5511993877499023,0.19792384545903588,0.25087676679106186,0.0
0.9999999999928619,1.0436580109912741e-12,5.253906840281294e-12,8.405990397992608e-13
0.392872958354176,0.380141066684715,0.22698597496110903,0.0
0.9961543935442457,9.358921909555309e-13,0.0038456064539567902,8.615718256785479e-13
0.9999999999969554,8.740794543327043e-13,1.129373054944939e-12,1.0412280531384534e-12
0.9999999999794157,2.0584351302031235e-11,0.0,0.0
0.6780895649212296,0.3219104350787704,0.0,0.0
0.38439883735729785,0.4238509139806493,0.1917502486620529,0.0
0.2756005136826374,0.30075424358373726,0.12993126245373393,0.2937139802798915
5.494244149355041e-5,0.0002900173773668807,0.9996119829343856,4.3057246753980365e-5
0.5211620510538189,0.47883794894618115,0.0,0.0
0.2667325987732465,0.24513662178018283,0.4881307794465707,0.0
0.1740335575312154,0.460759070745529,0.19096697460539439,0.17424039711786118
0.7787113704235543,0.2212886295764457,0.0,0.0
0.9999999999964096,1.0272150313408084e-12,1.3317689056851086e-12,1.2315187210222939e-12
0.07694009625781172,0.10645192535784345,0.6721938198230918,0.1444141585612531
0.5645555179538777,0.4354444820461223,0.0,0.0
0.21856693255808254,0.3097209203227205,0.17377359853724822,0.2979385485819487
0.9999999950243305,2.0819915375951692e-9,1.881197187220744e-9,1.0124808942303568e-9
0.413652580886898,0.4194759040596704,0.11571813898978571,0.0511533760636459
0.9999999999827403,6.8095436017232524e-12,6.8702381475907554e-12,3.5800128057691322e-12
0.18320736599173956,0.8167926339201566,7.937382283060146e-11,8.73013676665819e-12
0.6418442668573732,0.2532360233874861,0.1049197097551408,0.0
0.6402097225822707,0.1832944606506193,0.09584338930435639,0.08065242746275365
0.999999999987579,9.00986503770241e-12,3.4111182413280876e-12,0.0
0.9999999999861141,6.2107962830364236e-12,3.781953614750577e-12,3.893124289302297e-12
0.6164262264574959,0.22819484806373255,0.1553789254787716,0.0
0.9999999999920905,4.555283055225339e-12,1.875920114555557e-12,1.4783248013240945e-12
0.9999994256898538,3.915763170991649e-11,8.534500956421156e-8,4.889259791315677e-7
0.9999999997973886,2.026112743669605e-10,0.0,0.0
0.8219170579881754,0.17808294201182465,0.0,0.0
0.9999999999977278,1.4008396545178825e-12,8.715159219963914e-13,0.0
0.9999999999949559,1.3543676929217086e-12,1.8623317610258757e-12,1.8273248129152207e-12
0.9999999999439546,9.329743718761942e-12,4.586918950276942e-11,8.463209641497088e-13
0.9999999999965872,3.4128538876358896e-12,0.0,0.0
1.0410070605467098e-5,0.00035573717804235024,0.9996338527513522,0.0
0.4019056759238577,0.5980943240761423,0.0,0.0
0.6150272297733784,0.3849727702266216,0.0,0.0
0.8506629194533166,0.14933708054668335,0.0,0.0
0.5639842612468263,0.4360157387531736,0.0,0.0
0.6079259422911848,0.39207405770881526,0.0,0.0
0.7521421508553843,0.24785784914461567,0.0,0.0
0.7082658431380205,0.2917341568619794,0.0,0.0
0.6176353696082159,0.3823646303917842,0.0,0.0
0.8714123469588225,0.12858765304117745,0.0,0.0
0.5400360058042232,0.4599639941957768,0.0,0.0
0.5888126091078217,0.4111873908921783,0.0,0.0
0.6017633141757349,0.398236685824265,0.0,0.0
0.6495897440618738,0.35041025593812625,0.0,0.0
0.9899627032384422,0.01003729676155785,0.0,0.0
0.605917898514923,0.39408210148507705,0.0,0.0
0.17623801462537764,0.8237619853746223,0.0,0.0
0.8582593768941141,0.1417406231058859,0.0,0.0
0.8950266650158405,0.10497333498415955,0.0,0.0
0.7630667722237005,0.23693322777629955,0.0,0.0
0.9999999999985816,1.4184605480356257e-12,0.0,0.0
0.9999999998690977,1.3090236470543806e-10,0.0,0.0
0.351149646054508,0.6488503539454921,0.0,0.0
0.49962705825556275,0.5003729417444372,0.0,0.0
0.5018954531592544,0.4981045468407456,0.0,0.0
0.4268092288877426,0.5731907711122575,0.0,0.0
0.5884519069520899,0.4115480930479101,0.0,0.0
0.7625319699127124,0.2374680300872876,0.0,0.0
0.6315584352243737,0.3684415647756263,0.0,0.0
0.5890505972912123,0.4109494027087876,0.0,0.0
0.7224967017085802,0.27750329829141984,0.0,0.0
0.6782239214490731,0.3217760785509269,0.0,0.0
0.5901625208643343,0.40983747913566565,0.0,0.0
0.820335342549507,0.17966465745049304,0.0,0.0
0.6191964900394973,0.3808035099605027,0.0,0.0
0.679500219747263,0.320499780252737,0.0,0.0
0.6884489426167274,0.31155105738327266,0.0,0.0
0.5394563773617554,0.4605436226382446,0.0,0.0
0.871048016096445,0.12895198390355497,0.0,0.0
0.6894341229727666,0.3105658770272334,0.0,0.0
0.9997898080874824,0.00021019191251758928,0.0,0.0
0.7803530252655221,0.21964697473447786,0.0,0.0
0.9999999999987516,1.2485569608317913e-12,0.0,0.0
0.9357744861221456,0.06422551387785438,0.0,0.0
0.9999999999940395,5.960405469438824e-12,0.0,0.0
0.9999999999988186,1.1813490984575102e-12,0.0,0.0
0.9967157590498361,0.0032842409501638165,0.0,0.0
0.7507970468971671,0.24920295310283286,0.0,0.0
0.7512378841942239,0.24876211580577615,0.0,0.0
0.5320297540193124,0.23443336120959762,0.23353688477108994,0.0
0.594273068491567,0.405726931508433,0.0,0.0
0.9999999999984103,8.190658679708133e-13,7.70589255691085e-13,0.0
0.4228821792218335,0.2585621494368674,0.31855567134129903,0.0
0.5177614210796941,0.48223857892030586,0.0,0.0
0.32274709052954675,0.5112382250751941,0.1660146843952591,0.0
0.6317157358080255,0.21306585820375087,0.1552184059882236,0.0
0.4792086519847141,0.3222139255955748,0.1985774224197111,0.0
0.29175153710413687,0.5907881631094786,0.11746029978638456,0.0
0.5326553098855682,0.2993954373964614,0.1679492527179704,0.0
0.3815984757603561,0.36728474667955097,0.251116777560093,0.0
0.385689318486177,0.2692222261993352,0.34508845531448784,0.0
0.4117501071696985,0.378776854257912,0.20947303857238947,0.0
0.36110238423621205,0.3547616412571467,0.28413597450664124,0.0
0.3495590880335225,0.3386741882057217,0.3117667237607558,0.0
0.79571658219357,0.20248320628093064,0.0018002115254992755,0.0
0.9999999999817032,1.4626764095992318e-11,3.669977191775191e-12,0.0
0.9999999999981648,8.924880588963192e-13,9.426832895212555e-13,0.0
0.8608715666507197,0.13912843334928027,0.0,0.0
0.9999999999991627,8.372834596383983e-13,0.0,0.0
0.04724893475375018,0.9524832605532282,0.0002678046930216649,0.0
0.8474283471990862,0.06704309151030129,0.08552856129061245,0.0
0.7081229298912755,0.29187707010872455,0.0,0.0
0.5276452862765791,0.2844976178179728,0.18785709590544813,0.0
0.9967756746989658,0.0012638888139956323,0.001298657445268275,0.0006617790417704987
0.5044875068092791,0.4955124931907209,0.0,0.0
0.9999999999782209,1.6182584864369252e-11,3.0940663466568315e-12,2.5024249277619053e-12
0.04928539666318577,0.6680465798854643,0.13839851035424236,0.1442695130971076
0.4459972754286738,0.5540027245713263,0.0,0.0
0.9600542633555441,0.01733325805570903,0.01180310623832875,0.010809372350418052
0.30145439325263984,0.26432014071658816,0.29381304666982144,0.1404124193609506
0.1785173111216343,0.17294803978093895,0.5752583858050486,0.07327626329237813
0.01954279266565085,0.44860663831791686,0.04457596730337903,0.48727460171305337
0.04330690428251159,0.18234756907671057,0.05024669732668226,0.7240988293140955
0.7286148137811257,0.2009846378753053,0.07040054834356906,0.0
0.6149504965065131,0.12327605693203642,0.18982821646963188,0.07194523009181862
0.4334898193132228,0.361939728691787,0.20457045199499027,0.0
0.9999999999448177,4.0363905677096725e-11,4.059599158957846e-12,1.0758713964671166e-11
0.10476749344844345,0.22164695373076482,0.6735855528207917,0.0
0.9999999999930976,2.105828550867188e-12,2.043159668235264e-12,2.753354183250906e-12
2.1036020925996335e-12,0.16935778903410445,0.8306422109623062,1.4858354637510657e-12
0.9999999999927145,1.2898099192847433e-12,3.033809004238942e-12,2.96190144339162e-12
0.8135030945227726,0.18649690547722736,0.0,0.0
0.9999999999967811,3.2187449939531317e-12,0.0,0.0
0.042515235759758886,0.914976720836375,0.04250804340386607,0.0
0.9999899365439732,1.0063418058236929e-5,9.181369952338976e-12,2.878730290126908e-11
0.8664478941779413,0.13355210582205865,0.0,0.0
0.5286657315330314,0.46151258215459956,0.009821686312369024,0.0
0.20829176492225535,0.23108484905744409,0.25925911263928403,0.3013642733810165
0.4674075559940587,0.5325924440059413,0.0,0.0
0.24274698823394197,0.5906489069991642,0.08526287455470621,0.08134123021218763
0.5543743000858073,0.1605194274026588,0.17392013088250974,0.11118614162902413
0.5948220669055072,0.4051779330944928,0.0,0.0
0.2562153483771942,0.3557099679598223,0.2987383383945041,0.08933634526847943
0.29959173156596813,0.23117227343554284,0.3279361726375308,0.14129982236095823
0.28490060193143324,0.19875131385339934,0.32004280001282076,0.19630528420234666
0.00022974547086954136,0.9997002908955319,3.4658029700123036e-5,3.530560389837088e-5
0.9999999999972623,1.362795914989583e-12,8.978138509137253e-13,4.770392496727176e-13
0.5298354770373839,0.2076021696398919,0.26256235332272426,0.0
0.24630686828231077,0.37367121874696874,0.20678090495624493,0.17324100801447553
0.998265160500529,0.0011286693346285025,0.0006061701648424814,0.0
0.9999999999918447,2.7604022368769576e-12,4.141415836444489e-12,1.2535093159449528e-12
0.3021802618338484,0.45161679361060186,0.24620294455554975,0.0
0.9999999992036244,7.628480174228925e-10,2.1323979335445413e-11,1.2203498209572587e-11
8.715246000113904e-12,0.9999999999744256,1.4077609319162614e-11,2.781432627849388e-12
0.9999999999641952,1.4182882345121978e-12,3.370729159855769e-11,6.79326666313062e-13
0.9999999418606783,5.813932175517043e-8,0.0,0.0
0.7185609877006601,0.2814390122993399,0.0,0.0
0.27864503999534035,0.5258779690187667,0.19547699098589297,0.0
0.9999999999826892,4.1889376454313825e-12,7.62040922809688e-12,5.501484413482396e-12
0.5693300277111477,0.43066997228885223,0.0,0.0
0.9999997580657446,2.4193359524681626e-7,6.602272099603004e-13,0.0
0.57375780747028,0.4262421925297199,0.0,0.0
0.5197196527929299,0.4802803472070702,0.0,0.0
0.6022889495358572,0.39771105046414285,0.0,0.0
0.5658014460538632,0.4341985539461369,0.0,0.0
0.41329310411934866,0.5867068958806514,0.0,0.0
0.3865620578535289,0.6134379421464711,0.0,0.0
0.6255786765943376,0.3744213234056623,0.0,0.0
0.5829531513359149,0.41704684866408515,0.0,0.0
0.25158147785099855,0.7484185221490014,0.0,0.0
0.8412321401540166,0.1587678598459834,0.0,0.0
0.4321117991790208,0.5678882008209791,0.0,0.0
0.40426554179924534,0.5957344582007547,0.0,0.0
0.9999999999965966,3.4034137082932155e-12,0.0,0.0
0.9999999927642768,7.2357232179266265e-9,0.0,0.0
0.33641684214217,0.66358315785783,0.0,0.0
0.9797088496927406,0.02029115030725932,0.0,0.0
0.16742104050622278,0.8325789594937772,0.0,0.0
0.9999999999888043,1.1195781317868421e-11,0.0,0.0
0.4608752286158903,0.5391247713841097,0.0,0.0
0.6982675610807934,0.3017324389192067,0.0,0.0
0.9118926436858282,0.0881073563141718,0.0,0.0
0.999999999569607,4.30393008428957e-10,0.0,0.0
0.9999997115160563,2.8848394376964093e-7,0.0,0.0
0.9999999999988873,1.1126244879954464e-12,0.0,0.0
0.2732473524321403,0.3592906311271556,0.3674620164407041,0.0
0.6617739179704714,0.3382260820295287,0.0,0.0
0.5407048681406329,0.09010206184556273,0.3691930700138044,0.0
0.14177572633026972,0.47792750646040655,0.3802967672093237,0.0
0.484042878785078,0.515957121214922,0.0,0.0
0.4058447539883533,0.3386774937554519,0.25547775225619485,0.0
0.46446017124611766,0.25253356413712724,0.28300626461675504,0.0
0.45548341847511387,0.35483799615092326,0.18967858537396287,0.0
0.6561817575373257,0.1261449539784517,0.21767328848422257,0.0
0.14928609886140817,0.7760439352677473,0.07466996587084454,0.0
0.47859896054577894,0.3592831599371412,0.16211787951707984,0.0
0.46488753601598615,0.3111528612984743,0.22395960268553952,0.0
0.9999999999982488,1.277042211231037e-12,4.739603860046555e-13,0.0
0.9999993650680703,6.349182800825955e-7,1.3649680202930645e-11,0.0
0.45038965673947645,0.3212867550422459,0.22832358821827764,0.0
0.0171480356354797,0.26144493807269853,0.7214070262918219,0.0
0.6780388460107675,0.188112024533107,0.1338491294561255,0.0
0.002734495049648443,0.05852090068468007,0.9387446042656715,0.0
0.43166204156369636,0.5683379584363036,0.0,0.0
0.6295043645782978,0.37049563542170216,0.0,0.0
0.5420551151793417,0.22949841843326657,0.22844646638739172,0.0
0.9999999998831176,7.287095205749225e-13,1.1615364802901479e-10,0.0
0.999997769743104,2.230254135359942e-6,2.760742458434712e-12,0.0
0.999999999998387,1.6130796883727115e-12,0.0,0.0
