---flow allocation with alpha---
0.007833410572459246
0.02976153099751435
0.00036234397688893194
0.017335116231240136
0.03488234258564586
0.013990689324827275
0.010946828138052525
0.015355991001250076
0.027022538520686784
0.028434806974563034
0.01714772322835503
0.016209941512911052
0.006019978822215207
0.02378902177748578
0.011997641211288181
0.009609320331024795
0.00024363856151174524
0.014085594325430615
0.017600124903044568
0.030072911266072734
0.004499295400360965
0.023501166348261635
0.026109548617217204
0.018171617043794937
0.036909103480535506
0.007479660147538614
0.03608950980780649
0.026614617556727446
0.006975790875689456
0.01648899146670255
0.014980545187884883
0.020466537178380304
0.03491713935385069
0.0136678607034969
0.033802752020004545
0.025294014088546864
0.035657095072108846
0.029882042205627218
0.033727995957290896
0.028693204825237028
0.0332232560478888
0.00203999381945661
0.03463366493871881
0.035829900822714804
0.030962256297172787
0.012388857263045219
0.03499170864613218
0.002190673260084814
0.011655134888235366
0.03829936032063528
0.003380619459178211
0.03364135842170137
0.012024424570156764
0.022079213179342735
0.017551847619725548
0.024319556120263163
0.008299750279336639
0.034145839725889734
0.03160113267013623
0.03184802985351517
0.03536094229692392
0.030063196349700453
0.02076974125572663
0.019061757730164882
0.011973889001727876
0.02106757065471398
0.030180023964498433
0.025893583332582352
0.023466895244290763
0.024884625577351382
0.036434653904039487
0.033588100114626526
0.01434766006005287
0.002938593492137872
0.025551269405371224
0.018104539161436766
0.018682665483716745
0.025936583632845376
0.0034110370584129173
0.007428099815622393
0.0118671882901138
0.019042885306113904
0.025273462853190185
0.0024482832747641215
0.01968248256659926
0.006590199008432795
0.0380739140420762
0.019359428858645222
0.014236413484709021
0.02792060115654084
0.019284047119291884
0.002557748754588165
0.02398999987474345
0.0312636271508928
0.025077199477344287
0.01853989385529584
0.026668856142313357
0.013532210775323362
0.022844854142108156
0.030423612765350376
0.028850756199930567
0.02597921733627299
0.010025676845596613
0.00754692863151729
0.037075697917026175
0.01818959542147443
0.030385175443513063
0.006771195360836261
0.03320579540697568
0.035224347980821684
0.026806207118115072
0.027088335828338386
0.03507248446354352
0.033472829235093066
0.00168124627485318
0.02460327860484081
0.02995426585284035
0.008057216101652727
0.03785295025388868
0.014996612124696135
0.02172244829302453
0.028592276957095455
0.0037015139759445596
0.02002946228095129
0.014162353141855136
0.03317268675613834
0.03455178526016363
0.026660356172056445
0.016955257842981363
0.02170987129748005
0.013141276739863225
0.0049909739388611565
0.02391141387836807
0.005099428547431976
0.01964242089955748
0.024312963124008335
0.036559295682281764
0.03134193664080269
0.03255098784983529
0.0030210107821985175
0.022560007728247105
0.02514907927540285
0.017540830079822985
0.03810074672749481
0.005397345584852876
0.02712552496603586
0.03766849290170794
0.037406817948297574
0.026426191545504393
0.03796497132790276
0.025213526100077835
0.019844197505825428
0.004191896650668013
0.0006225863531948767
0.010958503073452716
0.03473587976135965
0.003661751843966297
0.015283037991554482
0.011825473353542794
0.013274518155951221
0.026970333523297484
0.015495351435342291
0.022727998108394157
0.013688864714736858
0.02870898492823245
0.037306424052032515
0.005805512250573714
0.013482830588657579
0.012819576300291536
0.012598733592142761
0.00630555799644782
0.013504759352985944
0.01041241902715589
0.023788006512572568
0.014117054381418493
0.029227846201927487
0.011279177580411871
0.015273800517539855
0.01928157214867473
0.029624256866190964
0.005073001967978651
0.033912949448363185
0.022898573628480846
0.01570317877563749
0.0044632740885792105
0.019426180854852225
0.033487588888218206
0.02272541684524216
0.010780309367531802
0.03545163801877505
0.005071127080179011
0.008406188991744761
0.02513895631798042
0.03498789735184281
0.023264297431843845
0.030960908676670063
0.008284176686399051
0.017347713763068737
0.029347391250965874
0.009644231760832185
0.008901567424179874
0.0008131482251155887
0.03723361279630599
0.010118968197556049
0.029468290313024992
0.021958196944765907
0.03666642164337896
0.0010388715464823572
0.02089967755653129
0.02397734288311926
0.0017125295560003174
0.03636851801511729
0.017692309041570348
0.014946460997187378
0.01044525135353335
0.008556897884633418
0.0035928903518709612
0.02231262066729677
0.015514991064630479
0.036855787705635384
0.020850485944732607
0.005192986166981858
0.037211712286991674
0.03825973433951307
0.0024330192696374
0.03741437257282868
0.0360480630544201
0.0016465018023693579
0.006798742866514485
0.005839426887660545
0.018251259529047586
0.006556496328120112
0.02525757266015737
0.03569701605473414
0.016157864470055138
0.030485035334802818
0.028116862988469105
0.01010555760162927
0.023483712462140174
0.016406733676399766
0.03401834065093456
0.02890658669167643
0.018815392215177893
0.026342527969872923
0.01962767119154632
0.018047754245484125
0.029990942776728795
0.032663687044187636
0.0026227034402516516
0.03444314233647871
0.023356110167074735
0.03590220492488331
0.013042853087153567
0.012777182208891688
0.00783953755747683
0.02930064199923156
0.017093348238134968
0.033657176440608685
0.025421230613361098
0.019472814558368346
0.006526361353623117
0.025100941351560123
0.017898308686954457
0.01458623712779087
0.0034881621501639923
0.022564869460666197
0.012465671631700837
1.4275484102949269e-5
0.005782787556865273
0.0026173039206911193
0.025981343965946924
0.006682201165511866
0.006053895374896214
0.03569316571044062
0.0038673517354039706
0.028685318802913477
0.024968017998496475
0.00383480101110045
0.033975682284231916
0.012721513600845663
0.022692752612253633
0.013347503917001222
0.028279616549099912
0.03004267531304256
0.011113813770243213
0.03076096087218609
0.015325182500119428
0.018704650758073295
0.011031302967817482
0.029745906674330098
0.01351261831275819
0.0058392185667939175
0.02087070983024444
0.028517256901786917
0.025228114660570778
0.005312936364188442
0.011997156087063138
0.022333911538764566
0.008408341161801359
0.028323727415086396
0.026787742226955236
0.029629092304789426
0.004009628822630308
0.022190211966327124
0.006232627494983791
0.0021521461116717393
0.017986118087281074
0.0019225787896965901
0.001758142391490256
0.020646402373706973
0.016692406235848455
0.0241115194622874
0.03550497640693743
0.009771369267386665
0.017799070678600135
0.013835647787660065
0.013711672181592608
0.0351722438192378
0.0257999023966574
0.024583847739474984
0.022806671561197468
0.014584263148217244
0.01602214366489709
0.009598403255098269
0.03489802651296087
0.02160672651708571
0.023152865881937386
0.02343996857745934
0.030355832437778674
0.004853939407010682
0.02291626078840527
0.025574960398265116
0.017454332559832853
0.01678434996730516
0.020163930742039364
0.018045765025818505
0.027543381872528402
0.020049187154180307
0.022632111116604875
0.002954599526613546
0.031394950709620124
0.007460950378516855
0.023993200171707182
0.0022370506571001993
0.022491658324655397
0.026355087084188527
0.02383905152217295
0.003899029998169633
0.018739644780731875
0.015872568957943894
0.01492843515026696
0.02484431803014296
0.02665845125584651
0.007314645597344498
0.0040970105665571604
0.00935176698333438
0.03128136219361516
0.028795420930461876
0.017376253691526608
0.03722975478963572
0.036123526532271154
0.011465719020530375
0.014196008671008136
0.006154977432392836
0.01614264986331323
0.0026657406635924134
0.012651885899754021
0.020090615709422024
0.017043977150541522
0.017919857033698434
0.02351066678778895
0.02024224648200782
0.008772067479337457
0.008203709729557368
0.03261126345353529
0.0001737271657715084
0.021531342230375117
0.01806300907970373
0.0250750147421867
0.03385779661864839
0.01664293026947388
0.01686112602407726
0.02424961346681496
0.01788068138934803
0.021067405308785182
0.01612279233518753
0.015248656032747086
0.012386230983430087
0.031258656184006396
0.010563783005736339
0.005226442019263567
0.021650586426881974
0.01718168346906286
0.007570773911394215
0.00023500473911179103
0.0039033382485933656
0.03448005514036513
0.02079133586859594
0.002889148261836234
0.008922996905005615
0.025373119028938296
0.03022376792405336
0.02202368441427093
0.02027531085127362
0.03498816958589224
0.0034100736908811353
0.0104616818836784
0.03749419777663024
0.03097034968256588
0.0037303007110921303
0.03796903526094689
0.012538232830817937
0.02506784850437474
0.02865917105946309
0.032693680459996446
0.032967246464253586
0.037314697637461314
0.005830681067774522
0.0021426998378919412
0.018615121633075285
0.009596148910322016
0.004732246976901136
0.021430099725890158
0.029323440098086333
0.024473411855484246
0.03520496695674724
0.030743806726341104
0.019667349609373747
0.013223126917186313
0.006429947583157002
0.0031255102756810142
0.031475257206458364
0.03485315371939092
0.004740736890288627
0.018260023151707345
0.025332308731716845
0.03589437253919669
0.02532748813897325
0.031182774709714426
0.0023064936756974777
0.00782750571045814
0.03068278834725978
0.018026555669809017
0.0016215662735326814
0.03456860178253512
0.007575382388507238
0.028088273593653984
0.033849575846242604
0.014103169974769491
0.0015140571421506086
0.020448567439705953
0.001186277045104568
0.021087178213235486
0.024608040896016977
0.016406792882474052
0.01295238196871957
0.0040607038312432
0.035817492561440546
0.010219127912433092
0.02258942067342133
0.008051424302661963
0.03346277715465515
0.029139249492394586
0.020274134899355117
0.026882885000685662
0.02820255075870871
0.00269502598001411
0.02520374410750133
0.007747840937668815
0.01542608833892798
0.027491702493953017
0.0044518201247664224
0.0019687270115343325
0.03351903624000651
0.004958369460204303
0.009156078668581528
0.024430696398472576
0.03644928904354319
0.013091444765678839
0.02090189809792045
0.018491441295109726
0.03736085805503281
0.023425528204642054
0.02480691297031626
0.009276433368976714
0.023942729054158236
0.027214470521341794
0.01376048327363968
0.022371994508778106
0.026459548591694353
0.013182097148899594
0.03368855866219501
0.014413257013939374
0.02965782765412323
0.0060513102805558674
0.005913173911142041
0.01614668278767663
0.01352580454950068
0.015747590869366376
0.029649868360322452
0.023028483874097838
0.02035832526338496
0.021015564667331614
0.0318120282405486
0.006225981340990583
0.02819799068677303
0.006070112795189197
0.030737557100342303
0.005976356432743569
0.014549276347064028
0.00548470003156272
0.03433922882260712
0.02165023932968351
0.005868741586177263
0.004349012090040367
0.015166375432852248
0.02142015252423337
0.012775846340307227
0.032315743048975505
0.028558074336629373
0.017779313994208998
0.03235813061719334
0.03096002462995789
0.020520988421728184
0.029228887792796688
0.03169189462519967
0.034711583647416826
0.010833477641680385
0.026185010576384653
0.020942976578326524
0.01665276571101547
0.0068809534394637445
0.0187115157687011
0.035987851140486825
0.036731982854048384
0.033095227311144
0.024616182526108064
0.01784534933617263
0.03197638143185349
0.0017192387809317668
0.009865186545540324
0.007593255361066724
0.02250164383819571
0.01571769924032189
0.035879270473612605
0.018459932266617445
0.027953938719991436
0.004912627944675601
0.03269002167512052
0.03112794030833839
0.028392282220554184
0.018769419870551
0.03088695907910447
0.036153818219884885
0.03383385169144991
0.021908655378502177
0.011557397442193721
0.022043937033695404
0.01414931800238683
0.0223520464688276
0.017450046719538318
0.030782046775077072
0.018139877084996273
0.028430763908847925
0.011291614497073178
0.009893228354189513
0.01316318544539824
0.0052831790453618105
0.01755069874211856
0.03376042696668852
0.021752433884473885
0.011736134830165282
0.020370661796181324
0.02507047143170006
0.03464860848888484
0.020723401595916506
0.0022448625172335145
0.0194004807644901
0.03173735837957287
0.03803120108093957
0.026708162219208194
0.0059298505951386905
0.016500714478265607
0.0356642330549067
0.026233937725027835
0.023800677210248915
0.01803941374844235
0.031140995600738533
0.03238657240171969
0.03520990200624285
0.01530044290241899
0.007330270386197973
0.0287683195829601
0.01910660946196866
0.026106352559342082
0.029693861896165668
0.03479049654949213
0.03381130035901439
0.022193298306081324
0.013638458727389892
---weights per flow tunnel---
0.08397597192129283,0.9160240280787072,0.0,0.0
0.0,0.12188585457163773,0.8781141454283622,0.0
0.5,0.0,0.0,0.5
0.9082293049863506,0.09177069501364951,0.0,0.0
0.0,0.5,0.0,0.5
0.33333333333333337,0.33333333333333337,0.0,0.33333333333333337
0.5,0.5,0.0,0.0
0.0,0.5,0.0,0.5
0.0,0.0,0.5,0.5
0.5,0.0,0.5,0.0
0.0,0.33333333333333337,0.33333333333333337,0.33333333333333337
0.3333333333333333,0.3333333333333333,0.3333333333333333,0.0
0.0,0.5,0.0,0.5
0.5,0.0,0.5,0.0
0.0,0.5,0.46829884180167075,0.031701158198329214
0.3841330980836737,0.0,0.359778169860544,0.2560887320557824
0.0,0.5,0.46829884180167075,0.031701158198329214
0.5,0.5,0.0,0.0
0.5,0.5,0.0,0.0
0.2711991928668837,0.3644004035665581,0.3644004035665581,0.0
0.0,0.5,0.5,0.0
0.29855712416882385,0.10432862749352845,0.29855712416882385,0.29855712416882385
0.5,0.5,0.0,0.0
0.5,0.0,0.5,0.0
0.5,0.5,0.0,0.0
0.5,0.5,0.0,0.0
0.5,0.5,0.0,0.0
0.7664414822447685,0.23355851775523148,0.0,0.0
0.5,0.5,0.0,0.0
0.07825465499730365,0.9217453450026963,0.0,0.0
0.49817193642391844,0.5018280635760816,0.0,0.0
0.5,0.5,0.0,0.0
0.5,0.4999999999999999,0.0,0.0
0.5,0.5,0.0,0.0
0.5,0.5,0.0,0.0
0.5,0.5,0.0,0.0
0.5,0.5,0.0,0.0
0.5,0.5,0.0,0.0
0.5,0.5,0.0,0.0
0.5000000000000001,0.5,0.0,0.0
0.5,0.5,0.0,0.0
0.5,0.5,0.0,0.0
0.5,0.5,0.0,0.0
0.5,0.5,0.0,0.0
0.5,0.5,0.0,0.0
0.5,0.5,0.0,0.0
0.5,0.5,0.0,0.0
0.5,0.5,0.0,0.0
0.0,0.5,0.5,0.0
0.5,0.5,0.0,0.0
0.3333333333333333,0.0,0.3333333333333333,0.3333333333333333
0.5,0.5,0.0,0.0
0.5,0.0,0.5,0.0
0.5,0.0,0.5,0.0
0.33333333333333337,0.33333333333333337,0.0,0.33333333333333337
0.5,0.0,0.5,0.0
0.0,0.3333333333333333,0.3333333333333333,0.3333333333333333
0.5,0.0,0.5,0.0
0.448401725569307,0.1031965488613859,0.448401725569307,0.0
0.33333333333333337,0.33333333333333337,0.33333333333333337,0.0
0.0,0.5,0.5,0.0
0.1682535080694024,0.41587324596529884,0.41587324596529884,0.0
0.3333333333333333,0.3333333333333333,0.0,0.3333333333333333
0.1350252752569066,0.0,0.8649747247430933,0.0
0.0,0.0,0.5445303725387894,0.45546962746121056
0.5,0.5,0.0,0.0
0.1197585773665282,0.8802414226334717,0.0,0.0
0.33333333333333337,0.33333333333333337,0.33333333333333337,0.0
0.0,0.05773967231716584,0.0,0.9422603276828342
0.0,0.07429939524402802,0.851401209511944,0.07429939524402802
0.5,0.5,0.0,0.0
0.5,0.0,0.5,0.0
0.5,0.0,0.07474603950869589,0.4252539604913041
0.5,0.5,0.0,0.0
0.12234318745931758,0.0,0.12234318745931758,0.7553136250813649
0.5,0.5,0.0,0.0
0.5,0.5,0.0,0.0
0.3333333333333333,0.3333333333333333,0.3333333333333333,0.0
0.5,0.0,0.5,0.0
0.012438460579154268,0.9875615394208457,0.0,0.0
0.5,0.5,0.0,0.0
0.5,0.5,0.0,0.0
0.3333333333333333,0.3333333333333333,0.3333333333333333,0.0
0.5,0.5,0.0,0.0
0.5,0.0,0.5,0.0
0.5,0.0,0.5,0.0
0.0,0.5,0.5,0.0
0.9099830906616713,0.0,0.09001690933832875,0.0
0.33333333333333337,0.33333333333333337,0.0,0.33333333333333337
0.5,0.5,0.0,0.0
0.5,0.5,0.0,0.0
0.5,0.5,0.0,0.0
0.4220007754537101,0.0,0.15599844909257973,0.4220007754537101
0.5,0.0,0.5,0.0
0.5,0.5,0.0,0.0
0.5,0.0,0.5,0.0
0.5,0.5,0.0,0.0
0.5,0.5,0.0,0.0
0.5,0.5,0.0,0.0
0.5,0.5,0.0,0.0
0.6021248728051297,0.3978751271948704,0.0,0.0
0.5,0.5,0.0,0.0
0.5,0.5,0.0,0.0
0.5,0.5,0.0,0.0
0.5,0.5,0.0,0.0
0.6774926660108781,0.32250733398912196,0.0,0.0
0.7631437232697629,0.23685627673023718,0.0,0.0
0.5,0.5,0.0,0.0
0.5,0.5,0.0,0.0
0.5,0.5,0.0,0.0
0.5,0.5,0.0,0.0
0.5,0.5,0.0,0.0
0.5,0.5,0.0,0.0
0.5,0.5,0.0,0.0
0.5,0.5,0.0,0.0
0.5,0.5,0.0,0.0
0.5,0.5,0.0,0.0
0.5,0.5,0.0,0.0
0.5,0.5,0.0,0.0
0.5,0.5,0.0,0.0
0.0,0.0,0.7754317201421874,0.22456827985781266
0.5,0.5,0.0,0.0
0.5,0.0,0.5,0.0
0.5,0.5,0.0,0.0
0.5,0.5,0.0,0.0
0.5,0.0,0.5,0.0
0.0,0.5,0.5,0.0
0.5,0.5,0.0,0.0
0.5,0.5,0.0,0.0
0.0,0.5,0.5,0.0
0.2119802626849041,0.2119802626849041,0.0,0.5760394746301917
0.09295876262725537,0.9070412373727446,0.0,0.0
0.0,0.3333333333333334,0.3333333333333333,0.3333333333333333
0.5,0.0,0.5,0.0
0.07223032136431673,0.07223032136431673,0.8555393572713664,0.0
0.5,0.0,0.0,0.5
0.3333333333333333,0.0,0.3333333333333333,0.3333333333333333
0.5,0.5,0.0,0.0
0.5,0.5,0.0,0.0
0.0,0.5,0.5,0.0
0.0,0.33333333333333337,0.33333333333333337,0.33333333333333337
0.5,0.5,0.0,0.0
0.5,0.5,0.0,0.0
0.0,0.5,0.5,0.0
0.5,0.0,0.0,0.5
0.446839515205908,0.5531604847940921,0.0,0.0
0.5,0.5,0.0,0.0
0.5,0.0,0.0,0.5
0.5,0.5,0.0,0.0
0.0,0.0,0.5,0.5
0.9441720559079061,0.05582794409209389,0.0,0.0
0.5,0.0,0.5,0.0
0.0,0.5,0.5,0.0
0.5,0.5,0.0,0.0
0.0,0.33333333333333337,0.33333333333333337,0.33333333333333337
0.3333333333333333,0.3333333333333333,0.3333333333333333,0.0
0.5,0.5,0.0,0.0
0.5,0.0,0.5,0.0
0.5,0.5,0.0,0.0
0.2962161320580002,0.09243226411600042,0.31513547176799916,0.2962161320580002
0.2548813329714484,0.23535600108565494,0.2548813329714484,0.2548813329714484
0.5,0.5,0.0,0.0
0.5,0.5,0.0,0.0
0.0,0.5,0.5,0.0
0.17873426677777354,0.2737552444074088,0.2737552444074088,0.2737552444074088
0.25,0.25,0.25,0.25
0.5,0.5,0.0,0.0
0.5,0.5,0.0,0.0
0.04664673395034876,0.9533532660496513,0.0,0.0
0.5,0.5,0.0,0.0
0.0,0.5,0.0,0.5
0.5,0.0,0.5,0.0
0.5,0.5,0.0,0.0
0.0,0.5,0.0,0.5
0.05258726588155114,0.947412734118449,0.0,0.0
0.5,0.5,0.0,0.0
0.0,0.20190772628891734,0.3990461368555413,0.3990461368555413
0.5,0.0,0.5,0.0
0.3333333333333333,0.3333333333333333,0.0,0.3333333333333333
0.5,0.5,0.0,0.0
0.5,0.5,0.0,0.0
0.5,0.0,0.5,0.0
0.5,0.0,0.5,0.0
0.0,0.24999999999999997,0.375,0.375
0.0,0.5,0.0,0.5
0.5,0.5,0.0,0.0
0.5,0.5,0.0,0.0
0.0,0.5,0.5,0.0
0.0,0.0,0.5,0.5
0.5,0.0,0.5,0.0
0.5,0.5,0.0,0.0
0.0,0.5,0.5,0.0
0.5,0.5,0.0,0.0
0.7517518180227314,0.24824818197726867,0.0,0.0
0.5,0.0,0.5,0.0
0.5,0.5,0.0,0.0
0.8338625737002332,0.16613742629976683,0.0,0.0
0.5,0.5,0.0,0.0
0.5,0.5,0.0,0.0
0.0,0.5,0.0,0.5
0.13766380569860817,0.8623361943013917,0.0,0.0
0.0,0.5,0.5,0.0
0.09393071924216477,0.40606928075783466,0.40606928075783466,0.09393071924216606
0.5,0.5,0.0,0.0
0.08410342255456714,0.0,0.9158965774454328,0.0
0.8507578604054452,0.0,0.14924213959455468,0.0
0.5,0.0,0.5,0.0
0.0,0.5,0.0,0.5
0.0,0.33333333333333337,0.33333333333333337,0.33333333333333337
0.5,0.5,0.0,0.0
0.5,0.5,0.0,0.0
0.5,0.0,0.5,0.0
0.5,0.0,0.5,0.0
0.4723004670821478,0.5276995329178523,0.0,0.0
0.5,0.5,0.0,0.0
0.5,0.0,0.5,0.0
0.5,0.5,0.0,0.0
0.5,0.5,0.0,0.0
0.0,0.0,0.5,0.5
0.5,0.0,0.5,0.0
0.5,0.5,0.0,0.0
0.5,0.5,0.0,0.0
0.0,0.5,0.5,0.0
0.0,0.0,0.5,0.5
0.33333333333333337,0.33333333333333337,0.33333333333333337,0.0
0.0,0.5,0.5,0.0
0.25000000000000006,0.25,0.25,0.25000000000000006
0.5,0.5,0.0,0.0
0.3333333333333333,0.0,0.3333333333333333,0.3333333333333333
0.5,0.0,0.5,0.0
0.33333333333333337,0.33333333333333337,0.0,0.33333333333333337
0.08047933462466376,0.0,0.8390413307506726,0.08047933462466376
0.0,0.8107782037349165,0.09461089813254174,0.09461089813254174
0.5,0.5,0.0,0.0
0.5,0.5,0.0,0.0
0.5,0.0,0.5,0.0
0.0,0.40826521880808475,0.4057538031252897,0.1859809780666255
0.5,0.0,0.5,0.0
0.5,0.5,0.0,0.0
0.5,0.5,0.0,0.0
0.0,0.5,0.5,0.0
0.5,0.5,0.0,0.0
0.5,0.5,0.0,0.0
0.5,0.5,0.0,0.0
0.5,0.5,0.0,0.0
0.0,0.5,0.5,0.0
0.5,0.5,0.0,0.0
0.5,0.5,0.0,0.0
0.0,0.5,0.5,0.0
0.5,0.0,0.5,0.0
0.36675940208862473,0.0,0.6332405979113752,0.0
0.5,0.5,0.0,0.0
0.5,0.5,0.0,0.0
0.41587324596529884,0.41587324596529884,0.16825350806940234,0.0
0.5,0.5,0.0,0.0
0.448401725569307,0.10319654886138592,0.448401725569307,0.0
0.5,0.5,0.0,0.0
0.5,0.5,0.0,0.0
0.5,0.5,0.0,0.0
0.5,0.5,0.0,0.0
0.5,0.5,0.0,0.0
0.5,0.5,0.0,0.0
0.5,0.5,0.0,0.0
0.8878499090512298,0.11215009094877007,0.0,0.0
0.3333333333333333,0.0,0.3333333333333333,0.3333333333333333
0.5,0.5,0.0,0.0
0.0,0.5,0.5,0.0
0.3333333333333333,0.3333333333333333,0.3333333333333333,0.0
0.5,0.5,0.0,0.0
0.0,0.33333333333333337,0.33333333333333337,0.33333333333333337
0.3333333333333333,0.3333333333333333,0.3333333333333333,0.0
0.25,0.25,0.25,0.25
0.25,0.25,0.25000000000000006,0.25
0.25,0.25,0.25,0.25
0.476254234052641,0.0,0.523745765947359,0.0
0.5,0.5,0.0,0.0
0.34889706356004596,0.30220587287990813,0.34889706356004596,0.0
0.4158732459652988,0.4158732459652988,0.1682535080694024,0.0
0.5,0.0,0.5,0.0
0.5,0.0,0.5,0.0
0.5,0.0,0.5,0.0
0.5,0.5,0.0,0.0
0.5,0.5,0.0,0.0
0.5,0.0,0.5,0.0
0.1332143731015584,0.7335712537968831,0.1332143731015584,0.0
0.5,0.5,0.0,0.0
0.5,0.5,0.0,0.0
0.5,0.5,0.0,0.0
0.5,0.0,0.5,0.0
0.5,0.5,0.0,0.0
0.19105190124470753,0.6178961975105849,0.19105190124470753,0.0
0.5,0.5,0.0,0.0
0.5,0.5,0.0,0.0
0.12006165202038285,0.8799383479796171,0.0,0.0
0.223745800884133,0.776254199115867,0.0,0.0
0.5,0.5,0.0,0.0
0.5,0.5,0.0,0.0
0.5,0.0,0.5,0.0
0.5,0.5,0.0,0.0
0.5,0.5,0.0,0.0
0.5,0.5,0.0,0.0
0.5,0.5,0.0,0.0
0.5,0.0,0.5,0.0
0.3333333333333333,0.3333333333333333,0.3333333333333333,0.0
0.0,0.5,0.5,0.0
0.5,0.5,0.0,0.0
0.5,0.5,0.0,0.0
0.33333333333333337,0.33333333333333337,0.33333333333333337,0.0
0.0,0.5,0.5,0.0
0.33333333333333337,0.33333333333333337,0.33333333333333337,0.0
0.5,0.5,0.0,0.0
0.3333333333333333,0.3333333333333333,0.3333333333333333,0.0
0.4836304884247593,0.0327390231504814,0.0,0.4836304884247593
0.5,0.5,0.0,0.0
0.0,0.4921417206967794,0.4921417206967777,0.015716558606443002
0.04363083041830707,0.0,0.9563691695816929,0.0
0.12846991264757127,0.8715300873524288,0.0,0.0
0.0,0.5,0.5,0.0
0.0,0.03170115819832916,0.5,0.4682988418016708
0.1125431030501114,0.4437284484749443,0.0,0.4437284484749443
0.5,0.0,0.5,0.0
0.3333333333333333,0.0,0.3333333333333333,0.3333333333333333
0.5,0.5,0.0,0.0
0.2720538527031275,0.0,0.7279461472968726,0.0
0.5,0.24583512700471957,0.2541648729952805,0.0
0.1682535080694024,0.4158732459652988,0.4158732459652988,0.0
0.5,0.5,0.0,0.0
0.47679860685741243,0.5232013931425876,0.0,0.0
0.0,0.4094238462042795,0.0,0.5905761537957205
0.5,0.5,0.0,0.0
0.5,0.5,0.0,0.0
0.0,0.5,0.5,0.0
0.1177297296413515,0.47026203099010533,0.0,0.41200823936854325
0.5,0.0,0.0,0.5
0.7451326288894649,0.2548673711105351,0.0,0.0
0.08802442977999561,0.0,0.9119755702200044,0.0
0.5,0.0,0.5,0.0
0.5,0.5,0.0,0.0
0.1682535080694024,0.41587324596529884,0.41587324596529884,0.0
0.5,0.5,0.0,0.0
0.5,0.5,0.0,0.0
0.882352551116335,0.0,0.11764744888366495,0.0
0.5,0.0,0.5,0.0
0.5,0.5,0.0,0.0
0.5,0.0,0.5,0.0
0.5,0.5,0.0,0.0
0.4158732459652988,0.4158732459652988,0.1682535080694024,0.0
0.41587324596529884,0.41587324596529884,0.16825350806940237,0.0
0.43705476064185206,0.43705476064185206,0.1258904787162959,0.0
0.1682535080694024,0.41587324596529884,0.41587324596529884,0.0
0.4158732459652988,0.16825350806940237,0.4158732459652988,0.0
0.12589047871629594,0.43705476064185206,0.43705476064185206,0.0
0.43705476064185206,0.1258904787162959,0.43705476064185206,0.0
0.5,0.5,0.0,0.0
0.5,0.5,0.0,0.0
0.14402140195363056,0.5,0.35597859804636944,0.0
0.1682535080694024,0.4158732459652988,0.4158732459652988,0.0
0.5,0.0,0.5,0.0
0.12156267669507974,0.8784373233049202,0.0,0.0
0.5,0.5,0.0,0.0
0.4836304884247593,0.03273902315048139,0.0,0.4836304884247593
0.5,0.5,0.0,0.0
0.0,0.03921121638906934,0.0,0.9607887836109307
0.0,0.01396961077295384,0.9860303892270461,0.0
0.5,0.5,0.0,0.0
0.0,0.5,0.0,0.5
0.01571655860644127,0.4921417206967794,0.0,0.4921417206967794
0.25,0.25,0.25,0.24999999999999992
0.5,0.03343444678133881,0.46656555321866117,0.0
0.0,0.3333333333333333,0.3333333333333333,0.3333333333333333
0.5,0.5,0.0,0.0
0.5,0.5,0.0,0.0
0.5,0.5,0.0,0.0
0.0,0.5,0.5,0.0
0.4158732459652988,0.4158732459652988,0.1682535080694024,0.0
0.0,0.0,0.5,0.5
0.5,0.0,0.0,0.5
0.5,0.5,0.0,0.0
0.5,0.5,0.0,0.0
0.5,0.0,0.5,0.0
0.0,0.5,0.0,0.5
0.0,0.5,0.5,0.0
0.5,0.5,0.0,0.0
0.0,0.5,0.5,0.0
0.3697290564640016,0.38864839617400054,0.2227032076519988,0.018919339709999
0.5,0.5,0.0,0.0
0.040002096470862496,0.0,0.9599979035291374,0.0
0.5,0.0,0.5,0.0
0.5,0.5,0.0,0.0
0.8434862335431679,0.07825688322841609,0.0,0.07825688322841609
0.5,0.5,0.0,0.0
0.38864839617400065,0.1659451885220019,0.22270320765199877,0.2227032076519987
0.0,0.5,0.5,0.0
0.3333333333333333,0.0,0.3333333333333333,0.3333333333333333
0.5,0.0,0.5,0.0
0.5,0.0,0.5,0.0
0.33333333333333337,0.33333333333333337,0.33333333333333337,0.0
0.3333333333333333,0.3333333333333333,0.3333333333333333,0.0
0.33333333333333337,0.33333333333333337,0.33333333333333337,0.0
0.0,0.33333333333333337,0.33333333333333337,0.33333333333333337
0.5,0.0,0.0,0.5
0.5,0.5,0.0,0.0
0.5,0.5,0.0,0.0
0.6255075273546403,0.0,0.37449247264535973,0.0
0.5,0.5,0.0,0.0
0.0,0.3333333333333333,0.3333333333333333,0.3333333333333333
0.5,0.5,0.0,0.0
0.5,0.5,0.0,0.0
0.0,0.5,0.0,0.5
0.5,0.5,0.0,0.0
0.0,0.0,0.5,0.5
0.0,0.1913369819198572,0.0,0.8086630180801428
0.5,0.5,0.0,0.0
0.0,0.0,0.143490056841416,0.8565099431585841
0.5,0.0,0.5,0.0
0.5,0.0,0.0,0.5
0.18391097062683134,0.18391097062683134,0.18391097062683134,0.448267088119506
0.0,0.3333333333333333,0.3333333333333333,0.3333333333333333
0.5,0.5,0.0,0.0
0.5,0.5,0.0,0.0
0.5,0.0,0.5,0.0
0.33333333333333337,0.33333333333333337,0.33333333333333337,0.0
0.0,0.5,0.5,0.0
0.5,0.0,0.0,0.5
0.0,0.0,0.5,0.5
0.5,0.5,0.0,0.0
0.5,0.5,0.0,0.0
0.0,0.8076718028374497,0.1923281971625503,0.0
0.0,0.0,0.932890284495607,0.06710971550439311
0.5,0.5,0.0,0.0
0.5,0.5,0.0,0.0
0.5,0.0,0.5,0.0
0.5,0.5,0.0,0.0
0.5,0.5,0.0,0.0
0.5,0.5,0.0,0.0
0.5,0.5,0.0,0.0
0.5,0.5,0.0,0.0
0.5,0.5,0.0,0.0
0.5,0.5,0.0,0.0
0.5,0.5,0.0,0.0
0.5,0.5,0.0,0.0
0.5,0.5,0.0,0.0
0.5612457380728684,0.4387542619271316,0.0,0.0
0.5,0.5,0.0,0.0
0.5,0.5,0.0,0.0
0.5,0.5,0.0,0.0
0.5,0.5,0.0,0.0
0.5,0.5,0.0,0.0
0.27756585635610087,0.7224341436438992,0.0,0.0
0.5,0.5,0.0,0.0
0.8795884678251642,0.12041153217483566,0.0,0.0
0.5,0.5,0.0,0.0
0.30494491684304426,0.6950550831569557,0.0,0.0
0.10751813862193853,0.8924818613780615,0.0,0.0
0.2156438518821718,0.7843561481178283,0.0,0.0
0.5,0.5,0.0,0.0
0.5,0.5,0.0,0.0
0.5,0.5,0.0,0.0
0.5,0.5,0.0,0.0
0.5,0.5,0.0,0.0
0.5,0.5,0.0,0.0
0.5,0.5,0.0,0.0
0.5,0.5,0.0,0.0
0.5,0.5,0.0,0.0
0.5,0.5,0.0,0.0
0.5,0.5,0.0,0.0
0.5,0.5,0.0,0.0
0.5,0.5,0.0,0.0
0.5,0.5,0.0,0.0
0.5,0.5,0.0,0.0
0.5,0.5,0.0,0.0
0.03026448443914579,0.9697355155608542,0.0,0.0
0.5,0.5,0.0,0.0
0.5,0.5,0.0,0.0
0.5,0.5,0.0,0.0
0.0866861524975253,0.9133138475024748,0.0,0.0
0.7288398711084041,0.27116012889159596,0.0,0.0
0.5,0.5,0.0,0.0
0.43305822824967194,0.566941771750328,0.0,0.0
0.5,0.5,0.0,0.0
0.5,0.5,0.0,0.0
0.5,0.5,0.0,0.0
0.5,0.5,0.0,0.0
0.0,0.5,0.5,0.0
0.5,0.5,0.0,0.0
0.5,0.5,0.0,0.0
0.3333333333333333,0.3333333333333333,0.3333333333333333,0.0
0.3333333333333333,0.3333333333333333,0.3333333333333333,0.0
0.0,0.5,0.5,0.0
0.20439262878963352,0.7956073712103664,0.0,0.0
0.5,0.0,0.5,0.0
0.0,0.5,0.5,0.0
0.3333333333333333,0.3333333333333333,0.3333333333333333,0.0
0.0,0.5,0.5,0.0
0.5,0.0,0.5,0.0
0.5,0.5,0.0,0.0
0.3333333333333333,0.3333333333333333,0.3333333333333333,0.0
0.5,0.0,0.5,0.0
0.9624516220712861,0.037548377928713815,0.0,0.0
0.5,0.5,0.0,0.0
0.8772175941959887,0.0,0.12278240580401131,0.0
0.5,0.0,0.5,0.0
0.5,0.5,0.0,0.0
0.5,0.0,0.5,0.0
0.0,0.5,0.5,0.0
0.5,0.5,0.0,0.0
0.0,0.5,0.5,0.0
0.0,0.5,0.0,0.5
0.5,0.5,0.0,0.0
0.5,0.0,0.0,0.5
0.5,0.5,0.0,0.0
0.4892335401880674,0.021532919623865186,0.021532919623865186,0.46770062056420225
0.5,0.5,0.0,0.0
0.0,0.3333333333333333,0.3333333333333333,0.3333333333333333
0.41587324596529884,0.41587324596529884,0.1682535080694024,0.0
0.5,0.5,0.0,0.0
0.5,0.0,0.5,0.0
0.021448357872857954,0.0,0.0,0.978551642127142
0.1682535080694024,0.41587324596529884,0.41587324596529884,0.0
0.0,0.0,0.09489998719277232,0.9051000128072276
0.17727385561258652,0.8227261443874135,0.0,0.0
0.0,0.0,0.5,0.5
0.5,0.5,0.0,0.0
0.5,0.5,0.0,0.0
0.06276223360089621,0.9372377663991037,0.0,0.0
0.0,0.5,0.0,0.5
0.5,0.5,0.0,0.0
0.5,0.5,0.0,0.0
0.25,0.25,0.25,0.25
0.5,0.5,0.0,0.0
0.0,0.08732013032508174,0.08732013032508172,0.8253597393498365
0.05972668757902451,0.05972668757902451,0.8805466248419509,0.0
0.5,0.5,0.0,0.0
0.5,0.5,0.0,0.0
0.25,0.25,0.25,0.25
0.5,0.5,0.0,0.0
0.5,0.5,0.0,0.0
0.07401518786671106,0.925984812133289,0.0,0.0
0.5,0.0,0.5,0.0
0.0,0.5,0.5,0.0
0.33333333333333337,0.33333333333333337,0.33333333333333337,0.0
0.0,0.0,0.5,0.5
0.5,0.0,0.5,0.0
0.5,0.5,0.0,0.0
0.25,0.25000000000000006,0.25,0.25
0.11255308065873722,0.11255308065873722,0.7748938386825256,0.0
0.11440215228061071,0.8855978477193893,0.0,0.0
0.5,0.5,0.0,0.0
0.0,0.5,0.5,0.0
0.3333333333333333,0.0,0.3333333333333333,0.3333333333333333
0.5,0.5,0.0,0.0
0.5,0.0,0.5,0.0
0.5,0.5,0.0,0.0
0.5,0.5,0.0,0.0
0.5,0.5,0.0,0.0
0.5,0.5,0.0,0.0
0.5,0.5,0.0,0.0
0.5,0.5,0.0,0.0
0.5,0.5,0.0,0.0
0.5,0.5,0.0,0.0
0.5,0.5,0.0,0.0
0.5,0.5,0.0,0.0
0.5,0.5,0.0,0.0
0.8090430744158278,0.19095692558417227,0.0,0.0
0.5,0.5,0.0,0.0
0.5,0.5,0.0,0.0
0.5,0.5,0.0,0.0
0.5,0.5,0.0,0.0
0.5,0.5,0.0,0.0
0.5,0.5,0.0,0.0
0.5,0.5,0.0,0.0
0.5,0.5,0.0,0.0
0.6886854381535945,0.3113145618464055,0.0,0.0
0.5,0.5,0.0,0.0
0.5,0.5,0.0,0.0
0.5,0.5,0.0,0.0
0.3333333333333333,0.3333333333333333,0.3333333333333333,0.0
0.5,0.5,0.0,0.0
0.5,0.0,0.5,0.0
0.0,0.5,0.5,0.0
0.5,0.5,0.0,0.0
0.0,0.5,0.5,0.0
0.3333333333333333,0.3333333333333333,0.3333333333333333,0.0
0.5,0.0,0.5,0.0
0.5,0.0,0.5,0.0
0.5,0.5,0.0,0.0
0.5,0.5,0.0,0.0
0.5,0.5,0.0,0.0
0.5,0.5,0.0,0.0
0.5,0.5,0.0,0.0
0.33333333333333337,0.33333333333333337,0.33333333333333337,0.0
0.0,0.9059630228797473,0.09403697712025272,0.0
0.5,0.0,0.5,0.0
0.5,0.0,0.5,0.0
0.3532337033294621,0.646766296670538,0.0,0.0
0.5,0.5,0.0,0.0
0.5,0.5,0.0,0.0
0.5,0.0,0.5,0.0
0.5,0.5,0.0,0.0
0.5,0.5,0.0,0.0
