---flow_allocation with alpha---
0.1028528919027911
0.1579518530008948
0.019406351374584945
0.11698852429313424
0.025528272035224727
0.05288073624035263
0.039428784112809805
1.0879754265568524e-13
1.4344393075420942e-13
3.421770881732891e-14
3.327867150751292e-14
2.0298595333227408e-14
0.10716813360540443
3.8201524939947055e-14
0.04003423195937585
0.0046432229439255695
0.015081206164792912
0.008789934735208397
0.0011058121805581395
0.04157728606917206
0.11407845894877723
9.661753113681928e-14
1.4387761964082615e-14
2.030636679369788e-14
0.05436862368028169
0.15448448663326364
0.02773761351183761
0.06873888505896016
0.14134018155939992
0.033392158651873984
0.10020143369205335
1.488129255821425e-13
0.12456513253462517
1.358965482081328e-14
1.3392180738833441e-14
1.4190662369881964e-14
5.829962716039564e-14
2.2670036343959213e-14
0.0490648100598725
0.04440018285554422
1.9911969464665562e-13
8.561190218632503e-14
8.689242082891713e-14
1.0123953314489545e-13
3.1552018940917204e-13
4.09551597552109e-14
1.3004770618821911e-14
1.1198429209560956e-14
0.059561746147132215
0.03173273801819653
0.026556153270589685
0.01610557477201794
0.07173143897424923
0.15518616994567774
0.02328168846546363
0.06628802607108716
0.09979838633435958
4.388520873251732e-13
0.06788222599090808
0.05121863391110018
0.03128237344971792
0.029997730327848394
0.06513258484773143
0.14344559442306024
0.14192086007324706
0.028047395532951967
0.03203021765290289
0.07260969298487722
0.07923260894470135
0.04049878397269119
0.005250392185256025
1.6983578688812283e-13
0.1455969378475316
0.056414399745416746
0.1187096756364353
0.10649186933868998
0.16411365936160327
0.09581024631595216
0.13963416845516416
0.1142072868829878
0.0433394646750149
9.970495195890686e-14
1.3229895475217733e-13
0.09620110032099835
0.06598255388351908
1.6727315434384332e-13
0.0013419206758067705
0.12465842899652968
0.16469569016201757
0.02140605220314714
0.07592328156273137
0.07850653640477338
0.023249102222188994
0.040638724462644486
1.160942399943999e-13
7.090671363557862e-14
0.13798157024574337
0.11494194327040254
2.4439374709863393e-14
0.06253244175680674
0.04513509808097002
0.11114236240133238
0.06525392291424474
0.07238746907343883
0.09099066736076332
1.156214072622018e-13
1.8552302345210368e-13
2.9291340496697187e-14
0.04316078183858676
0.10045705001694236
2.824023573907038e-14
2.6024564001425772e-14
2.979733991849746e-14
2.2245838499112413e-14
2.2346400264756827e-14
2.3042076964368605e-14
2.557881432601759e-14
0.01233959889913269
1.2932573282620185e-14
1.3795610293686634e-14
0.1197144179238475
0.09981086312510017
0.0012978881035773547
0.14446861440846223
0.1465177444828277
0.004533654452997386
0.025249832075655825
0.15679817397023915
0.14157209553478295
0.04355879507563469
0.061842597937398894
0.11707040132207787
0.015227664688617732
0.15698756126734836
0.0038614564236087888
0.011434509434843679
8.240720943287791e-12
0.13664177404428404
1.2162104978129455e-11
9.164134439414351e-14
1.1108119912821183e-13
0.1541935411048655
3.89843930815385e-14
5.352917056073578e-14
0.05871880709694687
0.1207442001105239
0.1085150065787672
0.1537585831326708
0.08557537096547098
0.09398607561035033
0.06379903520526577
0.05759300890635631
0.004969489978217587
4.8652847502778666e-14
5.600160250246316e-14
2.0284009554794036e-14
2.5612692134330566e-13
6.075887524170334e-14
0.0142663566653251
0.11934257260427868
0.00812098204795926
1.6188990972961163e-13
1.6793363850910406e-13
2.388838694973311e-13
8.8022273046995e-14
1.0208502882848494e-13
1.2608826725314508e-14
1.978309708939087e-14
0.008467973534921755
0.07629751012805726
0.1331287275695187
0.0727463984977547
0.13132808806801588
0.05680938571317902
0.02671395455912822
0.07737816907013842
0.06704773880056451
4.3431891489250926e-14
4.79611689534895e-14
3.304332958417638e-14
0.08801413937117793
4.7528788959340314e-14
0.015449389466149993
1.0683499004895172e-13
1.264980947341905e-13
4.1572794808829217e-14
4.235934699725764e-14
4.674818526649548e-14
1.5523290706572617e-13
1.1384591563264128e-13
1.3179456489642205e-14
1.8700771271422446e-14
8.924125665879945e-14
1.0795530183896257e-13
0.023816162914026887
0.03589968756397784
0.006385187009119001
0.15899020588380428
0.06884823137646548
0.011426428512033064
0.10176982090484474
0.039875791499479105
0.0331580663593037
8.60433950740893e-14
0.04964891795447828
0.041535780436360165
0.12151726636424927
0.08080934965650118
0.019730592771563613
0.06116207156100787
0.016191573589776864
0.13009433794436362
0.14489173116121093
0.01487305058411176
0.041223943127126315
1.217164291882762e-13
0.007052776126810599
1.3727049410615206e-13
0.08668554724917847
0.09732027263307451
0.1015183841562391
0.04296847971685758
0.05655123640567973
0.11731219641742278
0.1595060368713187
0.08098393445868642
0.11357925748848102
1.0943986600169616e-13
0.09149126608026055
0.15895120641629248
0.11106378096068231
0.11456975085945627
0.08538237330214576
0.03177663563729963
0.06992322367881126
0.06901775126400883
0.05823552508203091
0.13304317279721495
0.0736865253846196
0.008577898895430269
3.228705316706924e-14
4.0965445275942776e-14
3.171168362132423e-14
0.0367858075274656
0.05885082630996178
0.06504621642860065
1.1643403094096943e-13
4.880302572894856e-13
0.03446411172650944
0.06829525771366099
0.15347088435974718
0.15088017758502775
0.021973087804135934
0.01493186401017976
9.15735531736718e-14
0.07188657693371821
8.92364830177047e-14
4.390895240433461e-14
3.052887322289267e-14
3.877710542804755e-14
7.134255681695178e-14
0.03824473349723069
8.543784985453706e-14
3.1555905704390535e-13
3.989860955143582e-14
1.2806593680015369e-14
5.1983059530209104e-14
0.10358360595364521
0.013166354175333678
0.06837109575696612
1.5868252266473166e-13
1.0843888706325962e-12
0.023634149003903013
0.1525675118079352
0.07945128527340065
0.09312334032745362
0.11387941144459914
0.014072603548000055
1.3892678181053662e-13
0.1258218269741167
1.1640294720937256e-13
5.031609590323853e-14
3.2797437267135197e-14
4.0903752192677144e-14
9.234725755404457e-14
0.009753371916999595
0.06507545096372405
0.04606406398629542
1.9802737790415827e-14
1.747877397455326e-14
3.710940540113215e-14
0.05713343950095742
8.081823377634024e-14
0.15015142701712425
2.7280428170670303e-14
3.718376087804727e-14
5.6802105576121756e-14
5.79605709641178e-14
0.020694497619328192
0.04330470608766641
0.03188099140174741
0.1443006259657869
0.0374104035543535
5.429602519660396e-14
3.809347178160156e-13
9.690022233097933e-14
9.544781232001172e-14
3.3187610598407665e-14
0.08852009764090316
0.15867411851939123
0.1099459155786474
0.09286963766404237
5.029925178320063e-14
2.0462443814371724e-14
0.029584314918339783
0.01116141286261096
7.421403237231642e-14
0.11955363460129212
8.106249819571917e-14
0.027469309587394287
0.09253631850405576
0.10600017268048281
0.030176676382352732
0.036426521629672685
0.027948603791284304
0.07006590903233278
0.05816412312489021
0.015108994411512483
0.10562259289282987
0.09142425679399219
0.06819888367503155
0.16409007769675532
0.11699382889630873
0.15725640027719537
0.1481042827385905
1.4278517142793115e-13
3.6140742064034405e-14
2.0821283664552967e-14
4.663791325959919e-14
0.04125134357860324
8.242075554389848e-14
0.0662569911235099
6.313075393892978e-13
0.12771737333387767
0.011295182714987402
0.054575574662738
0.02290428175708833
0.04799369625652359
0.04837987370884083
0.0922416668291254
9.86363891536261e-14
0.010943881265006991
9.827463476039984e-14
3.353188418934705e-14
2.2972260599851532e-14
4.4856703870417206e-14
7.238417303962522e-14
0.13444582200915228
1.8565396575585583e-13
0.09159315318183286
0.11646842781786236
0.0033903308055999917
0.03817924923600763
0.10826138682802547
1.295950573104113e-13
0.06422051437237798
0.0538825684479763
0.001647976355936029
0.12961529516562492
0.13216334821066394
0.014214166212164182
0.11465023424217397
0.08686323796954087
0.009107367978531015
0.0010277934131375178
0.04699611297360501
0.015562981611399648
0.12956400459667727
0.024825895102869328
0.024465290317592207
0.04039937534111904
0.08243131934600098
1.747014788617614e-12
0.0015793171607098977
0.14030671418383864
0.04965013462646698
0.16080444173594538
0.13175475410950901
5.418573040757444e-14
0.13366726701934797
0.15619185883056858
7.231649237892397e-11
0.029891820145611505
0.05619642560207486
0.1493235518141905
0.003364001040393447
8.914017723961531e-14
0.02316996319611276
0.06087981804841266
0.1629470834942532
0.1251704593017859
0.06622013649584191
0.09644603598398421
0.08215208213766967
0.0339409558942166
0.017298920934517747
3.2806823756974906e-14
9.091253486163742e-14
0.051306247797943655
0.006622191126678906
0.0192815854563625
0.06712131367346322
1.0484519933404975e-13
0.022758458576177597
0.048784463307039054
0.006636068926786943
0.06942237990583972
0.0035233298906727013
5.602207241544849e-13
0.043074815061541476
0.13182216387881196
0.05096036048104801
4.1546465346029516e-13
0.12469692668185527
0.13433949184193766
0.015590506708873348
0.12702434633279316
0.08998820880693104
0.08898260155509788
0.08552146925901391
0.08939337765499666
0.10522384858948651
9.162151274027019e-14
5.0400683457330784e-14
0.1476360426110001
0.11989356119559579
2.9327848669519247e-14
5.483223719098118e-14
7.828264558622317e-14
4.127835715176418e-14
0.05559905020776562
0.09923499706971639
4.3648747083687654e-14
4.1214814820864026e-14
6.505926889716363e-14
0.11494000708930847
2.9439069053921813e-14
0.07089924341102033
0.15143799277959724
0.15939130132608173
0.010999499676266645
0.00038855429302447024
0.014494202342425044
0.0851200648063803
1.291064976851255e-13
9.510567167121852e-14
3.2220766113162666e-14
2.4335984121771176e-14
0.047355870447903264
0.02229051498576703
1.6612387530747322e-14
2.127292899497654e-14
2.925462917112171e-14
2.0912745055001488e-14
4.9867243493431446e-14
6.63019813825967e-14
1.5572658887004688e-14
1.5327453146612214e-14
1.810978138721292e-14
0.09890854398250153
1.3358819654784483e-14
0.11727909640026933
0.11814253820507566
0.09954316928196334
0.0672734367312791
0.1327648574697795
0.054654375017073556
0.09599588423116168
1.5107931707196057e-14
1.652970871257679e-14
4.0065640749728055e-14
3.061200048654553e-14
0.07979112439822365
1.484158931642393e-13
1.942930784906583e-14
3.0881807961803916e-14
4.581031028781063e-14
3.518155556335896e-14
1.30292480819893e-13
0.04928828160717165
2.319100938588018e-14
2.0584385338957263e-14
2.4316899920754997e-14
0.09684877772189565
2.45397744576447e-14
0.06113641334389306
0.06789637329014994
0.12243848321348628
0.0971707987119191
0.011768296841667364
0.15960464708631011
0.08943345207272504
1.938980714527208e-14
2.3005971825889078e-14
0.020930865909054977
1.381813288195171e-13
0.1057843907487861
0.15638601073988365
4.827281330085199e-14
0.050153186090471896
0.08834875478366147
1.1998959024266155e-13
0.027636360062524
0.08047525284713643
1.076513519313501e-13
1.2180538037596226e-13
0.023794319260716845
0.010276027119870893
9.152173020548613e-14
0.04061080743703574
0.11209649379205343
0.07088017232187353
0.058845573445383145
0.07093146289082117
0.07705316405297655
0.0758453816254623
0.07435460121396921
0.15302491145456934
3.807324155278456e-14
2.1008439164678305e-14
0.08644024764571215
0.09926530736987425
0.008979342354055994
1.866015434745641e-13
5.15449959588503e-14
6.475702841585541e-14
0.02884584272429299
0.1641869772241685
0.047194289268443795
2.1255215260672593e-13
0.05749058683220574
0.11567956672484518
0.02594280702691129
0.007267824608282305
0.13418808699673804
0.13472820624336232
0.13419444223839186
0.04880401897953915
0.050436063537302
0.10207828011995615
0.13293791862688392
0.13918691661944577
1.3321433094198678e-14
1.3519482773270911e-14
3.586590145113724e-14
0.07041488049285748
2.1774448400559226e-14
4.2130410154486924e-14
1.5041842034661956e-14
1.9307315356720484e-14
0.026446094653521282
0.15706547119260866
2.3419422108596456e-13
0.01889027502789776
0.03650313328780486
0.03803505727857103
1.8492971600779566e-13
1.2786983622616137e-12
8.567032208703262e-14
0.13487784281542983
1.5124390403767203e-13
6.286304977205409e-14
7.33122137182392e-14
0.12196840604250435
0.010933249915977992
0.004676043335005879
2.2162789627323163e-14
1.2309755710893012e-14
5.478162172525502e-14
2.1549117027727562e-13
2.1088817560365356e-14
1.1976924931143164e-13
2.279391153075096e-14
2.791690664268279e-14
0.017952380794063194
0.0827634402675415
0.02949619262460901
0.16149017526687642
0.013590287308695947
0.08472800276684754
0.09684078765057648
2.380096858322128e-13
0.026771911276139773
0.025691145127636015
0.023236666597425792
1.3450296199547044e-13
6.735179111497198e-14
0.11909109104155052
0.08130566157080509
0.06354024675725244
---flow_allocation with ell_k_beta---
0.10285289244563987
0.15795185383455118
0.019406351477010007
0.11698852491058967
0.025528272169960765
0.05288073651945264
0.039428784320911556
1.0879754322990938e-13
1.4344393151129422e-13
3.421770899792705e-14
3.3278671683154905e-14
2.0298595440361658e-14
0.10716813417102868
3.820152514157144e-14
0.04003423217067311
0.004643222968432103
0.015081206244390228
0.008789934781600922
0.0011058121863945216
0.04157728628861342
0.11407845955087359
9.661753164675836e-14
1.438776204001999e-14
2.0306366900873148e-14
0.054368623967234644
0.15448448744861956
0.027737613658234364
0.06873888542175811
0.14134018230538134
0.03339215882811494
0.10020143422090796
1.488129263675644e-13
0.1245651331920693
1.3589654892538317e-14
1.3392180809516227e-14
1.4190662444779067e-14
5.82996274680961e-14
2.2670036463609726e-14
0.04906481031883238
0.044400183089884596
1.9911969569759235e-13
8.561190263817734e-14
8.68924212875279e-14
1.0123953367922906e-13
3.1552019107446064e-13
4.095515997136873e-14
1.3004770687459979e-14
1.1198429268665308e-14
0.059561746461494015
0.03173273818567921
0.026556153410750793
0.016105574857021788
0.07173143935284164
0.1551861707647371
0.023281688588342394
0.0662880264209497
0.09979838686108694
4.38852089641397e-13
0.06788222634918467
0.051218634181427754
0.03128237361482361
0.029997730486173855
0.06513258519149566
0.14344559518015382
0.14192086082229324
0.028047395680983724
0.03203021782195565
0.07260969336810498
0.0792326093628843
0.04049878418644031
0.005250392212967147
1.698357877845016e-13
0.1455969386159798
0.056414400043167126
0.11870967626297482
0.10649186990074497
0.16411366022778115
0.09581024682163045
0.13963416919214136
0.1142072874857641
0.04333946490375689
9.970495248514107e-14
1.322989554504399e-13
0.09620110082873955
0.06598255423176935
1.6727315522669673e-13
0.0013419206828893132
0.12465842965446622
0.16469569103126735
0.021406052316126457
0.07592328196344796
0.07850653681912417
0.02324910234489577
0.040638724677132206
1.1609424060713538e-13
7.09067140098182e-14
0.13798157097399832
0.1149419438770563
2.4439374838852324e-14
0.06253244208684762
0.04513509831918921
0.11114236298793227
0.06525392325864937
0.07238746945549371
0.09099066784100429
1.1562140787244174e-13
1.8552302443127835e-13
2.929134065129438e-14
0.043160782066385676
0.10045705054714608
2.824023588811993e-14
2.6024564138781198e-14
2.979734007576528e-14
2.2245838616524047e-14
2.234640038269922e-14
2.3042077085982718e-14
2.5578814461020387e-14
0.012339598964260038
1.2932573350877201e-14
1.3795610366498687e-14
0.11971441855568997
0.09981086365189339
0.0012978881104274973
0.14446861517095524
0.14651774525613584
0.004533654476925627
0.025249832208922282
0.1567981747978065
0.14157209628198836
0.04355879530553429
0.06184259826379884
0.11707040193996544
0.015227664768988045
0.1569875620959153
0.003861456443989226
0.011434509495194043
8.240720986781613e-12
0.13664177476546766
1.2162105042320005e-11
9.164134487781869e-14
1.110811997144889e-13
0.15419354191868584
3.89843932872948e-14
5.3529170843258164e-14
0.05871880740685972
0.12074420074780148
0.10851500715150013
0.15375858394419545
0.08557537141713047
0.0939860761064008
0.06379903554199162
0.05759300921032729
0.004969490004446131
4.865284775956424e-14
5.600160279803483e-14
2.0284009661851306e-14
2.561269226951217e-13
6.075887556238349e-14
0.01426635674062171
0.11934257323415857
0.00812098209082111
1.6188991058405276e-13
1.6793363939544343e-13
2.388838707581397e-13
8.802227351156903e-14
1.02085029367281e-13
1.2608826791862817e-14
1.9783097193804368e-14
0.008467973579614995
0.076297510530749
0.13312872827216077
0.07274639888170398
0.13132808876115432
0.0568093860130141
0.02671395470012219
0.07737816947853379
0.06704773915443675
4.3431891718480734e-14
4.796116920662445e-14
3.3043329758576255e-14
0.08801413983570903
4.7528789210193204e-14
0.01544938954769055
1.0683499061281767e-13
1.2649809540183662e-13
4.1572795028246876e-14
4.2359347220826653e-14
4.6748185513228407e-14
1.5523290788503219e-13
1.138459162335103e-13
1.317945655920225e-14
1.870077137012352e-14
8.924125712980718e-14
1.0795530240874143e-13
0.02381616303972656
0.03589968775345333
0.006385187042819472
0.15899020672294098
0.06884823173984056
0.011426428572340778
0.10176982144197716
0.03987579170994013
0.033158066534309145
8.604339552821898e-14
0.049648918216521024
0.041535780655582465
0.12151726700560701
0.08080935008300602
0.019730592875699993
0.06116207188381606
0.016191573675234605
0.13009433863099043
0.1448917319259371
0.01487305066261045
0.04122394334470276
1.2171642983068511e-13
0.007052776164034548
1.37270494830654e-13
0.08668554770669738
0.09732027314672259
0.10151838469204445
0.042968479943641544
0.056551236704152325
0.11731219703658653
0.15950603771317795
0.0809839348861127
0.11357925808794264
1.0943986657931042e-13
0.09149126656314364
0.15895120725522338
0.11106378154686747
0.11456975146414562
0.08538237375278662
0.031776635805014
0.06992322404786007
0.06901775162827863
0.058235525389393035
0.13304317349940545
0.07368652577353078
0.008577898940703686
3.228705333747755e-14
4.0965445492154896e-14
3.1711683788695785e-14
0.03678580772161796
0.058850826620571416
0.06504621677190903
1.164340315554983e-13
4.880302598652675e-13
0.034464111908408084
0.06829525807411753
0.1534708851697534
0.15088017838136045
0.021973087920108013
0.014931864088988861
9.157355365698918e-14
0.07188657731312942
8.923648348868724e-14
4.3908952636082313e-14
3.0528873384021456e-14
3.87771056327098e-14
7.13425571934917e-14
0.03824473369908313
8.543785030547073e-14
3.155590587093991e-13
3.989860976201727e-14
1.2806593747607475e-14
5.1983059804571254e-14
0.10358360650035063
0.01316635424482457
0.06837109611782292
1.5868252350224446e-13
1.0843888763559081e-12
0.02363414912864203
0.1525675126131735
0.07945128569273774
0.09312334081895066
0.11387941204564493
0.014072603622274053
1.389267825437803e-13
0.12582182763819355
1.1640294782373739e-13
5.0316096168802586e-14
3.279743744023727e-14
4.0903752408563654e-14
9.23472580414455e-14
0.009753371968477057
0.06507545130718673
0.04606406422941762
1.9802737894932983e-14
1.7478774066804738e-14
3.7109405596992426e-14
0.057133439802502836
8.081823420289198e-14
0.15015142780961063
2.7280428314654073e-14
3.718376107429998e-14
5.6802105875918416e-14
5.796057127002875e-14
0.020694497728551982
0.04330470631622494
0.03188099157001256
0.1443006267273933
0.037410403751802414
5.429602548317374e-14
3.809347198265565e-13
9.690022284241043e-14
9.544781282377712e-14
3.318761077356904e-14
0.08852009810810467
0.15867411935685966
0.10994591615893255
0.09286963815420038
5.0299252048675785e-14
2.0462443922370755e-14
0.02958431507448327
0.011161412921519943
7.421403276401175e-14
0.11955363523228599
8.10624986235601e-14
0.027469309732374953
0.09253631899245456
0.10600017323994267
0.030176676541622652
0.03642652182192875
0.02794860393879465
0.07006590940213465
0.05816412343187548
0.015108994491256463
0.10562259345029688
0.0914242572765216
0.06819888403497942
0.16409007856280874
0.11699382951379216
0.1572564011071812
0.14810428352027225
1.4278517218153908e-13
3.614074225478215e-14
2.0821283774445923e-14
4.6637913505750106e-14
0.0412513437963243
8.242075597890819e-14
0.06625699147320864
6.31307542721285e-13
0.12771737400795904
0.01129518277460241
0.05457557495078322
0.022904281877975174
0.047993696509830215
0.048379873964185666
0.09224166731596903
9.863638967422053e-14
0.010943881322767862
9.827463527908498e-14
3.353188436632547e-14
2.2972260721097162e-14
4.4856704107167055e-14
7.23841734216627e-14
0.13444582271874586
1.856539667357216e-13
0.0915931536652537
0.11646842843257277
0.0033903308234938677
0.03817924943751444
0.10826138739941982
1.2959505799440297e-13
0.06422051471132838
0.0538825687323639
0.0016479763646339073
0.12961529584972337
0.13216334890821083
0.014214166287185337
0.11465023484728812
0.08686323842799762
0.009107368026598924
0.0010277934185621237
0.04699611322164648
0.015562981693539736
0.12956400528050502
0.024825895233898283
0.02446529044671792
0.04039937555434349
0.08243131978106644
1.7470147978382089e-12
0.0015793171690453988
0.1403067149243655
0.04965013488851615
0.16080444258465748
0.13175475480489937
5.4185730693562096e-14
0.1336672677248324
0.15619185965493584
7.231649276060424e-11
0.02989182030337798
0.056196425898674796
0.14932355260230742
0.0033640010581483574
8.914017771008956e-14
0.023169963318401845
0.06087981836973114
0.16294708435427396
0.1251704599624249
0.06622013684534614
0.09644603649301815
0.08215208257126135
0.03394095607335406
0.017298921025819973
3.2806823930126524e-14
9.091253534146602e-14
0.05130624806873364
0.006622191161630264
0.01928158555812906
0.06712131402772377
1.0484519988741375e-13
0.022758458696294795
0.048784463564519286
0.006636068961811548
0.06942238027224511
0.0035233299092685354
5.60220727111282e-13
0.04307481528888667
0.1318221645745581
0.05096036075001244
4.1546465565308215e-13
0.12469692733999499
0.13433949255097002
0.01559050679115871
0.1270243470032168
0.08998820928188112
0.08898260202474044
0.08552146971038892
0.08939337812680727
0.10522384914484899
9.162151322384071e-14
5.040068372334128e-14
0.14763604339021053
0.11989356182838376
2.9327848824309123e-14
5.483223748038104e-14
7.828264599939229e-14
4.127835736962782e-14
0.05559905050121266
0.09923499759347024
4.364874731406201e-14
4.1214815038392295e-14
6.505926924054088e-14
0.114940007695952
2.9439069209298703e-14
0.07089924378522049
0.15143799357887403
0.1593913021673354
0.010999499734321063
0.0003885542950752266
0.014494202418924206
0.08512006525563674
1.2910649836653858e-13
9.510567217317812e-14
3.2220766283221116e-14
2.433598425021442e-14
0.0473558706978435
0.022290515103414465
1.6612387618426084e-14
2.1272929107253242e-14
2.925462932552514e-14
2.0912745165377167e-14
4.98672437566265e-14
6.63019817325329e-14
1.557265896919585e-14
1.5327453227509202e-14
1.8109781482794798e-14
0.09890854450453236
1.3358819725291192e-14
0.11727909701925839
0.11814253882862187
0.09954316980734368
0.06727343708634255
0.13276485817050107
0.05465437530553467
0.09599588473781974
1.510793178693443e-14
1.652970879981918e-14
4.006564096119108e-14
3.061200064811305e-14
0.07979112481935438
1.484158939475657e-13
1.9429307951612055e-14
3.088180812479546e-14
4.581031052959353e-14
3.518155574904421e-14
1.302924815075656e-13
0.04928828186731099
2.3191009508280346e-14
2.058438544759989e-14
2.4316900049097517e-14
0.09684877823305522
2.453977458716353e-14
0.061136413666565824
0.0678963736485012
0.12243848385970614
0.09717079922477828
0.011768296903779427
0.1596046479286898
0.08943345254474716
1.9389807247609826e-14
2.3005971947312634e-14
0.020930866019526297
1.3818132954882634e-13
0.10578439130710707
0.15638601156527565
4.827281355563177e-14
0.05015318635517613
0.08834875524995865
1.1998959087595636e-13
0.027636360208386345
0.08047525327187793
1.0765135249952475e-13
1.2180538101884065e-13
0.02379431938630123
0.010276027174106887
9.152173068852999e-14
0.04061080765137611
0.11209649438368915
0.07088017269597302
0.05884557375596506
0.07093146326519136
0.07705316445965656
0.07584538202576774
0.07435460160640643
0.15302491226222176
3.807324175373188e-14
2.100843927555905e-14
0.08644024810193639
0.09926530789378805
0.008979342401448195
1.8660154445943108e-13
5.1544996230900386e-14
6.475702875763747e-14
0.028845842876538883
0.16418697809073332
0.04719428951753122
2.1255215372855803e-13
0.057490587135636144
0.11567956733539204
0.02594280716383521
0.007267824646641262
0.1341880877049713
0.1347282069544463
0.13419444294665867
0.04880401923712259
0.050436063803499236
0.10207828065871659
0.1329379193285189
0.13918691735406244
1.3321433164508063e-14
1.3519482844625586e-14
3.5865901640434406e-14
0.07041488086450119
2.1774448515482903e-14
4.2130410376847634e-14
1.5041842114051513e-14
1.9307315458622844e-14
0.026446094793101508
0.1570654720215868
2.3419422232202165e-13
0.018890275127599016
0.03650313348046528
0.03803505747931681
1.8492971698383892e-13
1.2786983690104745e-12
8.567032253919326e-14
0.13487784352730356
1.5124390483592442e-13
6.28630501038399e-14
7.331221410517481e-14
0.12196840668624317
0.010933249973682752
0.004676043359685637
2.2162789744296474e-14
1.230975577586285e-14
5.4781622014387737e-14
2.154911714146196e-13
2.1088817671670335e-14
1.197692499435635e-13
2.2793911651055276e-14
2.791690679002584e-14
0.017952380888814325
0.08276344070435987
0.029496192780287395
0.16149017611920777
0.013590287380424322
0.0847280032140347
0.09684078816169388
2.3800968708840755e-13
0.026771911417439634
0.025691145263231685
0.023236666720066933
1.3450296270536559e-13
6.735179147044899e-14
0.11909109167010314
0.08130566199992943
0.06354024709261243
---flow_allocation with per_flow_loss---
0.19970766
0.30669234838036763
3.757133493209608e-13
1.0436096431476471e-14
2.166600232555993e-13
0.1026776
0.07655817999999999
1.4530043834781736e-13
1.7934265184038622e-13
2.78388423424758e-14
3.622102617839573e-14
2.449776492774447e-14
0.20808648928522666
6.040307143351242e-14
1.1386724896311762e-13
0.009015664721068017
4.740652315149418e-13
0.0170672624273199
0.0021471361561686275
0.08072988864391242
0.22150414705469024
1.5193402091995267e-13
1.2434497875801753e-14
2.758904216193514e-14
0.105566605
0.27663249468645945
0.05385763867158437
2.3064883336587627e-14
1.715294573045867e-14
0.06483697
9.242051568492116e-13
4.132805209167145e-14
5.281886039654182e-14
1.1879386363489175e-14
1.0949574580365606e-14
1.04638520070921e-14
4.1744385725905886e-14
1.1435297153639112e-14
6.339373470609644e-14
1.6403545188836688e-14
1.680877659282487e-13
5.072331443756184e-14
5.2013948703688584e-14
5.717648576819556e-14
2.2593038551121936e-13
2.942091015256665e-14
1.1574075031717257e-14
9.492406860545088e-15
0.11565
0.06161490103905871
0.051563618
6.379896611008462e-13
0.13927967831470411
0.15262584799566822
2.546643451672992e-13
0.1287103
0.19377678
1.0938472350119355e-13
2.912392549347942e-13
0.09945032499857683
0.060740437
7.587680483922554e-13
0.12646680000000002
0.2785258
0.27556525
0.054459137
0.062192513
0.14098497000000002
0.15384457
0.07863578
0.010194594609781005
1.4382939284018903e-13
0.2827030258728172
0.10953885257894719
0.2304964994383853
4.235500838944972e-14
0.24463258353295994
0.18603307832958937
0.27107537225483624
0.22175429
0.08415148
1.0389605842320293e-13
1.301667107433957e-13
5.362377208939506e-14
0.12811716999999997
1.6697754290362354e-13
0.00260558388878008
0.242047089718028
0.2864729141911881
0.04156375689813474
0.14741890694472
0.15243476765742445
0.045142374861717086
0.0789075
2.0839059644561786e-13
4.1994185906446546e-14
1.0380585280245214e-14
4.216071936014032e-14
2.335631688055173e-14
1.4359347044745618e-13
0.08763802995575139
5.0986992405910314e-14
2.142730437526552e-14
0.14055348172060558
0.17667498622818714
1.7041923427996153e-14
3.419855544584127e-13
3.58046925441613e-14
0.08380453466391836
0.19505569574403425
2.355754480376504e-14
2.696454171058349e-14
3.652633751016765e-14
2.3370194668359545e-14
2.3397950243975174e-14
2.4313884239290928e-14
2.2239154962022667e-14
0.023959583205593896
1.2212453270876722e-14
1.2937567683835027e-14
0.099298654914631
1.9734214262712158e-14
0.002520086614050135
0.28051217411663465
0.28449094
9.521029797898706e-14
0.04902715692247532
0.30445227
0.27488806
5.094535904248687e-14
0.12007868999999999
0.22731354919400706
0.02956729
0.30482
0.007497722351550598
0.022202186834338167
1.5898893312993323e-11
0.26531494105594605
2.351666084088322e-11
1.270927807439648e-13
1.393885007416884e-13
0.29939489995341223
4.726080637951213e-14
6.65301147506625e-14
0.11401328
0.23444689999999999
0.2107016889637383
0.2985503496718102
2.0011770018868447e-14
0.18249109111628897
0.12387747
0.11182733735778054
0.009649171710943953
2.933764342571976e-14
8.512635041313388e-14
2.3475145438656142e-14
2.5263124925345437e-13
1.0337564138040989e-13
8.021361352916756e-14
1.4463430453304227e-13
1.1454726056570053e-13
1.0652589921278377e-13
1.1032841307212493e-13
1.4910295220715852e-13
8.527900607901984e-14
9.12880881998035e-14
1.1421419365831298e-14
2.2773449792623524e-14
7.652559141924087e-14
6.158962229108056e-14
7.505107646466058e-14
0.14125040870152303
2.65898414397725e-14
0.11030578991913835
0.051870018000000004
0.15024383655322676
0.024867237435056644
3.838596107641479e-14
4.5852210917018965e-14
4.235500838944972e-14
1.937061622214742e-13
3.758104938356155e-14
6.217248937900877e-14
9.701668721856516e-14
7.718825578706401e-14
2.996908277097532e-14
3.0003777240494856e-14
5.492828414332962e-14
7.380207556195728e-14
1.6583956430338276e-13
1.5376588891058418e-14
2.2148949341271873e-14
1.0091927293842673e-13
3.397564347917825e-14
0.04624342668197271
0.069705795
0.012398005857296704
0.3087085
0.027150873073529425
0.02218649624792435
0.19760468
0.05935479262206048
0.06438243708785377
1.0536710393083126e-13
0.09640243451156942
0.08064929788296418
0.12701864793180737
0.15690609984275758
0.038310493338802466
0.02179894370162655
1.0011803885934256e-11
0.17793005877872428
0.022705040398306398
0.028878742
0.08004380883786354
5.956346527113965e-14
1.154770723488241e-13
5.551115123125783e-14
0.16831580985893269
0.18896506999999998
0.1971164696660484
0.083431145
0.10980454592698728
0.2277830384983752
0.30971008
0.1572450880973764
0.12033250879188283
1.3655743202889425e-13
0.17764698999999998
0.14449991034103357
0.21565059460513641
0.22245807995894898
0.16578543285690095
0.056351014281672863
4.2577052994374753e-14
0.13401055962929126
0.11307489977025141
0.2583276
0.1430758366230303
6.405986852087153e-14
2.6333102365327932e-14
1.199040866595169e-14
3.667899317605361e-14
0.030132631489049877
1.5765166949677223e-14
4.496403249731884e-14
2.786659791809143e-14
4.091171845743702e-14
8.301600197546666e-8
0.13260766569522922
0.2979907956033733
0.29296140000000004
0.04266476
3.515764068762195e-13
9.202361095361766e-14
0.13958090821994804
7.979727989493313e-14
3.835820550079916e-14
2.0539125955565396e-14
3.392425229620244e-14
7.349676423018536e-14
0.07425912964382946
3.069766663088558e-14
5.162537064506978e-14
6.22002449546244e-14
1.136590821460004e-14
7.296940829348841e-14
1.645350522494482e-13
0.025564879454926158
0.1327549599496233
2.8033131371785203e-13
5.512257317263902e-14
3.2187169596298304e-12
0.296237667327135
0.15426917
0.18081596
0.22111766
0.027324528
1.39867284421058e-13
0.2443060392086121
1.527389326128059e-13
4.138356324290271e-14
4.1522341120980855e-14
3.497896416959634e-14
9.708900350346994e-14
0.018937951540451272
3.3861802251067274e-14
0.08944178679472514
2.781108676686017e-14
7.882583474838611e-15
5.545564008002657e-14
2.896294315490877e-14
1.3972156764907595e-13
0.2915463977774224
4.340972026284362e-14
3.2585045772748344e-14
8.421041641781812e-14
8.272549312238198e-14
0.04018214381698529
0.08408398985930321
0.061902763
0.28018599978110376
0.07263912579681651
8.028300246820663e-14
7.095643517196493e-13
1.6525669721545455e-13
1.6439627437137005e-13
3.309852392163748e-14
0.1718779242448515
0.21255411676105382
2.578492974691926e-14
0.18032334997893296
7.099876242477876e-14
1.8762769116165146e-14
0.057443346470222645
0.021671919778298993
5.3540505362548174e-14
0.23213519978882605
1.1168843627729075e-13
0.053336677637562474
0.17967615
0.20581868
0.05859352435698794
0.07072873948429265
0.05426731480430388
0.13604574922223045
0.11293623710498975
0.02933687
0.20508553553574566
0.1676179634443275
0.13242057876429017
0.06285321230069668
0.001834451279242283
0.305342
0.28757149356240314
1.0036416142611415e-13
5.6371574075342323e-14
1.1213252548714081e-14
5.35682609381638e-14
0.029656395799905026
3.647082635893639e-14
0.12865003998546923
1.210267996931691e-12
0.24798658839811152
0.02193165858063271
0.10596843810013079
0.044472842922616655
0.09318852
0.093938354
0.17910403
9.71445146547012e-14
8.101158632811689e-14
1.0305645226083016e-13
2.568778523226456e-14
2.566002965664893e-14
4.5824455341403336e-14
7.413514246934483e-14
7.671641100159832e-14
1.6653345369377348e-14
0.17784482240179658
0.22614470777698878
1.325458839906979e-13
0.07413198
0.21020923993222887
4.413136522884997e-14
0.12469584872168774
9.856004901109827e-14
1.200398287715121e-13
0.18970289249228192
0.256619258895442
3.210522125929316e-13
0.22261435313447184
0.16866082882055836
0.017683617000000002
1.6661672042062037e-13
0.09125153
0.030218369
0.25157216
0.048204006
0.04750382586719827
0.07844276
0.16005545000000002
3.320774211168498e-12
0.003066532488418703
0.2724310911783807
1.837419105754634e-14
0.31223117
0.255825899984236
6.406507269129946e-14
0.25953939282727206
1.241229341530925e-13
1.5068502001724937e-13
0.0580404235941323
0.109115616
0.2899389269859614
0.006531821940856151
1.1141088052113446e-13
0.044988712
0.1182092771408032
0.3163915
0.24304129
0.12857848000000002
0.18726758000000002
0.026402403888602405
0.06590256
0.033589011999999994
3.2536473515420994e-14
7.754907827006718e-14
0.0996204433491065
7.246980793240709e-13
0.037438716999999996
0.1303282799524462
1.6239787292704477e-13
0.044189700681867033
1.7034984534092246e-13
1.822986206434507e-13
0.13479619974824536
0.006841173942889989
1.8124138800000578e-13
0.08363761447754477
0.2559567883540865
0.09894883990481922
7.100431353990189e-13
0.24212184
0.26084464
0.03027181080422465
0.24664095
0.17472853
0.17277596
0.16605554
0.1735735567634425
3.7550518250384357e-13
1.210559430475655e-13
4.487729632352e-14
0.2866623199021886
0.23279522930731184
3.497202527569243e-14
7.630007736736388e-14
7.550904346231846e-14
3.5207947668425277e-14
0.02817051296012439
0.1904182550204586
4.2174597147948134e-14
4.766499694941473e-14
7.904787935331115e-14
0.1069192346570482
2.2048335379665218e-14
0.13766382
0.29404450000000004
0.30672081808988794
0.021357536
0.0007544490700000001
0.028143139
0.16527614
5.991040996633501e-14
8.998357614586894e-14
4.371329687113956e-14
1.7319479184152442e-14
0.09195006479105342
0.043281102802717186
1.5501488981328748e-14
2.0372592501871623e-14
2.045585922871851e-14
2.325917236589703e-14
2.8005375796169574e-14
3.2557290197132716e-14
1.3322676295501878e-14
1.2156942119645464e-14
2.0594637106796654e-14
0.19204898868001194
1.0359768598533492e-14
0.2277187659583985
0.2293952986140043
0.19328122951636048
0.13062357601831867
0.2577872
0.03618751454980061
0.18639352822039523
1.0297318553398327e-14
2.1260770921571748e-14
3.194666753358888e-14
2.170486013142181e-14
0.15492902968051006
7.502332088904495e-14
1.8041124150158794e-14
3.408037740904035e-14
3.2862601528904634e-14
3.039409002258964e-14
6.436517985264345e-14
0.09570219371651346
2.6922908347160046e-14
2.3953061756287752e-14
2.892130979148533e-14
3.03146396873899e-13
2.936539900133539e-14
0.11870749949818715
0.13183319964198
0.23773665984628195
0.12428383374470181
0.022850296
0.152330505177123
0.17365136855891405
1.4627188349436437e-14
2.4058879888322338e-14
8.514022820094169e-14
1.0974901543114868e-13
0.2053997
0.30365197986949993
2.99482660892636e-14
1.151023720780131e-13
1.0541567618815861e-13
1.2340128918708615e-13
2.3810074772923073e-8
0.07542703761182905
1.1107781361374691e-13
9.986456106503283e-14
0.04620101324255116
0.019952781706907823
8.537615059367454e-14
0.078853294
0.10412192864414724
0.13762679
0.11425942
7.546741009889502e-14
0.14961277924322797
0.14726765
0.1443730277676369
0.08783962643668178
5.981500017515629e-14
1.5681900222830336e-14
0.1678395159122627
0.1927417097099998
0.017435031885736613
1.9004242624021117e-13
7.896461262646426e-14
7.053038708626502e-14
0.05600946793639455
0.3187989799538192
0.091636325443039
3.8075098629519744e-13
0.11162846620912874
0.22461298999999998
4.773959005888173e-14
0.014111807835017288
0.2605506598615548
0.2615993999495722
0.26056299972356095
0.09476190944838438
0.09793082180070573
0.19820360985903623
0.056672499245066454
0.270256799847108
1.3072876114961218e-14
1.1463052729254741e-14
4.6351811278100286e-14
3.0780933357732465e-14
1.3183898417423734e-14
2.9976021664879227e-14
1.226796442210798e-14
1.6930901125533637e-14
0.05134991910936598
0.3049712763380837
4.5630166312093934e-14
5.305478278927467e-14
1.9442780718748054e-14
0.07385200500000001
1.5237811012980274e-14
2.412237076754309e-12
2.6950663922775675e-14
0.26188994666256554
9.96425164601078e-14
1.9111231694401987e-14
1.9623191960249642e-14
0.2368239192309465
0.021228886819356727
0.0090793915
2.5979218776228663e-14
1.1712852909795402e-14
8.235079285157099e-14
2.2459811788166917e-13
2.3023249973164184e-14
2.0297652447709424e-13
2.5895952049381776e-14
3.966271755473372e-14
2.088884620832232e-13
0.16070032337993492
6.458028556366457e-14
0.3135626467947376
0.026388023
0.16451488
0.1880340624017429
2.935429677108914e-13
6.020739462542224e-13
4.32542890393961e-13
0.04511822882677177
2.2412627309620348e-13
7.396860901565105e-14
0.23123708705463922
0.15786978
0.12337498499999999
---weights per flow per tunnel---
0.5000000007462467,0.49999999925375327,0.0,0.0
0.9999999999969403,2.9666418861899497e-12,4.877563029865036e-14,4.436051900266123e-14
0.9999999999900291,1.7912722830512221e-12,6.888361372666791e-12,1.2913086066349472e-12
0.999999999999954,4.5948745345978705e-14,0.0,0.0
4.158167677149315e-13,3.3295318245201e-12,0.9999999999956287,6.258419622897241e-13
0.9999999999985455,1.186011852112077e-12,4.527263406851527e-14,2.2338582829632056e-13
0.9999999838173582,1.618239231978558e-8,1.0462456482368805e-13,1.4490470350728016e-13
0.31215336317136777,0.3278445990429143,0.26567341274370415,0.09432862504201373
0.13278425504683045,0.2840844792679636,0.22705270154260887,0.3560785641425971
0.5810710398194232,0.1995190301414022,0.2194099300391746,0.0
0.13812852197551112,0.23852103089820362,0.43962832272488794,0.1837221244013972
0.31437031792411874,0.3784567955718779,0.30717288650400343,0.0
8.39505335425026e-13,0.9999999999986909,2.6693881046253656e-13,2.0259413757184694e-13
0.6365852803529833,0.17776603024285342,0.18564868940416324,0.0
1.0707225558220473e-12,0.9999999999985354,2.2100843715756867e-13,1.7303197903770349e-13
0.9999999999931909,2.016567676579358e-12,2.9373071026929173e-12,1.8551732493445853e-12
1.4955142884431033e-11,0.9999999999838111,7.022576505317206e-13,5.314538202439855e-13
0.9999999999957343,4.265591740027018e-12,0.0,0.0
0.9999999999647895,3.52104766262597e-11,0.0,0.0
0.9999999999988382,9.95376308271234e-13,1.6663284100375882e-13,0.0
0.9999999999985372,1.332830266943494e-12,7.142136349381336e-14,5.847855770487992e-14
0.4878764201783074,0.1901476696769921,0.25158042239395667,0.07039548775074393
0.554302233492438,0.445697766507562,0.0,0.0
0.4289393215118378,0.2710121386500697,0.3000485398380926,0.0
0.5000000137756055,0.4999999862243945,0.0,0.0
0.9222318215413599,0.07776817845864017,0.0,0.0
0.999999999999021,9.79088723917186e-13,0.0,0.0
0.9999999999998271,1.728591754214485e-13,0.0,0.0
0.9999999999999375,6.256488845740412e-14,0.0,0.0
0.4999999917078733,0.5000000082921267,0.0,0.0
4.750227253580495e-12,0.9999999999952498,0.0,0.0
0.8569348405099643,0.14306515949003576,0.0,0.0
2.1833388430000307e-13,0.9999999999997816,0.0,0.0
0.450644425509496,0.5493555744905039,0.0,0.0
0.578900257285961,0.4210997427140391,0.0,0.0
0.6198193753006415,0.3801806246993586,0.0,0.0
0.6313179293108109,0.3686820706891891,0.0,0.0
0.7408015282194302,0.2591984717805697,0.0,0.0
0.9999999999993345,6.654039319895768e-13,0.0,0.0
0.9999999999998097,1.902287763931922e-13,0.0,0.0
0.5652658105801757,0.43473418941982434,0.0,0.0
0.6948660540039998,0.30513394599600013,0.0,0.0
0.6916899121584489,0.30831008784155123,0.0,0.0
0.7091772742846718,0.29082272571532813,0.0,0.0
0.6312195906330134,0.36878040936698664,0.0,0.0
0.6302009444531308,0.3697990555468692,0.0,0.0
0.4587963293108118,0.5412036706891881,0.0,0.0
0.5623362542075729,0.4376637457924271,0.0,0.0
0.9999999997396547,2.6007175400981236e-10,1.6660700000456423e-13,1.0688628307907035e-13
0.9999999837291148,1.6270885231649132e-8,0.0,0.0
0.9999999999973356,2.870376871867736e-13,1.6459062747730384e-12,7.31505761086344e-13
0.9999999999795987,2.040145908231928e-11,0.0,0.0
7.066662206506998e-7,1.875772573970167e-13,8.936788682180291e-9,0.9999992843968031
0.4934796956612739,0.5065203043385658,9.299750977572517e-14,6.716875162843194e-14
4.3058806889239484e-12,0.9999999999943667,6.634427230749354e-13,6.640958783627792e-13
5.4675016976771425e-8,0.9999999453241875,7.124330980160247e-13,8.29922180949863e-14
0.9999999931570519,6.842323805191709e-9,3.1696721318353747e-13,3.072201717787851e-13
0.8716287110222745,0.10871561393198924,0.01965567504573635,0.0
0.9999999999977905,1.548748409715804e-13,1.9276939439665948e-12,1.2695615957126723e-13
0.9999999999989343,4.399295062347389e-13,6.2574182888733e-13,0.0
1.455388347579064e-12,0.03141252696849549,0.9685874730288782,1.1708627817479911e-12
1.0295729516267055e-12,1.1997372141535048e-11,0.9999999999869731,0.0
0.9999999999992727,1.888761751454407e-13,3.083571039868322e-13,2.3014039604781893e-13
0.9999999999985903,6.264555167336171e-14,5.303086565877696e-13,8.166516463782659e-13
0.9999998036377429,9.261306012684044e-11,1.9626954945299703e-7,9.468424555453933e-14
2.326772875014886e-12,0.9999999999976733,0.0,0.0
2.5146839181277748e-12,0.9999999999974853,0.0,0.0
0.9999999999984027,1.1580416219622577e-12,4.391686115048947e-13,0.0
0.9999999018290602,5.019346679360967e-11,8.784693222889089e-14,9.812065845984737e-8
8.422367473370385e-13,1.862047652348919e-11,0.9999999999791334,1.403877678887587e-12
0.9999999999931501,6.8497685957663085e-12,0.0,0.0
0.34524398937150186,0.0908710976340873,0.5638849129944109,0.0
0.9999999999996589,1.626378108002365e-13,8.339622417270748e-14,9.499476425439192e-14
0.9999999999996849,3.151371939509451e-13,0.0,0.0
0.9999999481195149,5.1880271520087384e-8,6.543729482731157e-14,1.4823566859827408e-13
0.9999999999997952,2.0483082921769428e-13,0.0,0.0
0.7676996748927333,0.2323003251071805,4.811421628996854e-14,3.81736119211105e-14
0.9999999999993509,1.7377774892709243e-13,2.9791552009171855e-13,1.7745384492198047e-13
0.9998161415831838,9.800986765124274e-14,0.00018385841619222314,5.260779252136661e-13
0.9999999766364963,2.3363416326193082e-8,4.837981152591799e-14,3.890853923747434e-14
0.9999999999966158,3.1443747491931578e-12,1.4135125169476786e-13,9.853558678465823e-14
0.4633328378823998,0.46243968196412655,0.07422748015347372,0.0
0.49329534229960414,0.41702670271213105,0.0404629467920135,0.049215008196251304
0.9999999999997129,2.2698637736482256e-13,5.998152295449084e-14,0.0
2.192069642025539e-8,0.9999999780790689,1.5916079634770054e-13,7.534162789102031e-14
0.4626270519750272,0.48583883741219497,0.051534110612777975,0.0
3.5512509373186885e-10,5.4617704468053035e-11,0.9999999995837598,6.497508384109626e-12
6.779387187339363e-13,0.9999999999984839,7.864780652161878e-13,5.168375822691267e-14
0.8958248710420099,4.5201195194896235e-13,0.10417512895749229,4.5759127529863574e-14
0.9999999999975157,2.4842732389026492e-12,0.0,0.0
0.9999999999999131,8.704160966707077e-14,0.0,0.0
0.9999999999992791,3.7972266572114354e-13,3.411802456273071e-13,0.0
0.9999999999959576,2.2750405042925983e-12,1.443648736392691e-12,3.236498244811466e-13
0.9999999999984329,2.6423638860070373e-13,1.187488504132473e-12,1.1533461037295525e-13
0.9244659654982206,0.07553403450177949,0.0,0.0
0.13638063009992155,0.16864913163511566,0.6949702382649628,0.0
0.9999999999999613,3.868237563528386e-14,0.0,0.0
0.999999999999811,1.8893923687064148e-13,0.0,0.0
0.4922917281705672,0.5077082718294327,0.0,0.0
0.9999999999988174,1.1826321247939302e-12,0.0,0.0
0.9999999999990516,9.484297856031718e-13,0.0,0.0
2.3630864196521687e-13,0.9999999999997637,0.0,0.0
0.9999999999998582,1.4172426631591855e-13,0.0,0.0
0.9999999999994142,5.857470553142012e-13,0.0,0.0
0.999999999999913,8.708233753941896e-14,0.0,0.0
0.9240417947374014,0.07595820526259854,0.0,0.0
0.9493623544972054,0.05063764550279459,0.0,0.0
0.6297263149214378,0.3702736850785621,0.0,0.0
0.9999999999996572,3.427825081160372e-13,0.0,0.0
0.9999999999999175,8.257280282872077e-14,0.0,0.0
0.5703968217043796,0.42960317829562045,0.0,0.0
0.5335886439628557,0.46641135603714434,0.0,0.0
0.6316795962429921,0.3683204037570078,0.0,0.0
0.5409640868849088,0.4590359131150911,0.0,0.0
0.539281788092839,0.46071821190716095,0.0,0.0
0.5428792258446239,0.45712077415537616,0.0,0.0
0.5521570963213912,0.44784290367860874,0.0,0.0
0.9999999999985846,1.4154809419580546e-12,0.0,0.0
0.5135216390474612,0.4864783609525389,0.0,0.0
0.5170281378187719,0.4829718621812281,0.0,0.0
0.42718765280620113,8.89087856326088e-14,1.1533911821544211e-13,0.5728123471935946
0.9999999999998982,1.0186906460867932e-13,0.0,0.0
0.9999999994177791,8.172882471366312e-12,2.5856517385821298e-11,5.481916395389015e-10
0.9999999774894636,2.2510414381065387e-8,6.919947095317491e-14,5.275682174817996e-14
0.9999999999997236,2.764449001792003e-13,0.0,0.0
0.9999999999891842,6.5339528945487066e-12,2.416226982049411e-12,1.865654722502963e-12
0.9999999822195854,1.7779899509234698e-8,3.0953126346861705e-13,2.0558366125550446e-13
0.9999999999991234,6.19728711759773e-13,2.0850055646651593e-13,4.839663451881739e-14
0.9999999999961573,3.746661958701841e-12,6.422138015096096e-14,3.196301351345329e-14
3.5141338389835777e-13,0.9999999999993976,2.509564891756969e-13,0.0
0.9999999999995397,1.6840048259473314e-13,1.989827304075542e-13,9.287303892010589e-14
0.8300065602669253,0.16999343973298553,8.914222991809984e-14,0.0
0.9999999999951149,2.433676291639631e-12,1.8214618124577173e-12,6.300605414514842e-13
0.9999999999998569,8.096458920344507e-14,6.214296987148964e-14,0.0
0.9999999999798245,1.258585532691356e-11,5.683731792076696e-12,1.9059214968423342e-12
2.2907033629726088e-12,0.9999999999958817,6.019978942214932e-13,1.2256656235772595e-12
0.9837378047684492,0.0011489175595890506,0.006373231947195003,0.008740045724766804
0.9999999999996301,3.6989616737428947e-13,0.0,0.0
0.9958374689022705,0.004162531097729442,0.0,0.0
0.09770048278274099,0.28575457297245044,0.6165449442448084,0.0
0.08854283576486145,0.24546336303772562,0.31224038238696095,0.353753418810452
0.9999999999994881,3.6503345166259363e-13,1.1218278064921502e-13,3.4617345146502173e-14
0.6243764717572207,0.37562352824277945,0.0,0.0
0.3250571613838393,0.31498440678041734,0.35995843183574344,0.0
0.7356547894963159,0.2643452105034738,5.677653747167816e-14,1.533893984125206e-13
0.500000000296332,0.49999999970366804,0.0,0.0
0.9999999999995636,9.874758161365477e-14,2.74407311998345e-13,6.32575400925846e-14
0.9999999999995848,1.9470846804663625e-13,9.069191678180476e-14,1.2970639622643082e-13
0.9999999999998795,1.203759970721995e-13,0.0,0.0
0.9999998526925685,1.0703373730303582e-13,1.6991307050544913e-13,1.4730715448448295e-7
0.9999999999990362,8.120074583888452e-13,6.696181075677718e-14,8.475110398988371e-14
0.999999999998401,4.784233359447007e-13,9.4099490284018e-13,1.7956485759552574e-13
6.143681690709593e-12,0.9999999999885338,3.3987261473466035e-12,1.9238056702727104e-12
0.16461938066261866,0.6893356202165429,0.14604499912083846,0.0
0.1307481083623642,0.6543000273915025,0.1285056066407622,0.08644625760537113
0.4039584146144902,0.29643690141369666,0.29960468397181306,0.0
0.4919977832667751,0.3841750730190627,0.034254719520173164,0.08957242419398909
0.7604934419926412,0.11574888827553417,0.12375766973182459,0.0
0.9999999999971048,6.673854618757677e-13,6.243936371641355e-13,1.6034667917861072e-12
0.9999999999993758,1.3220106575622164e-13,4.254308962768694e-13,6.65342628294268e-14
0.9999999999927363,4.648256425879786e-12,1.4325345679469972e-12,1.1828305647581116e-12
0.3388681308945625,0.6611318691054374,0.0,0.0
0.33833660839940954,0.6616633916005905,0.0,0.0
0.6785585894018282,0.2901049515433053,0.031336459054866574,0.0
0.5010146984195841,0.268987946670282,0.136550319683212,0.09344703522692172
0.5394109315881077,0.06926861539414543,0.20081229719742394,0.190508155820323
0.5335824272676987,0.4664175727323014,0.0,0.0
0.40710223222700376,0.3217529017969776,0.2711448659760187,0.0
3.682313488602977e-12,0.999999999995346,4.653575241751937e-13,5.064707835381868e-13
4.156865016939257e-13,0.9999999999995842,0.0,0.0
1.6233657537529212e-13,0.9999999999997097,6.364813445840155e-14,6.442760762969147e-14
0.9999999999987639,1.6166055559419033e-13,7.77639193419791e-13,2.9697001946134974e-13
0.9999999999999019,9.801112249995961e-14,0.0,0.0
0.9999999999987729,9.953621824337465e-13,8.221922019626704e-14,1.4951120099379402e-13
0.9999999999988076,8.770370761181797e-13,1.6391371159256578e-13,1.5141471423909617e-13
0.9999999999989069,7.814821623655515e-13,1.2407155371539267e-13,1.875731571628656e-13
1.779343290354753e-13,6.077857263918208e-13,0.19101399573911992,0.8089860042600943
0.5448230730284286,0.2954052730908428,0.15977165388072864,0.0
0.2862423943720256,0.5077235839764499,0.07384539472215237,0.13218862692937217
0.538774397657043,0.33981601950889767,0.12140958283405932,0.0
0.9999999999988666,7.653406302981241e-13,1.413948367032969e-13,2.2676623787570837e-13
0.5928289882502433,0.2680065729989218,0.1391644387508349,0.0
0.9999999999979277,8.351566279670726e-13,5.80690175885852e-13,6.564791391029704e-13
0.20074581671040354,0.1265104008282126,0.14043016667982364,0.5323136157815602
0.14169240025585705,0.0907403761579469,0.08186733781334472,0.6856998857728513
0.37129055613069917,0.6287094438693009,0.0,0.0
0.36471623971397077,0.6352837602860292,0.0,0.0
0.3455054900514662,0.2596516684109066,0.3948428415376273,0.0
0.12425396109477162,0.05674823915311434,0.7551649764067977,0.06383282334531633
0.4067430866287698,0.11225947132684831,0.2497494100503642,0.23124803199401772
0.600766970643883,0.399233029356117,0.0,0.0
0.2976819664826684,0.3121563617399761,0.3901616717773556,0.0
0.312528192100925,0.41758793936844674,0.11363442233049434,0.15624944620013392
0.8379137965799961,0.16208620342000396,0.0,0.0
2.350888184209012e-12,0.9999999999967001,7.371537183120117e-13,2.1190473075581789e-13
0.9999999999993971,2.8705012887833495e-13,1.1914981064061102e-13,1.9675741159890192e-13
0.9999999999977685,2.231597574528547e-12,0.0,0.0
0.9999999999994303,3.7530642776630376e-13,1.5420379361505527e-13,4.0082801131415927e-14
0.2031013431128788,0.7968986568866119,3.711558733409875e-13,1.3798781486658933e-13
0.9999999999947601,2.612564128723333e-12,9.764962347783809e-13,1.6507317252468599e-12
0.999999999995584,4.133129858100228e-12,1.007793773643493e-13,1.821273227055496e-13
0.6904479782589299,0.23340098016814664,0.07615104157292354,0.0
7.641144440298172e-11,0.9999999999217012,1.7407445099827037e-12,1.465309324081257e-13
0.30446460203495773,0.32622186172931117,0.3693135362357311,0.0
0.5000000044510228,1.688167567375412e-13,0.4999999955487099,9.847434336357019e-14
0.9999999999951733,1.601354106529876e-12,3.2254561462649044e-12,0.0
0.4616666584520241,5.448951297588894e-12,0.5383333415424034,1.2355614198383257e-13
0.9999999999990141,4.186696025172829e-13,1.9761220810801206e-13,3.695942038972326e-13
0.999998608574236,2.9352577176759054e-12,1.3914223751163553e-6,4.537047384546624e-13
0.8164412686674603,0.18355873133253975,0.0,0.0
0.9999999996815472,3.1845275687736973e-10,0.0,0.0
0.29561076342629033,0.7043892365733028,4.0707035335041646e-13,0.0
2.8619345010088295e-8,0.080704975081811,0.9192949962987353,1.085121551304869e-13
0.9999999999974539,8.478099684373063e-13,7.784160941553937e-13,9.199418787167995e-13
0.9999999999996324,3.676055554729576e-13,0.0,0.0
0.14599268711631136,0.10602536451131596,0.7479819483723725,0.0
0.9999999999915671,3.2270638191763447e-12,2.5925181811469355e-12,2.6132877715394055e-12
0.2081820009129677,0.7918179990870323,0.0,0.0
0.999999999999327,2.8914113812840884e-13,7.667064227993831e-14,3.072313108588337e-13
0.8968629093069017,9.474863019392341e-14,0.10313709069296097,4.249293334376884e-14
0.9999999999999156,8.439570451800843e-14,0.0,0.0
0.9999999861633403,1.3836345756983428e-8,1.993998345071799e-13,1.1443270816958486e-13
5.848052226279412e-13,0.9999999999973304,1.9149913276583663e-12,1.699144060935274e-13
0.9999999999986457,1.187309239390702e-13,3.306226751767323e-13,9.049394514184522e-13
0.9999999999991208,6.953618184448185e-13,6.055746378196553e-14,1.2306832884042221e-13
0.9999999999984422,7.34466218630222e-13,8.231975964817028e-13,0.0
0.06169505446184961,0.45436059042314264,0.4839443551149308,7.705648668646765e-14
0.19771490845035655,0.3573236424844474,0.44496144906519597,0.0
0.9999999999953744,1.3251266746356144e-13,4.36051097645512e-12,1.326967573381421e-13
0.4681936652573953,0.5318063347419377,6.669948368872858e-13,0.0
2.3025656930531606e-8,0.999999976971798,1.6353097136533516e-12,9.097002628438872e-13
0.9999999956042923,9.430464006347018e-13,4.394556386173755e-9,2.0821941677702693e-13
0.9999998373882135,1.626090059945727e-7,1.881679742568132e-12,8.988844668036851e-13
0.9133045209232176,0.08669547907678243,0.0,0.0
0.9999999999996864,3.136334707468772e-13,0.0,0.0
0.9999999999986088,9.586001805367927e-13,4.3260412052844543e-13,0.0
0.9999999999974097,8.825698015383013e-13,1.2979806463796698e-12,4.0961906062870616e-13
0.9999999999997804,8.587963608617905e-14,7.14722563468857e-14,6.203178615653104e-14
0.999999999999793,2.0695994660209207e-13,0.0,0.0
2.4861558208643106e-12,0.9999999999961526,1.361173478388763e-12,0.0
0.2199259584528781,0.5800031126300297,0.2000709289170923,0.0
0.15098805090028142,0.8490119490997186,0.0,0.0
0.41957509250103325,0.40422495097544614,0.17619995652352055,0.0
0.5781300899314733,0.421869910068269,2.576672021665661e-13,0.0
0.999999999999862,1.379978292944762e-13,0.0,0.0
2.0960762464882966e-13,0.999999999999644,1.4646516138845986e-13,0.0
0.06820023629900186,0.876734288899143,0.055065474801855224,0.0
0.03231707547103725,0.9568144610043499,0.010868463524613053,0.0
1.240553529078032e-6,0.999998759443614,2.8570094637126975e-12,0.0
0.9999996919251566,2.061774417172054e-12,3.080727816473858e-7,0.0
0.6122991316221553,2.7380144775462606e-14,0.3877008683778173,0.0
0.9999999999998986,7.086978102324095e-14,3.056829469796472e-14,0.0
0.9999999983767375,1.6220472892651813e-9,1.2151615512864582e-12,0.0
0.9999999999980755,1.8739157241479298e-12,5.056493534160691e-14,0.0
0.5175122084410914,0.3563782318959653,0.12610955966294338,0.0
0.9999999999996216,2.1741575557241788e-13,1.6106909899537986e-13,0.0
0.5394937012007052,0.34291761153976474,0.11758868725953,0.0
0.44993336313634763,0.5500666368636524,0.0,0.0
0.6532821159625506,0.34671788403744946,0.0,0.0
0.5494778238406889,0.2566535920510095,0.1938685841083015,0.0
0.46938356484556015,0.3772811973189433,0.1533352378354966,0.0
0.9999999999992102,3.424296096658202e-13,4.473392400122155e-13,0.0
0.18508797997254015,0.8149120200274598,0.0,0.0
0.9157510739796136,0.06077159912683031,0.02347732689355597,0.0
0.5022236176888805,0.15730176519395556,0.19720870584640843,0.14326591127075555
0.5427952251043642,0.4572047748956358,0.0,0.0
0.2769800764459911,0.39659062188965655,0.21684555023398594,0.10958375143036651
0.999999999999182,6.391141913714776e-13,9.575369165360253e-14,8.319921961011663e-14
0.9999999999993483,6.517526863033311e-13,0.0,0.0
2.184292448282736e-13,0.9999999999995424,1.2208214604799695e-13,1.1713726426261503e-13
0.052783741209317225,0.8667985552845111,0.04304837022345923,0.037369333282712344
0.01583302219745932,0.9738121189012016,0.005708325749486138,0.004646533151852975
0.9999999999298602,6.81881377097484e-11,1.6387586990128595e-12,3.1285670759943815e-13
0.9999999999465662,1.7165716271335772e-12,5.1664404301505435e-11,5.289474941558417e-14
0.6746117524064976,4.551081939571927e-14,0.32538824759345697,0.0
0.9999999999998258,1.1289161196821384e-13,6.142981859454532e-14,0.0
0.999999999997962,1.4335818476439013e-12,4.0528270171493035e-13,1.9907101313492181e-13
0.3608849469647693,0.6391150530351011,1.295344799978966e-13,0.0
0.48150441684243445,0.2523893531075727,0.17994920418116284,0.08615702586882999
0.9999999999996491,1.2815993628409955e-13,1.3147678355641645e-13,9.137797295999518e-14
0.5068721479082667,0.32416841576131483,0.07610058350506585,0.09285885282535258
0.4234767164542858,0.5765232835457141,0.0,0.0
0.6522383551648211,0.34776164483517896,0.0,0.0
0.5595430010125703,0.28691233382455333,0.15354466516287626,0.0
0.4585329897013222,0.19428584591263973,0.22492096379790147,0.1222602005881365
0.9999999999954967,1.731398268687682e-12,1.5638955646172054e-12,1.2079134895070674e-12
0.9999999999997318,2.681094243456582e-13,0.0,0.0
0.9999999999995054,3.238156921844432e-13,1.7078397647980693e-13,0.0
0.5138399178118987,0.27658698362567624,0.209573098562425,0.0
0.7677530655712729,0.23224693442872704,0.0,0.0
0.5964580229731764,0.17322564601064533,0.23031633101617827,0.0
0.9999999999997389,1.743671423816418e-13,8.670129541295038e-14,0.0
0.890319112543584,0.10968088745641606,0.0,0.0
0.9999999999998024,1.5419482501955502e-13,4.342941945895671e-14,0.0
0.6602232886024414,0.18031726367024473,0.15945944772731385,0.0
0.348981807666687,0.5486283587672879,0.10238983356602514,0.0
0.2363672966552147,0.5300555000324402,0.23357720331234513,0.0
0.2536846454564116,0.26495299739666883,0.4813623571469196,0.0
0.999999999998871,9.32874711046069e-13,1.9614537657780714e-13,0.0
0.9999999999995174,3.3027451742037184e-13,1.5227816472011693e-13,0.0
0.9999999999993621,3.0105843436671086e-13,3.3689643180444266e-13,0.0
0.9999999999998835,7.378617338894157e-14,4.2805557701110234e-14,0.0
0.9999999999994453,2.3229169231432514e-13,3.2239340988069337e-13,0.0
0.23849782137649805,0.5423055996116395,0.2191965790118624,0.0
0.026768906003240094,0.04068263436342177,0.9325484596333382,0.0
0.8782938300283515,0.12170616997164845,0.0,0.0
0.8870742340654986,0.11292576593450147,0.0,0.0
0.24219650795110637,0.4863401672846328,0.2714633247642609,0.0
1.542083435433814e-13,0.9999999999997474,9.84169710306763e-14,0.0
0.6898985158333061,1.0288658313316625e-13,0.3101014841665911,0.0
0.9999999999998792,1.20806885340193e-13,0.0,0.0
0.9999999999998669,5.703813438214887e-14,7.605068660734949e-14,0.0
0.3062484421803484,0.2732805256182843,0.21056688932656842,0.20990414287479886
0.4722457403423445,0.5277542596576555,0.0,0.0
1.1242566995701943e-12,1.412216169344722e-12,0.9999999999969608,5.027575852405729e-13
1.514048274002083e-8,0.9999999848578363,1.2846152665398424e-12,3.9647457902225094e-13
0.37161157949916895,0.6283884205008311,0.0,0.0
0.9999999999994521,2.572986234977648e-13,2.08395944675127e-13,8.216925320549102e-14
0.5544915059221348,0.19615884983360568,0.155029201753731,0.09432044249052843
0.99999999999862,7.019207547916404e-13,3.5238663229811427e-13,3.257309915226471e-13
0.9999999996262674,1.5527902189622446e-13,3.7347950919051394e-10,9.798048849637639e-14
0.9999999999983925,1.1415126454078518e-13,1.3709808491394363e-12,1.2239533288103785e-13
0.4820109588025001,0.5179890411968209,6.790265701776713e-13,0.0
0.9999999999975682,1.5351995617384475e-12,3.7035839132028744e-13,5.261680868029558e-13
0.9999999999989122,6.012719396039161e-13,4.865405674823814e-13,0.0
3.4851457790084583e-13,2.2690189066718826e-12,0.9999999999973824,0.0
0.9999997955311316,2.0130787403121884e-7,3.1606581966804927e-9,3.362582066649091e-13
0.9999999999954469,1.8961223430289184e-12,2.2315403336081017e-12,4.2556572550179846e-13
0.9999999785480836,7.687431202156319e-13,2.1450806822238465e-8,3.407897917733518e-13
0.9442367630635645,0.055763236936435485,0.0,0.0
0.9999999999996931,3.068280163601855e-13,0.0,0.0
1.9242304047899956e-13,0.8027273211704231,0.19727267882938454,0.0
0.008075418000463064,4.432834056776495e-13,1.7853967653616384e-13,0.9919245819989152
0.9999999999997479,1.2860586329943225e-13,8.45578345699598e-14,3.9135470084539275e-14
0.9999999999998558,1.4425457839963288e-13,0.0,0.0
0.1947904480493206,0.16723879158425606,0.6379707603664232,0.0
0.6256381582638779,0.19663464060197028,0.17772720113415177,0.0
0.7228062888955485,0.27719371110445146,0.0,0.0
0.28364197278351694,0.40841544695802695,0.3079425802584562,0.0
0.3702559574682415,0.6297440425315292,2.29396487007799e-13,0.0
0.7720302346236224,0.2279697653763775,0.0,0.0
0.9999999999996759,1.944737128162741e-13,1.2967357490665187e-13,0.0
0.9771925910501341,0.010135921118663727,0.012671487831202163,0.0
0.9999999999998758,8.605910636139038e-14,3.8199919697386917e-14,0.0
0.9999999999776095,1.7663599153433357e-11,4.7269338126360855e-12,0.0
0.9999999999958576,2.783252638827721e-12,1.359171675826568e-12,0.0
0.921927971111417,0.0780720288885665,1.6531668856429615e-14,0.0
0.9999999999953592,4.531108427782683e-12,1.0976727824827506e-13,0.0
0.9999999999997038,1.9455770092320244e-13,1.0169325409516678e-13,0.0
3.2945673285532656e-13,4.5895571644825755e-12,0.9999999999950809,0.0
0.4928194694615294,0.17742523710529437,0.3297552934331763,0.0
1.421022062801944e-12,0.9999999999961876,2.3914003768564804e-12,0.0
0.2233033097132368,0.459939144305457,0.3167575459813061,0.0
0.39450489489931495,0.605495105100685,0.0,0.0
0.5752158806148929,0.42478411938510713,0.0,0.0
0.2406453330293161,0.47393217623113837,0.2854224907395456,0.0
0.1666606613503294,0.3608465905566196,0.4724927480930509,0.0
1.733097223986893e-13,0.9999999999997061,1.204982685504605e-13,0.0
0.046164557533843444,0.9538354424661565,0.0,0.0
0.9999999999997737,9.885363000330988e-14,1.2753467806142035e-13,0.0
0.9999999999994302,3.995341269911297e-13,8.017752467910268e-14,9.012771076343111e-14
0.9999999999798652,2.0134787277877203e-11,0.0,0.0
0.9999999999955184,1.411352794723977e-12,2.1044564337148066e-12,9.657478945979809e-13
7.176536279896278e-14,2.8850300561629733e-12,1.2906700549248537e-12,0.9999999999957525
0.8245228248884544,0.17547717511154567,0.0,0.0
0.9999999999990131,4.2193174137211514e-13,4.239698146628064e-13,1.409872415288068e-13
0.999999999999058,2.7988243779562893e-13,2.0815386112942802e-13,4.540188016210633e-13
0.9999999999624858,8.605496339530562e-12,1.873334462444208e-11,1.0175467337992368e-11
0.24622889744548834,3.591574377619515e-8,0.7537710666386748,9.304768877239669e-14
0.8170620316329328,4.302852462388932e-9,0.18293796406399196,2.2291142464791572e-13
0.9999999999883674,1.0854563556912696e-11,7.780609147441723e-13,0.0
1.2351261463638065e-13,0.9999999999994766,2.988438236756367e-13,1.0093732218528533e-13
0.9999999999995872,1.7531763553509572e-13,2.374966947095147e-13,0.0
0.9999994606721985,5.393099796015763e-7,1.594230259445328e-11,1.8796839431109327e-12
0.9999999999165073,6.615737832028288e-11,1.733534618866499e-11,0.0
0.9999999810962023,7.048744961356008e-13,3.5914754718967183e-13,1.890273357675519e-8
0.9999999999910412,1.479409351996592e-12,7.768296877667836e-13,6.702665577830106e-12
4.383334335728831e-13,0.9999999999995618,0.0,0.0
0.99999999999652,3.4800033102491664e-12,0.0,0.0
8.614362293782194e-9,6.453018555780394e-13,0.9999999913849924,0.0
0.9999999999972911,5.796155079131483e-13,1.9366060216314952e-13,1.9356023734404076e-12
7.719776310180928e-13,4.029840882429556e-12,0.9999999999950383,1.598412218500615e-13
0.9789587026987395,0.021041297301260524,0.0,0.0
8.970577625871555e-12,0.9999999999419118,4.911757691484726e-11,0.0
0.9999999999993787,4.929293784549592e-13,8.787799971400251e-14,4.0517618021944527e-14
0.9999999999998094,1.906520028834352e-13,0.0,0.0
0.9999999999989658,5.82078492555469e-14,2.49907210978626e-13,7.261298906023332e-13
0.9999999999967649,5.590301696675617e-14,2.757789775384452e-12,4.214986965740364e-13
0.6089144845140758,0.3910855154859241,0.0,0.0
0.9999999999979567,1.862261935758098e-12,7.736740586388641e-14,1.0342394024287168e-13
0.9999999999995909,8.33638441110487e-14,2.5378330664853005e-13,7.215427497833283e-14
0.9989267725561665,0.0002775160422352055,0.00044312519572074657,0.00035258620587764447
0.9999999932128969,6.784586137193329e-9,2.205462639799716e-12,3.114785441860133e-13
0.9999999999950443,1.0758111939185392e-12,3.545573558087589e-12,3.3441220359349805e-13
0.9999999999998386,8.069594659948358e-14,8.079988850733876e-14,0.0
0.999999999989623,3.4767577102482873e-12,5.0371613054525095e-12,1.8631761190061527e-12
0.35634007530365924,0.3681459534028546,0.27551397129348615,0.0
0.9999999999942726,2.1927782289887845e-12,2.9583314446304164e-12,5.762856167304299e-13
2.2061713126358922e-13,0.9999999999994378,3.4167398762685386e-13,0.0
0.9999999891825648,9.34332253200831e-14,1.0817205970576495e-8,1.3576103557018885e-13
0.9999999999991991,2.2310534568498468e-13,1.0333726289893768e-13,4.743543948658248e-13
0.9999999999982321,1.7679686948878175e-12,0.0,0.0
0.9999999999980306,1.969507905162497e-12,0.0,0.0
0.16551855181041275,2.2639717440774647e-13,0.8344814481893609,0.0
1.744333613240851e-12,0.999999999997619,1.9618664991438775e-13,4.4047952442022105e-13
1.2379739308045373e-12,4.148062425107576e-11,0.9999999999552857,1.995690653546231e-12
0.51080154414826,0.4891984558517401,0.0,0.0
0.22662848467385227,0.2126122597521045,0.5607592555740433,0.0
0.999999999998471,1.0873740332668943e-12,1.9145902591072905e-13,2.5012532538201875e-13
0.9999999999436404,5.635961569659851e-11,0.0,0.0
0.9999999999905942,6.1699707888573245e-12,8.36133508270452e-13,2.3997313010933355e-12
1.1118446508222159e-13,9.544394775442087e-13,0.999999999996868,2.0663552376196784e-12
0.7977223938330413,0.20227760616695872,0.0,0.0
2.045840236746e-12,0.9999999999959998,5.030780339955317e-13,1.4511939715524385e-12
0.9999999999982018,3.037728140406241e-13,2.594957753499974e-13,1.235118032928919e-12
0.9999999999858515,4.765457397615952e-12,7.564156361750792e-12,1.8188868557068262e-12
0.9999998498999335,5.5003991967985786e-8,9.509596337485568e-8,1.1111419225268267e-13
0.9999978861566418,6.186111354337497e-8,2.051967369187874e-6,1.4875569166013284e-11
0.8333827334204763,0.1473538977611999,0.019263368818323707,0.0
0.9999999999987343,8.110011266483817e-13,2.0310990417610124e-13,2.5158349264528214e-13
0.9999999999996749,2.1377873145615195e-13,1.11154720271198e-13,0.0
0.33333333664856507,0.33333333130120174,0.33333333205001314,2.201754346237483e-13
0.8327918216871819,0.11983383879029318,0.04737433952252484,0.0
0.9999999999993314,2.112817443007401e-13,8.504700547389137e-14,3.7222626138236725e-13
0.9999999999980943,2.674190655968895e-13,1.0288763514473483e-13,1.5354190460707121e-12
0.41058230579690064,0.5894176942030993,0.0,0.0
0.021993079683696237,0.9780069203163038,0.0,0.0
0.9999999999985286,4.4908848043661695e-13,1.0222781769280182e-12,0.0
0.9940665081965354,1.8671826187649297e-13,0.0059334918030026175,2.752272539708911e-13
0.9999999940639535,3.2534467686711843e-13,5.93557932085889e-9,1.4197288571921318e-13
0.9999999999998685,1.3149582830159494e-13,0.0,0.0
1.3039150143851045e-13,0.9999999999981621,1.7075096703287827e-12,0.0
0.6804809023922824,0.31951909760771763,0.0,0.0
0.4585619793396973,0.5414380206603028,0.0,0.0
6.000368724840868e-8,0.9999999399963128,0.0,0.0
0.9999999999996312,3.6879334593103097e-13,0.0,0.0
0.6138256691731443,0.3861743308268558,0.0,0.0
0.7165908056241417,0.28340919437585826,0.0,0.0
0.49672892217658743,0.5032710778234125,0.0,0.0
0.5607512945380729,0.439248705461927,0.0,0.0
0.7390548876256899,0.2609451123743102,0.0,0.0
0.9882469985063901,0.011753001493609897,0.0,0.0
0.5023837047412525,0.4976162952587475,0.0,0.0
0.5956289717675373,0.4043710282324628,0.0,0.0
0.6256764825537061,0.3743235174462938,0.0,0.0
0.47907819576471433,0.5209218042352857,0.0,0.0
0.6142769157341962,0.3857230842658039,0.0,0.0
2.1301635123651876e-12,0.9999999999978699,0.0,0.0
0.9999999999997123,2.8762667012901333e-13,0.0,0.0
0.9910610720179691,0.008938927982030859,0.0,0.0
0.9999999999961752,3.824736784752656e-12,0.0,0.0
0.9999999998950875,1.0491256966055655e-10,0.0,0.0
0.9999999999963235,3.676484085131256e-12,0.0,0.0
6.704722937721455e-13,0.9999999999993296,0.0,0.0
0.7610144385802808,0.23898556141971913,0.0,0.0
0.4872768160104387,0.5127231839895613,0.0,0.0
0.6987157453265902,0.3012842546734099,0.0,0.0
0.36637975843428344,0.6336202415657165,0.0,0.0
5.348424443951204e-13,0.9999999999994651,0.0,0.0
0.9999999999997735,2.2660765552045082e-13,0.0,0.0
0.4805181425990599,0.51948185740094,0.0,0.0
0.4928847709924791,0.5071152290075209,0.0,0.0
0.3600876373835844,0.6399123626164156,0.0,0.0
0.4271588146313399,0.5728411853686601,0.0,0.0
0.2890991951031572,0.7109008048968428,0.0,0.0
0.2529553362859033,0.7470446637140967,0.0,0.0
0.5585558670123897,0.4414441329876103,0.0,0.0
0.5915272744999093,0.40847272550009067,0.0,0.0
0.4150090848061697,0.5849909151938304,0.0,0.0
0.9999999999996536,3.4648704619460016e-13,0.0,0.0
0.6006303776613482,0.39936962233865175,0.0,0.0
0.9999999876329163,1.2367083609454088e-8,0.0,0.0
1.762907232996344e-12,0.9999999999982371,0.0,0.0
0.9999999109361273,8.90638726840549e-8,0.0,0.0
0.9999993981703583,6.018296416198954e-7,0.0,0.0
0.9999999999999283,7.176057687467077e-14,0.0,0.0
0.658999035436247,0.34100096456375295,0.0,0.0
0.999999999999789,2.1100496921578268e-13,0.0,0.0
0.648510465904362,0.351489534095638,0.0,0.0
0.6617062989162978,0.3382937010837022,0.0,0.0
0.5893594658898607,0.28082797316727465,0.1298125609428648,0.0
0.6347670448303658,0.36523295516963417,0.0,0.0
0.999999999999509,2.723917638767415e-13,2.1880013536955444e-13,0.0
0.7396611060924932,0.10871678348276927,0.1516221104247376,0.0
0.5213841090479719,0.47861589095202806,0.0,0.0
0.43164570788396955,0.41651458582362866,0.1518397062924017,0.0
0.6305965822822522,0.1473296943267009,0.2220737233910468,0.0
0.5550589191380988,0.22287775322111397,0.22206332764078723,0.0
0.7455788568945237,0.14908055461381753,0.1053405884916587,0.0
0.9999999999992072,4.833265485704921e-13,3.0942673069873446e-13,0.0
0.4017329527874424,0.3432497598208115,0.2550172873917462,0.0
0.40084284276072757,0.23487639148195955,0.36428076575731283,0.0
0.3873861005192184,0.35711145023680474,0.2555024492439768,0.0
5.642243152686651e-13,0.9999999999983878,1.0478713422915455e-12,0.0
0.2958620597758571,0.3838703956706993,0.32026754455344353,0.0
3.569083076632155e-8,0.9999999643090438,1.2548763042234827e-13,0.0
0.9999999999787157,2.1143948051942983e-11,1.4036254965000587e-13,0.0
0.999999999998897,5.878662708759845e-13,5.152151343578e-13,0.0
0.658719701764404,0.34128029823559597,0.0,0.0
0.9999999999999518,4.814491606634839e-14,0.0,0.0
0.4915448319328352,0.5084551680668343,3.3055910426717405e-13,0.0
0.9999999999995685,2.432641097682024e-13,1.882782578444949e-13,0.0
0.6115662009431071,0.3884337990568929,0.0,0.0
0.46142966595056967,0.29958138989200833,0.23898894415742192,0.0
0.9999999999979049,1.2690049166686605e-12,5.312459890669401e-13,2.9473139421549427e-13
0.40905304659338676,0.5909469534066132,0.0,0.0
0.9999999389254679,6.106676673705919e-8,7.44068294626988e-12,3.2476597197355393e-13
4.4220879388605383e-14,0.9999999999993294,2.7852127383199617e-13,3.477930587318464e-13
0.3194529470575405,0.6805470529424595,0.0,0.0
0.9999999999988181,5.075308678706424e-13,4.849236112855846e-13,1.8951852388346202e-13
0.9999999999993855,1.562336848603372e-13,1.6251148109446299e-13,2.958390476520175e-13
0.47035596833892857,0.2817976997555764,0.16757068428749958,0.08027564761799537
1.7707445698705454e-7,0.9999995562874616,2.6663754277856853e-7,5.386140288238993e-13
0.48271014419535924,6.17511596240022e-8,4.767547563000304e-9,0.5172897892859336
0.4471006364844644,0.4686684652155271,0.08423089830000846,0.0
0.5777568277647086,0.08949523875812253,0.25633546036328636,0.07641247311388254
0.9999999999968104,2.5151144447324908e-12,6.74528906945413e-13,0.0
0.33333333628565776,0.3333333266759497,1.0112930569038164e-12,0.3333333370373812
0.10736976993399604,0.5196935776437585,0.3729366524222456,0.0
0.9999999999971565,5.231331116679685e-13,1.5993269280625981e-12,7.212652101098688e-13
2.5839020942944745e-13,0.40459490768515427,0.5954050923145369,5.047021536404542e-14
0.9999999999989879,1.2919891903300253e-13,5.841520472976259e-13,2.988090636589888e-13
0.9999999999993512,6.488852895848548e-13,0.0,0.0
0.999999999999452,5.480317422566231e-13,0.0,0.0
9.046700335727601e-13,0.9999999906850103,9.314084829667088e-9,0.0
0.9999999999951301,4.439913286095359e-12,1.2645385706865318e-13,3.034036815113621e-13
0.9999999999992233,7.766928176660741e-13,0.0,0.0
0.7043688944617269,0.29563110553819755,7.542445123969202e-14,0.0
0.31994772547900907,0.3113266928457738,0.1908869820620675,0.17783859961314968
0.384774716591401,0.615225283408599,0.0,0.0
2.8631233460738803e-13,0.9999999999978447,4.5463104943190923e-13,1.4144154253372808e-12
0.9999999989881047,1.0117307258682245e-9,1.1557025673156727e-13,4.893101923240898e-14
0.9999999999988677,1.1322527123350066e-12,0.0,0.0
0.41629005927454243,0.47549995049445615,0.08226842063077303,0.02594156960022849
0.18254409196766186,0.4659482802124471,0.14052486520719557,0.2109827626126956
0.24628236208198362,0.43906758509445026,0.18735002030174336,0.12730003252182262
1.8428840900105628e-11,0.9999999999810925,3.0302807081406864e-13,1.756398303323633e-13
0.9785135699701261,0.021486430029748205,7.212194123833176e-14,5.354674434573526e-14
0.9999999999995475,2.277998610850853e-13,2.2475610796576072e-13,0.0
0.0774317002061258,0.8302415169261772,0.0570936602511544,0.035233122616542614
0.9999999999992601,3.2741839752422315e-13,4.1243309371325393e-13,0.0
0.9999999999996887,1.2202888240469465e-13,1.0162870315113511e-13,8.759950667607973e-14
5.099479605793786e-13,0.9999999999990523,4.3778009935516014e-13,0.0
0.9999999999844823,8.370271546004788e-12,1.7101018605788664e-12,5.437258357369976e-12
1.0298308825355443e-13,0.9999999999977883,1.9999236879069013e-12,1.0878306780423871e-13
0.9999999999992412,2.784711637600772e-13,4.0569596085887793e-13,7.461597691025034e-14
1.2714673844445812e-12,0.9999999999987286,0.0,0.0
0.9999999999997338,2.661908019846031e-13,0.0,0.0
3.271760968192884e-13,2.623217829814567e-12,0.9999999999970496,0.0
0.9999999999993182,1.1133082189450792e-13,3.2023366258739936e-13,2.5018412371588097e-13
0.2195559821742946,0.7804440178257053,0.0,0.0
0.9999999999993604,5.677041840281795e-13,7.197665151627402e-14,0.0
0.5051819492077364,0.49481805079226354,0.0,0.0
0.5636511134125404,0.4363488865874596,0.0,0.0
0.6654600788287973,0.3345399211712027,0.0,0.0
2.2509936736974175e-13,0.9999999999997748,0.0,0.0
0.31201697956350327,0.6879830204364968,0.0,0.0
0.36646129492858476,0.6335387050714152,0.0,0.0
0.579114991028331,0.4208850089716691,0.0,0.0
0.45219023523648866,0.5478097647635113,0.0,0.0
0.9999999999961069,3.893034735034391e-12,0.0,0.0
0.9999999999994856,5.143641482815682e-13,0.0,0.0
0.1003332781218705,0.8996667218781295,0.0,0.0
1.446320062424938e-12,0.9999999999985537,0.0,0.0
0.9999999999997257,2.744057037879191e-13,0.0,0.0
0.9999999985288656,1.471134464008026e-9,0.0,0.0
0.04241618990106951,0.9575838100989305,0.0,0.0
0.9715672271260206,0.028432772873979387,0.0,0.0
0.16196732025826305,0.8380326797417369,0.0,0.0
0.9999999999998245,1.755470715967565e-13,0.0,0.0
0.6607095387005133,0.3392904612994868,0.0,0.0
0.8434275249960368,0.15657247500396332,0.0,0.0
0.8621221852271771,0.13787781477282293,0.0,0.0
0.9999999999990749,9.251274581356358e-13,0.0,0.0
0.9999993300766086,6.699233914836464e-7,0.0,0.0
0.9999999999999739,2.61241877452654e-14,0.0,0.0
0.3197506184297951,0.3965164175622808,0.2837329640079242,0.0
0.5101610245229432,0.4898389754770568,0.0,0.0
0.5790153174780663,0.22578866064400058,0.1951960218779331,0.0
0.448836880428679,0.08794024596150292,0.4632228736098181,0.0
0.5623155449472443,0.43768445505275577,0.0,0.0
0.7623314353034776,0.1272068009563404,0.11046176374018198,0.0
0.4147776146015534,0.3229109073562981,0.26231147804214844,0.0
0.46890098889706966,0.26267014573228414,0.2684288653706463,0.0
0.9999999999940076,9.210979296786747e-13,5.0712486085901214e-12,0.0
0.9999999999975516,2.2721561234175672e-12,1.7641868141069934e-13,0.0
0.9999999999988723,9.018465195341613e-13,2.2574851632632173e-13,0.0
0.9999999999997865,1.7224144706956297e-13,4.116682013115961e-14,0.0
0.9999999999990127,6.771685094727655e-13,3.1012217190008884e-13,0.0
5.706010762958963e-12,0.9999999999941417,1.5229555696198786e-13,0.0
0.9999999999997005,2.2700818990592844e-13,7.252470081907409e-14,0.0
0.13170477191135832,0.5034631916219416,0.3648320364667,0.0
1.113215825335612e-11,0.9999999999884179,4.4997771667794943e-13,0.0
1.6103625890127577e-12,7.060631204468412e-12,0.999999999991329,0.0
0.9999999999985524,1.447670189072544e-12,0.0,0.0
0.8582308594561185,0.14176914054388143,0.0,0.0
0.2957835834083863,0.5655258330485609,0.13869058354305278,0.0
0.9999999999994981,1.6900682483237083e-13,3.330035954377667e-13,0.0
0.9999999999920434,7.748741705438945e-12,2.0781006353290954e-13,0.0
0.9999999999999586,4.145221880137338e-14,0.0,0.0
