---flow_allocation with alpha---
0.10492820534088147
0.16113892125400794
0.028836449803681233
0.11934905934544339
0.024183743722144685
0.053947736890557374
0.04022435810205859
1.6041042865650396e-12
2.754974297989009e-12
4.252967726244485e-13
4.1589761502872017e-13
1.9111432795676069e-13
0.10639905012225008
3.5861308494855235e-13
0.04084201770290469
0.08742160791218469
9.067585812931781e-11
0.012473884133598382
3.757282292215146e-12
0.042416125259947354
0.11638027188835418
1.4981636104348424e-12
1.5923581246632038e-13
2.0304716663803004e-13
0.055465646167902234
0.15726562470107752
0.028297284026886534
0.07012586338541339
0.14419197393059885
0.03406592867715024
0.1022232473524177
1.0653425653788197e-10
0.10542074582474535
1.3769580890851407e-13
1.2543019275445316e-13
1.303651609184307e-13
8.319472669983375e-13
2.7194708777234624e-13
3.3299637234386183e-9
5.875826488911703e-11
1.5629103860265317e-12
9.648484291972574e-13
7.227474994631887e-13
1.065957714340532e-12
0.0058779091791086105
4.2852581547274843e-13
1.3171324282877715e-13
1.2691952458522676e-13
0.060763552823526856
0.03237302509635478
0.02709198984967713
0.01643054044374055
0.07317879911683059
0.15831743770038928
0.023751454185266817
0.06762555220909632
0.10181206750975307
5.84578192988649e-10
0.06925189156720389
0.0018613784490942524
0.03191357330024734
1.735524794130044e-11
0.06644679707931178
0.1463399668051455
0.14478446713967472
0.02861332164135915
0.03267650712411051
0.07407477450858928
0.08083132430443386
0.04131594787591212
0.008987029746812194
1.094747655078838e-10
0.1485347147130841
0.057552645299151016
0.12110493665203846
0.10864059092469612
0.16742506106398758
0.09774345196611522
0.15398751010321726
0.1165117035387695
0.044213946391335614
1.5713114216182014e-12
1.5223575763390632e-12
0.14319483805856723
0.06731391635880474
9.780142136368498e-11
0.001368992696619909
0.12717372191582946
0.16801882689005876
0.021837961683363046
0.07745514061240076
0.08009059219501345
0.023718208373136634
0.041458712014028926
6.238141010594846e-13
9.240871369428397e-13
0.1407656923794998
0.11726118373934172
2.8706792644696616e-13
0.06341352047896548
0.04604581105410065
0.1133849366832259
0.06657058344373219
0.05267073376859776
0.0928266274801018
4.671350189755315e-10
1.996516049763563e-12
3.050716473201134e-13
0.04403165761704412
0.12056694890616923
3.253899240800371e-13
2.979611030671059e-13
5.746397458955798e-12
2.814193618423503e-13
2.2867757243721155e-13
3.352041610897029e-13
3.075367227250343e-13
0.011313684239160645
1.2981166549627154e-13
1.2998313861569568e-13
0.12212995412852659
0.1018247923475795
0.022501338722472942
0.14738362876846237
0.14947410514919854
0.004625132230976213
0.02575931036884431
0.15996196792380166
0.14442866540740873
0.044437702329432935
0.0630904264833109
0.11943258657877073
0.015534920776165476
0.16015517658164682
0.003939368466073936
0.011665228717880458
2.017345579703632e-11
0.15147498625772893
1.4696002902396814e-10
8.453055241822696e-13
1.832545241583897e-12
0.15730478004948314
3.6720107296466814e-13
6.222237801747694e-13
0.059903605377116795
0.12318051528285445
0.11070456196583009
0.15686104415499855
0.08730206735726578
0.09588247577176948
0.06508633974915576
0.058755041940143034
0.005069756780050117
6.569502167472038e-13
5.32714766113255e-13
1.8951783618702528e-13
2.6432859500982237e-11
5.506348955562898e-13
0.014597363524484167
0.12144459466759663
2.5697132996985026e-12
1.860072782637449e-11
2.434839785365786e-12
0.04036443296368577
1.067604400040643e-12
1.0415726957714892e-12
1.130746303433005e-13
1.9472769624867156e-13
0.008638836006022966
0.0778370025539119
0.1358144894183976
0.07421423359229543
0.1339779595584924
0.057955656159406524
0.02725297517250574
0.07893927926829454
0.09056128979661632
7.257128618851689e-13
1.4772548171236173e-11
3.4570575574139234e-13
0.08979004215791556
6.415736289511063e-13
0.004076226000901052
1.0714513715720093e-12
1.3505250979156544e-12
4.4934785518449087e-13
3.743879774129174e-13
4.879618068148328e-13
1.6706028163389628e-12
1.889395262838333e-12
1.3192248020472914e-13
1.9422158157589713e-13
1.063992247772205e-12
2.0290804051066757e-12
0.024296712412796677
0.036624053234660045
0.006514023047633314
0.16219822954450272
0.0702374094183966
0.011656982889176546
0.10382328068617484
0.040680382689019044
0.03382710943729272
9.771181263860737e-13
0.05065070861598888
0.04237386541583302
0.123969178749418
0.08243987918459496
0.020128704265208228
0.08321023712967587
3.3354436799284257e-10
0.13271929713215894
0.14781528133113989
0.015173151448283644
9.897693756313903e-10
8.623170290621411e-11
1.5395330298047293e-9
8.038344100058196e-11
0.08843464318876106
0.09928395168825291
0.103566767850854
0.043835475887028345
0.05239138331773568
0.11967925544755824
0.16272446870781435
0.08261798037835424
0.11587096404864404
2.779288919883522e-11
0.09333733040039383
0.1621584317993763
0.11330476804479224
0.11688148086922895
0.08710517305225482
0.03241779903691747
0.07133409419347167
0.07041035376101068
0.05941057097225054
0.13572765039667026
0.07517291314529935
0.06323999292928603
3.1881646778389614e-13
8.480833602542008e-13
3.6110032687838185e-13
0.078349491698404
0.06003828371586658
0.06635868579063542
1.1492025645555285e-12
2.171221054293869e-9
0.03515949559431938
0.06967328206970559
0.1565675419526948
0.15392456121188397
0.022416449614899227
0.015233151581805377
5.181012094175246e-12
0.06456656584195568
1.4823528687946598e-12
4.792109043649017e-13
3.1531730509099846e-13
3.6586181741841093e-13
1.000954954695679e-12
0.03901641565840982
2.4703809338859727e-12
3.30004545884528e-11
4.259034318577952e-13
1.266322111502011e-13
4.896997662821164e-12
0.10567364545709503
0.013432013880640532
0.06975065291844784
1.8047394529448114e-12
0.009160446000454979
0.02411101838801973
0.15564593929531148
0.08105441297307951
0.0950023358132012
0.11617721239623563
0.014356553398235527
1.9172817489897446e-12
0.0862615105008993
5.295148068855435e-12
5.220593793850375e-13
2.7565694879178e-13
3.6004683206160787e-13
1.540921605541576e-12
0.009950169634637854
0.15196003811311057
0.04699346680901353
1.8626506325472123e-13
2.2223111204914228e-13
6.546119510695228e-11
0.05828624582802414
6.254444231956255e-13
0.1531811026407705
3.0901993174348724e-13
4.931533306198822e-13
7.108359935819326e-13
9.34335829625345e-13
0.021112058650048664
0.04417848491681883
0.03252426986141603
0.14721224864015306
0.038165241720556735
6.506750073983525e-12
1.4019120085026971e-12
9.909937271440426e-13
4.1813536809397017e-13
2.735807302649976e-13
0.09817605057051317
0.1618757470216
0.11216434799831525
0.09474351359438053
8.675788524117417e-13
2.109849945424158e-13
0.030181243785486252
0.011386622121506066
1.5662096620179477e-11
0.1219659268743699
2.9240441795044945e-12
0.028983784301873428
0.09440346929964197
0.10813899035234388
0.03078556294338573
0.03716151486177919
0.028512535466825216
0.07147965964518282
0.05933772858325836
0.015413855989194543
0.10775379087534909
0.09326896532967534
0.0695749365311836
0.16740097722104355
0.11935446983700834
0.1604294400885546
0.13502916282747843
5.658183012131594e-10
5.997409444428268e-13
2.41129891014792e-13
6.433342349526779e-13
0.04208367757366502
7.077032587621457e-12
0.06759389105913287
1.3410907408447649e-11
0.13029438187557782
0.011523083072253389
0.05567677112139812
0.02336643272670053
0.04896208869490954
0.0493560582398112
0.09410287235461771
5.882038970679876e-11
0.012052489691786052
9.563050041569993e-12
3.5425854398127995e-13
1.9585672790253319e-13
9.13922704605751e-13
1.2192777545968506e-12
0.13715860097879568
1.6457524010059126e-11
8.1239334479331e-12
0.09165860089540445
0.0034586445151169667
0.038949610744856346
0.11044582958236364
3.055073893238639e-11
0.06551632153787397
0.05090002947754438
0.0016803154332614336
0.1322306055728957
0.13483007303407035
9.267833395769489e-12
0.12240378769636817
0.08861591515861138
0.009291131826117748
2.3467068110060667e-10
0.04794437668294548
0.01587700355358691
0.13217828130643103
0.025326819411038527
0.0249589385254702
0.0412145334274383
0.08409457666034036
5.236383313014427e-12
0.0016111660745457756
0.099653481837484
0.07498614027894045
0.16404907212664585
0.13441323429103685
4.48887640499848e-13
0.13957257860269523
0.15934341432197174
3.766001381284502e-11
0.03049496180185371
0.057330328548963874
0.15233651908934723
0.0034318731753908535
6.241902058893816e-11
0.023637474950924657
0.06210821159093666
0.16623494702261044
0.1276960852850247
0.06755629279246686
0.09839207513587585
0.08380970514537806
0.034625799271644164
0.017647969779092755
3.0563918818412944e-13
2.2786701174464e-12
0.04254549963984519
0.015822269021728067
0.019670639499131625
0.06847565348574638
1.5654125312704286e-12
0.04336349116953881
0.0497688065609832
2.222990174829407e-10
0.07082314838574429
0.0035944218626344834
6.6312537071640745e-12
0.04394391159113592
0.13448199927804053
0.0519886127640874
9.64285570756018e-11
0.12721299796428462
0.1370501259089827
0.015905084038503933
0.12958737910739165
0.09180394520045133
0.0907780473160014
0.0872470780495398
0.09119710663580716
0.10734699762345341
8.283626210273064e-13
4.775172247966426e-13
0.15061496750730327
0.12231270992511063
3.4616565906130366e-13
1.085106605851531e-12
8.586087590210994e-13
4.0076028048981744e-13
0.056720880277170926
0.10123730756258176
4.453558272690894e-13
4.2264222088091836e-13
7.373458124341848e-13
0.11725920820143754
3.238327443528506e-13
0.07232981235156499
0.15449363171826672
0.1626074180869927
0.011221441996682891
0.0003963943442940399
0.014786658999103837
0.0868375742616396
1.2626059590713017e-12
1.2617888117700102e-12
2.8617596556013286e-13
2.574945430420512e-13
0.048311390443132755
0.03754133242515014
1.598757678332382e-13
2.1676146009324292e-13
2.9091180335791117e-13
1.9924934165971309e-13
4.700021974131284e-13
8.828512003750124e-13
1.5109238816086759e-13
1.510876515431022e-13
1.7869058706912675e-13
0.10023139703187105
1.2971752625114613e-13
0.11964549211894697
0.12052635330594691
0.10155169816477594
0.06863083941912718
0.13544371936384852
0.05575716109351244
0.09792629985529056
1.42613265655051e-13
1.6836720455263487e-13
3.534795749500886e-13
2.5252001197634285e-13
0.08140110729996926
8.439621356225526e-13
1.7782238300416786e-13
2.738689928257659e-13
4.954659579152321e-11
2.9027358746294064e-13
1.0165519880230161e-10
0.03616122285327146
2.321266813522723e-13
1.9237886075123309e-13
2.344627329747591e-13
0.09880292968098954
2.3599039256817636e-13
0.06236999112803029
0.06926634882760735
0.12490898289319896
0.09913145667446698
0.012005751560996319
0.16282506688613177
0.09123798094034904
1.7750439970664595e-13
2.10001015549455e-13
0.021352969637230303
1.165162446993657e-12
0.10791885448237414
0.15954148784392433
5.82034694627612e-13
0.06292425020676569
0.14801185013317866
1.2674126694781016e-12
0.02819398894319583
0.08209904099198413
4.341148972731011e-12
1.1841490743974488e-12
0.03748231869532291
0.010483371578325254
1.5142997211942813e-12
0.04143023169284992
0.1143583199364202
0.0723103564556631
0.060032929552577094
0.07236268193967257
0.07860790368010982
0.077375751231921
0.07585487534886
0.1561125580392798
3.8622560854720627e-13
2.0012777552849041e-13
0.081303592524242
0.1012682320519819
1.0426043362409692e-7
4.320072246269283e-11
6.090718580709715e-13
8.651454739129529e-13
0.02942787930991147
0.1674998587230132
0.04814654225857052
8.368361121141334e-10
0.05865059932801291
0.11801369029585221
0.041226029865805376
0.0074144705865733075
0.13689566579723278
0.13744668296570123
0.1369021489805591
0.04978875704398015
0.05145372751328103
0.10413796380232522
0.1356202717843674
0.1419953588832301
1.3786721377720976e-13
1.1836169634147376e-13
7.326579776422495e-13
0.07556112219778426
2.468855402626791e-13
1.1200518167187072e-12
1.437009592038238e-13
2.386053714956965e-13
0.003940640754416973
0.16023465599591352
0.021605708028215605
0.03960622943576288
0.037239674979954694
0.038802509355303674
7.062722503208443e-10
1.066725602847531e-9
4.905489477789351e-11
0.1375985371848872
5.277279374444402e-12
3.811388693844606e-13
1.78211953599117e-12
0.12442942634498452
0.011153855482363762
0.004770394163560145
2.31511346450001e-13
1.2279130456794107e-13
1.1221432257369191e-11
4.2873854731023165e-11
1.99099486033015e-13
2.9909014956164405e-12
2.0575354925937594e-13
3.0209656494457976e-13
0.018314573513761628
0.08443339801468124
0.030090950590694998
0.1647486231912589
0.013864505226709395
0.08643760139330896
0.056854712902955656
4.255026280994417e-11
2.5991328683915302e-11
0.08867181287417947
7.143671112471788e-10
5.757181135050776e-13
6.448159600188355e-13
0.12149404530763282
0.08294620593401264
0.06482232959921602
---flow_allocation with ell_k_beta---
0.10492820602279782
0.16113892230123128
0.028836449991086005
0.11934906012107922
0.024183743879312058
0.05394773724115752
0.04022435836347208
1.6041042969899292e-12
2.7549743158932706e-12
4.252967753884033e-13
4.15897617731591e-13
1.9111432919879075e-13
0.10639905081372529
3.586130872791376e-13
0.04084201796833227
0.08742160848032768
9.06758587186098e-11
0.012473884214664721
3.757282316633292e-12
0.04241612553560488
0.11638027264469619
1.4981636201712357e-12
1.5923581350117563e-13
2.0304716795761026e-13
0.0554656465283671
0.15726562572312874
0.02829728421078733
0.07012586384115332
0.14419197486768592
0.0340659288985408
0.10222324801675484
1.0653425723023586e-10
0.10542074650986268
1.3769580980338332e-13
1.2543019356960956e-13
1.3036516176565891e-13
8.319472724050671e-13
2.719470895396991e-13
3.32996374507967e-9
5.875826527098025e-11
1.5629103961837068e-12
9.648484354676966e-13
7.227475041602417e-13
1.0659577212680686e-12
0.005877909217308467
4.285258182576885e-13
1.3171324368476638e-13
1.2691952541006217e-13
0.06076355321842221
0.03237302530674335
0.02709199002574486
0.016430540550520747
0.0731787995924112
0.15831743872927614
0.023751454339624792
0.06762555264858701
0.101812068171418
5.845781967877555e-10
0.06925189201726398
0.001861378461191137
0.03191357350764999
1.7355248054090202e-11
0.06644679751114188
0.14633996775619212
0.14478446808061235
0.02861332182731384
0.03267650733647138
0.07407477498999272
0.08083132482974735
0.04131594814441972
0.008987029805217869
1.0947476621934773e-10
0.14853471567839416
0.05755264567317905
0.12110493743908554
0.10864059163073883
0.16742506215206382
0.0977434526013387
0.1539875111039644
0.11651170429596568
0.04421394667867697
1.5713114318299739e-12
1.5223575862326902e-12
0.143194838989174
0.06731391679627015
9.780142199928517e-11
0.0013689927055168354
0.12717372274231686
0.1680188279819938
0.02183796182528545
0.07745514111577281
0.08009059271551301
0.023718208527278545
0.04145871228346434
6.238141051135808e-13
9.240871429483759e-13
0.14076569329431984
0.11726118450140868
2.870679283125876e-13
0.06341352089108267
0.04604581135334709
0.11338493742010157
0.06657058387636677
0.0526707341108988
0.09282662808337139
4.671350220113882e-10
1.9965160627386915e-12
3.05071649302739e-13
0.0440316579032008
0.12056694968971998
3.2538992619470886e-13
2.9796110500352087e-13
5.746397496300975e-12
2.814193636712624e-13
2.286775739233608e-13
3.3520416326815625e-13
3.0753672472368017e-13
0.01131368431268698
1.2981166633990264e-13
1.2998313946044116e-13
0.12212995492223513
0.10182479300932713
0.022501338868706557
0.14738362972629165
0.14947410612061357
0.004625132261034415
0.02575931053625111
0.1599619689633761
0.14442866634603402
0.04443770261822846
0.06309042689332833
0.1194325873549494
0.015534920877125142
0.1601551776224769
0.003939368491675439
0.01166522879369144
2.017345592814129e-11
0.15147498724214745
1.469600299790445e-10
8.453055296758131e-13
1.8325452534933978e-12
0.15730478107178883
3.6720107535106573e-13
6.222237842185303e-13
0.059903605766423444
0.12318051608339046
0.11070456268528632
0.15686104517442045
0.08730206792463188
0.09588247639489868
0.0650863401721444
0.05875504232198531
0.005069756812997884
6.569502210166478e-13
5.32714769575307e-13
1.8951783741867992e-13
2.6432859672766357e-11
5.506348991348028e-13
0.014597363619350755
0.12144459545685111
2.5697133163987743e-12
1.8600727947258485e-11
2.4348398011895298e-12
0.040364433226009584
1.0676044069788816e-12
1.0415727025405505e-12
1.1307463107815954e-13
1.9472769751418448e-13
0.00863883606216577
0.07783700305976564
0.13581449030104037
0.0742142340746052
0.13397796042919977
0.057955656536053675
0.027252975349619697
0.07893927978131185
0.09056129038516374
7.257128666014935e-13
1.4772548267241265e-11
3.457057579880943e-13
0.08979004274145072
6.415736331206196e-13
0.004076226027391976
1.0714513785352486e-12
1.350525106692562e-12
4.4934785810475095e-13
3.7438797984602184e-13
4.879618099860405e-13
1.6706028271960185e-12
1.8893952751172958e-12
1.3192248106207819e-13
1.9422158283812087e-13
1.0639922546869684e-12
2.0290804182934364e-12
0.02429671257069822
0.03662405347267556
0.006514023089967202
0.16219823059861038
0.07023740987486145
0.011656982964933938
0.10382328136091042
0.04068038295339618
0.03382710965713121
9.77118132736252e-13
0.050650708945162014
0.0423738656912159
0.12396917955507945
0.08243987972036225
0.020128704396022365
0.08321023767044965
3.3354437016050907e-10
0.1327192979946864
0.1478152822917744
0.015173151546892213
9.897693820637878e-10
8.623170346662404e-11
1.5395330398099776e-9
8.038344152298471e-11
0.08843464376348764
0.0992839523334879
0.10356676852392253
0.04383547617191007
0.05239138365822126
0.11967925622533997
0.16272446976534197
0.08261798091527901
0.11587096480167612
2.7792889379458016e-11
0.09333733100698241
0.16215843285322534
0.11330476878114691
0.11688148162882826
0.08710517361834133
0.03241779924759702
0.07133409465706375
0.07041035421859948
0.059410571358353016
0.13572765127874867
0.07517291363383947
0.06323999334027548
3.188164698558477e-13
8.480833657657972e-13
3.611003292251314e-13
0.07834949220758834
0.06003828410604849
0.06635868622189289
1.149202572024064e-12
2.1712210684043854e-9
0.0351594958228169
0.06967328252250424
0.15656754297020925
0.15392456221222203
0.02241644976058116
0.015233151680803879
5.181012127846048e-12
0.06456656626156637
1.4823528784283008e-12
4.792109074792383e-13
3.153173071402094e-13
3.6586181979610484e-13
1.0009549612007704e-12
0.039016415911973024
2.4703809499406946e-12
3.300045480291896e-11
4.2590343462569267e-13
1.266322119731693e-13
4.896997694646189e-12
0.10567364614385591
0.013432013967933648
0.06975065337174934
1.8047394646736058e-12
0.009160446059987665
0.02411101854471447
0.15564594030683657
0.08105441349984283
0.09500233643061047
0.116177213151258
0.014356553491537118
1.917281761449938e-12
0.08626151106150294
5.2951481032679945e-12
5.220593827778415e-13
2.7565695058324287e-13
3.600468344015109e-13
1.5409216155558483e-12
0.009950169699302864
0.1519600391006814
0.04699346711441867
1.862650644652365e-13
2.2223111349339675e-13
6.546119553237706e-11
0.05828624620681976
6.254444272603169e-13
0.15318110363627688
3.090199337517723e-13
4.931533338248291e-13
7.108359982015741e-13
9.343358356974863e-13
0.02111205878725351
0.04417848520392974
0.03252427007278752
0.14721224959686854
0.038165241968588254
6.506750116270147e-12
1.4019120176135623e-12
9.90993733584397e-13
4.181353708113839e-13
2.735807320429673e-13
0.09817605120854804
0.1618757480736119
0.11216434872725846
0.09474351421010774
8.67578858050037e-13
2.1098499591358304e-13
0.030181243981630686
0.011386622195506416
1.5662096721965645e-11
0.12196592766701245
2.924044198507522e-12
0.02898378449023571
0.09440346991315927
0.10813899105512677
0.030785563143457567
0.0371615151032876
0.028512535652124908
0.07147966010972093
0.059337728968887435
0.015413856089367423
0.1077537915756286
0.09326896593581963
0.06957493698334312
0.16740097830896328
0.11935447061267933
0.16042944113116708
0.13502916370501747
5.658183048903475e-10
5.997409483404743e-13
2.411298925818675e-13
6.433342391336332e-13
0.042083677847162
7.077032633614279e-12
0.0675938914984178
1.3410907495603596e-11
0.13029438272234606
0.011523083147140583
0.05567677148323506
0.023366432878556293
0.048962089013108535
0.04935605856057055
0.09410287296618147
5.882039008906573e-11
0.012052489770113797
9.563050103719156e-12
3.542585462835655e-13
1.9585672917538358e-13
9.139227105452298e-13
1.2192777625207968e-12
0.13715860187017367
1.6457524117014685e-11
8.12393350072961e-12
0.09165860149108317
0.0034586445375943
0.03894961099798539
0.11044583030013841
3.055073913093214e-11
0.06551632196365702
0.05090002980833783
0.0016803154441816105
0.1322306064322472
0.1348300739103155
9.267833456000073e-12
0.12240378849185632
0.08861591573451603
0.009291131886499746
2.346706826257045e-10
0.04794437699453048
0.015877003656769733
0.1321782821654425
0.025326819575634617
0.024958938687675472
0.04121453369528682
0.08409457720686135
5.23638334704508e-12
0.001611166085016559
0.09965348248512053
0.07498614076626675
0.16404907319278192
0.13441323516457304
4.4888764341711723e-13
0.13957257950976137
0.1593434153575263
3.766001405759312e-11
0.030494962000036964
0.057330328921547095
0.15233652007936477
0.0034318731976942032
6.24190209945922e-11
0.02363747510454189
0.06210821199457079
0.16623494810295225
0.1276960861149069
0.06755629323150744
0.09839207577531464
0.08380970569004771
0.03462579949667326
0.017647969893784882
3.056391901704434e-13
2.2786701322552154e-12
0.04254549991634351
0.01582226912455518
0.019670639626968852
0.06847565393076178
1.565412541443865e-12
0.04336349145135316
0.04976880688442496
2.222990189276365e-10
0.0708231488460158
0.0035944218859942185
6.631253750259831e-12
0.04394391187672236
0.1344820001520236
0.05198861310195542
9.642855770227992e-11
0.1272129987910273
0.1370501267996557
0.015905084141869245
0.12958737994956515
0.09180394579707463
0.09077804790595752
0.08724707861654853
0.09119710722848667
0.10734699832108922
8.283626264107399e-13
4.775172278999722e-13
0.15061496848613265
0.12231271072000689
3.461656613109945e-13
1.0851066129035144e-12
8.586087646010991e-13
4.0076028309431243e-13
0.056720880645793406
0.1012373082205114
4.4535583016340577e-13
4.226422236276216e-13
7.373458172261106e-13
0.11725920896349167
3.238327464574024e-13
0.07232981282162815
0.15449363272230307
0.16260741914375962
0.011221442069609754
0.00039639434687016123
0.014786659095200636
0.08683757482598702
1.2626059672768328e-12
1.2617888199702309e-12
2.861759674199576e-13
2.574945447154786e-13
0.04831139075710293
0.037541332669126945
1.5987576887225244e-13
2.1676146150195074e-13
2.9091180524851354e-13
1.9924934295461168e-13
4.700022004676187e-13
8.828512061125609e-13
1.5109238914279966e-13
1.5108765252500348e-13
1.7869058823041636e-13
0.10023139768326338
1.2971752709416543e-13
0.11964549289650929
0.12052635408923383
0.10155169882474875
0.06863083986515112
0.1354437202440817
0.055757161455871826
0.09792630049170233
1.4261326658187823e-13
1.68367205646834e-13
3.5347957724731177e-13
2.525200136174414e-13
0.0814011078289857
8.439621411073656e-13
1.7782238415981508e-13
2.7386899460560904e-13
4.954659611352084e-11
2.9027358934939534e-13
1.0165519946294708e-10
0.03616122308827909
2.32126682860837e-13
1.923788620014812e-13
2.3446273449850543e-13
0.09880293032309842
2.359903941018508e-13
0.0623699915333657
0.06926634927776139
0.12490898370496809
0.09913145731871092
0.01200575163902032
0.16282506794431317
0.0912379815332942
1.7750440086022663e-13
2.1000101691422747e-13
0.021352969776000798
1.1651624545659138e-12
0.10791885518372638
0.15954148888076614
5.820346984101885e-13
0.06292425061570317
0.14801185109509066
1.2674126777148709e-12
0.028193989126425328
0.08209904152553636
4.34114900094364e-12
1.1841490820930976e-12
0.037482318938916195
0.010483371646455483
1.5142997310355413e-12
0.04143023196210024
0.11435832067962179
0.0723103569255998
0.0600329299427242
0.07236268240994934
0.07860790419097355
0.07737575173477712
0.07585487584183212
0.15611255905383736
3.862256110572421e-13
2.0012777682909783e-13
0.08130359305262472
0.10126823271011251
1.042604343016735e-7
4.3200722743449365e-11
6.090718620292595e-13
8.651454795354339e-13
0.029427879501159875
0.16749985981157556
0.048146542571469365
8.368361175526351e-10
0.058650599709176424
0.11801369106280962
0.04122603013372861
0.0074144706347591
0.13689566668690198
0.13744668385895142
0.13690214987027044
0.04978875736755156
0.0514537278476729
0.1041379644791059
0.13562027266574797
0.1419953598060416
1.3786721467319295e-13
1.1836169711069281e-13
7.326579824037095e-13
0.07556112268884731
2.468855418671599e-13
1.1200518239977955e-12
1.4370096013771983e-13
2.386053730463654e-13
0.003940640780026745
0.16023465703726014
0.02160570816862862
0.03960622969315922
0.037239675221971066
0.03880250960747673
7.062722549108265e-10
1.0667256097800582e-9
4.905489509669563e-11
0.13759853807912428
5.2772794087408345e-12
3.811388718614383e-13
1.7821195475729602e-12
0.12442942715363707
0.011153855554851388
0.004770394194562389
2.3151134795456664e-13
1.2279130536594766e-13
1.122143233029599e-11
4.287385500965542e-11
1.990994873269397e-13
2.9909015150539656e-12
2.0575355059654463e-13
3.020965669078707e-13
0.018314573632785935
0.08443339856340419
0.03009095078625263
0.16474862426194128
0.013864505316813222
0.08643760195505701
0.056854713272447906
4.255026308647344e-11
2.599132885282996e-11
0.08867181345044739
7.143671158897686e-10
5.757181172466034e-13
6.448159642094203e-13
0.12149404609720867
0.08294620647307051
0.0648223300204889
---flow_allocation with per_flow_loss---
0.19970766
0.27727308119154787
4.052379265484518e-11
9.69502256253918e-14
0.010815391078657699
0.1026776
0.07655817999999999
1.8331447471098272e-12
3.2842201180827146e-12
2.7583491046812014e-13
4.948819132266635e-13
2.247160790780356e-13
2.380595720552492e-11
2.62907751125141e-13
0.07773375860698345
0.1663877190391089
1.0488321322554839e-10
0.023741282938878006
7.862044348883046e-13
0.08072972461763996
0.22150413888382275
1.8903212328780228e-12
1.1690648449302898e-13
2.148281552649678e-13
0.105566605
0.15696840647222426
0.05385762921371956
0.13346908999999998
1.6570078642530461e-13
0.06483697
0.19455936957391226
2.0234466879820445e-10
0.20064510200685673
1.2131962101591398e-13
1.0338084555083782e-13
9.214851104388799e-14
5.616618281578667e-13
1.0824674490095276e-13
6.336951713370453e-9
1.4824252936307403e-13
1.2466694343515883e-12
5.707240235963695e-13
4.018174681874598e-13
6.177836020526684e-13
1.9404443329928966e-12
2.864375403532904e-13
1.0344503031944896e-13
8.3322237998118e-14
0.1156499886765645
1.6936462025191057e-7
0.051563618
1.1490669526992292e-12
0.061593975983911586
0.30132221160329886
0.045205646055283835
0.1287103
0.19377678
1.1114365261466475e-9
0.13180567770397436
0.003542722694395317
0.060740437
1.3287190792077297e-11
0.12646680000000002
0.2785258
0.27556525
0.054459137
0.062192513
0.14098497000000002
0.15384457
0.07863578
0.017104825867651552
1.9006507478991352e-10
0.28270301781793683
0.10953874682343853
0.230496494575695
0.2067733658840837
0.318656619178875
0.1860330690783161
0.2930812093059238
0.22175429
0.08415148
1.1051853876509199e-12
1.6424223092670331e-12
0.27253974219614985
0.12811716999999997
1.796244264440361e-10
0.0026055751802516666
0.24204708671363545
0.3197867212464496
0.041563736010398124
1.1793344079080725e-13
0.15243475005845405
0.0451423702337594
0.0789075
1.6788480328155941e-13
3.9643288651802777e-13
9.00390872971002e-14
3.351208199831035e-13
2.1738166822160565e-13
0.1136829297942688
0.08763802972272702
6.604716773495056e-13
0.1267024
0.1002471066351739
0.17667497980642266
1.8887669206435476e-13
1.8976530416492388e-13
2.6037505485021484e-13
2.9283520053269285e-13
0.2294725537442465
3.053529651353415e-13
2.7287894166505566e-13
2.7883251263460807e-13
2.5662805214210493e-13
1.9259593919684903e-13
2.576272528642676e-13
2.68667033065384e-13
3.938516179857743e-13
1.2098655410852643e-13
1.196646948198321e-13
0.09929865928459061
1.7760792836440942e-13
0.04282632756160398
0.28051218
0.28449094
0.0088029175
0.049027157
0.30445227
0.27488806
0.08457735
0.12007868999999999
0.17369331117664816
0.02956729
0.30482
0.0074977176594027695
9.412054469137843e-13
1.9081403124232565e-12
1.3675172105820366e-12
8.475720125744601e-13
6.800532359463318e-13
1.8869905638041473e-12
0.2993948998580487
2.811709198802248e-13
7.277511926417901e-13
0.11401328
0.23444689999999999
0.21070167882538227
0.29855034660631746
0.1661602
0.005235865563690739
0.12387747
0.11182724321733163
0.009649162109983164
1.105920910404734e-12
7.959050085659669e-13
2.2104193475591671e-13
5.069195063711618e-12
9.11160036309866e-13
0.027782856878934503
0.23114295857610279
1.0080825063596421e-12
3.413837268428921e-11
8.013034680232067e-13
0.07682478154916782
8.79442352275106e-13
1.123878767828046e-12
1.0502709812953981e-13
2.058214709776962e-13
0.016442116
0.14814554000000002
0.25849287889451056
0.1412503995585547
0.25499744999999996
0.11030578897011815
0.051870018000000004
0.15024348023023462
0.12232560669831265
4.1175396425785493e-13
2.741468163591776e-11
3.53855833523653e-13
8.944484042316958e-12
3.5482727867020003e-13
0.007758195745156571
1.3523935118477104e-12
1.943695204786877e-12
3.108208135316204e-13
3.0395130856675223e-13
5.809241976351132e-13
8.52595771760889e-13
2.2379875730393906e-12
1.0716427745194324e-13
2.1319057630364568e-13
1.1418921364025891e-12
3.4748866110934085e-12
0.04624342488138246
0.069705795
0.012398003909186505
0.3087085
0.13368139323260125
0.022186491876420293
0.19760468
0.0774261220443207
0.06438242836907021
1.3310810786926197e-12
0.096402435
0.08064929233591787
0.23594794669089486
0.15690609888062704
0.03831054209373312
2.4781232621506888e-11
6.292697612986231e-10
0.18944468413446536
0.26196447667046313
0.028878742
1.883454947559926e-9
7.286393710614902e-13
2.9297660825156058e-9
1.5130280361930204e-10
0.16831580790633452
0.18896506999999998
0.19711646448203615
0.083431145
0.09971542476789803
0.2277830253345048
0.30971008
0.15724507515686634
0.14883684446807463
5.145056602984255e-11
0.17764698999999998
0.30863190011589164
0.21565059670300893
0.22245807946253926
0.16578545518219837
1.5989554602580114e-7
3.7625458304546555e-13
0.1340105545804941
0.11307489792115029
0.2583276
0.1430750343134491
0.12036335668968542
2.4580337765200966e-13
1.5001888620247428e-12
3.7173042422011804e-13
0.07828306619234875
1.899730373011721e-13
0.12629909962564412
2.046182667747587e-12
4.3692827134123036e-13
0.048892643072740896
0.13260766349603362
0.29799173
0.29296140000000004
0.04266476
0.028992939
8.788678118598625e-12
0.1228881951862189
2.1888602041997274e-12
4.44061454274447e-13
1.9118040484045196e-13
3.799668912840559e-13
1.1072254224586686e-12
0.07425912839527885
4.3588188614052115e-12
6.116346318307819e-11
4.134748099460239e-13
1.0144662887512368e-13
8.855222111137095e-12
0.20112644059118417
1.9480597690524348e-13
0.13275495976042984
3.2059355170588333e-12
2.417677169574972e-12
0.045889997321736
0.2962374948148193
0.15426917
0.18081596
0.22111766
0.027324528
3.020465821901297e-12
1.3734846593393968e-12
2.9630742304220803e-12
5.718481244088025e-13
2.007283228522283e-13
3.032574191763615e-13
2.445738056522373e-12
6.805910002238846e-13
0.28922236424821235
0.0894416831126642
1.558059237183329e-13
7.027711745877241e-14
1.2445589003817759e-10
0.1109349933763346
1.492694856608523e-13
0.2915463908411905
1.549316230864406e-13
2.5260349367783874e-13
7.689959780066147e-13
1.0129813654558006e-12
0.04018213994051266
0.08408398691642728
0.061902763
0.28018599578372483
0.07263910683089164
1.1833103941150114e-11
2.519928710142949e-12
2.15411022352896e-13
6.292327769941153e-13
2.6830274113542885e-13
0.18685642495993873
0.30809472575443103
0.21348005906870926
0.1803233490807283
1.041000619039778e-12
1.7746915048633127e-13
0.05744333044284804
0.021671919878657273
2.8997193535218457e-11
0.23213519926921944
5.250161416725518e-12
0.055164230837955866
0.17967614988203146
0.20581868
0.05859351846493702
0.07072873448027395
0.05426731278038024
0.13604574212325027
0.112936258520127
0.029336869921024925
0.2050808296763436
2.0284022644867505e-7
0.1324205224335115
0.31861078052392516
0.2138364246661798
0.305342
0.2569981832090352
1.048430203764994e-9
2.5576762929802044e-13
1.0827450047656839e-13
5.53862511409875e-13
0.061114027629107
1.3035822421514354e-11
0.1286500399947619
2.5375521128800926e-11
0.24798657359054452
0.021931643145392157
0.10596838890541337
0.044472843
0.09318852
0.093938354
0.17910403
1.077678501992807e-10
7.927512812866411e-13
2.694955369975105e-12
2.383371278114055e-13
1.763311718860905e-13
4.549416399157735e-13
1.1465550731060148e-12
0.26105109833260093
3.116346070086706e-11
1.5096285332916182e-11
1.7084667014444221e-12
0.006582765811319276
0.07413198
0.2102092388791273
5.320743845516063e-13
0.12469584535050872
8.972961262898593e-13
0.0031981092411258807
0.25167174768243655
0.25661925976633143
1.3755354494326966e-11
0.23296857061934353
0.1686608190577721
0.017683617000000002
4.438229506131819e-10
0.09125153
0.030218369
0.25157215986239645
0.048204006
0.047503826
0.07844276
0.16005545000000002
8.412076590857964e-12
0.0030664987105323885
0.1896683890075481
1.645350522494482e-13
0.31223117
0.2558258992701779
4.063728520353749e-13
0.24916837561721025
1.9826362773756045e-12
2.487177130916507e-12
0.05804042338601221
0.109115616
0.28993891262120286
0.006531812480800549
1.0576123310457319e-10
0.044988712
0.11820926092517643
0.3163915
0.24304129
1.4393763958508998e-12
0.18726758000000002
0.15303523008894798
0.06590256
0.03299979156719526
3.2345653933063545e-13
2.3953061756287752e-12
1.639216540283428e-12
0.025709941105119483
0.037438716999999996
0.13032827998987445
5.208056208516609e-13
1.4142575999187557e-12
0.09472392925051606
4.2122527688093214e-10
0.13479621774839473
0.006841159103302599
6.947265299931532e-12
0.0836375284080376
0.2559567782624148
0.09894883327847402
1.7978502020454812e-10
0.24212184
0.26084464
0.030271813999999998
0.24664095
0.17472853
0.17277596
0.16605554
0.1735735468439333
0.20431129679323504
7.898126597183364e-13
4.514860707516277e-13
0.21726307974858522
0.23279522420053161
2.556288514199423e-13
3.207434318142077e-13
8.154588115871775e-13
3.14290260483574e-13
5.456121665581293e-12
5.305272887667911e-11
4.2117698217936095e-13
3.339013093794918e-13
6.107336858462986e-13
0.09668208170987394
2.5174307083375425e-13
0.1376637806260452
5.225819776910612e-13
0.1873107674024508
5.268251113133005e-13
0.0007544490700000001
0.028143139
0.16527613950878545
1.2332357357536239e-12
1.247058012410207e-12
1.735851046236192e-13
1.4999113062685865e-13
0.09195005961755463
8.651412919391532e-14
1.3386514119417825e-13
1.9617640845126516e-13
1.7429807597224567e-13
1.4835355166553654e-13
2.3023249973164184e-13
3.2573943542502093e-13
1.3561374245796287e-13
1.609823385706477e-13
1.4915846335838978e-13
0.19076832291780377
1.0978024045371626e-13
0.22771870005622796
6.60292931442541e-11
0.19328122446798465
0.034894318930358964
0.2577872
0.10612137793973585
0.18638107964379902
1.734723475976807e-13
2.241540286718191e-13
4.1609771184170086e-13
3.0800362260663405e-13
0.15492902606543532
1.2161938123256277e-12
1.492694856608523e-13
2.9307459237237765e-13
9.413175794392714e-11
2.962057682465158e-13
1.9320417488088992e-10
0.06882489960890331
2.9859448247293585e-13
2.345901251032956e-13
2.778888230636767e-13
0.18804955086660502
2.947087018867478e-13
0.11870750044681022
0.13183319389722756
0.23773665627283466
0.1886747514486302
0.022850296
0.30990154640921547
0.1736513420532519
1.9709234244658091e-13
2.757100103778498e-13
0.04064066078678114
1.010632549869328e-12
0.2053997
0.30365197905203245
3.4669489501482076e-13
9.731937478107966e-13
0.281707860591705
1.7264523144433497e-12
0.05366102977402426
0.15112198038621405
6.214528891490545e-12
1.7422591147564503e-12
0.07133931371136655
0.019952777314531628
1.4944712134479232e-12
0.078853294
0.2176558
0.13762679
0.11425942
0.13772638
0.14961269704482086
0.14726765
0.1443729987213489
0.29712576862754475
4.814950521625505e-13
1.4727108421652702e-13
0.15474342820623835
0.1927417085579165
2.10997885830011e-13
8.012022989500878e-11
5.437178485223626e-13
6.471420621600998e-13
0.0321739839156469
0.3187985271793339
0.09163630751415126
5.2868820432649954e-12
0.11162845977695755
0.22461298999999998
0.07846464093058848
0.014111806886801675
0.2605506592965754
0.261599398756345
0.2605629986023106
0.09476190058938302
0.09793080404369507
0.19820360979701743
0.25812322853164804
0.27025679855370055
1.1371459329723166e-13
1.038613639536834e-13
1.1649847753147924e-12
0.14381390448871983
1.2823075934420558e-13
1.8227086506783508e-12
1.280642258905118e-13
1.6797674362578618e-13
0.007500138895083469
0.30497122243182684
0.04112169248386165
0.07538170862919914
0.070877495
0.07385149004756922
1.3440802359987458e-9
2.0289358526603962e-9
9.310674453644197e-11
0.2618884197178012
8.978165433326524e-12
5.533791740813809e-13
3.202882403741114e-12
0.23682392631962326
0.0212289
0.0090793915
2.6650903706126883e-13
1.042499420123022e-13
2.1135315719789105e-11
5.052791518522781e-12
1.7726098366921406e-13
5.06905628583354e-12
2.5636437417375646e-13
2.741418203555668e-13
0.03485774294716201
0.1606998099719994
0.05727147729319832
0.3135626109190078
0.026388023
0.16451488
0.10821038668192899
6.258202289721737e-11
3.782561763809866e-11
0.16876720801007547
1.3585127189852386e-9
7.010503288995551e-13
7.777667399011534e-13
0.2312370769466144
0.15786978
0.12337498499999999
---weights per flow per tunnel---
0.500000074508431,0.4999999254915691,0.0,0.0
0.9040756628720086,0.09592433712711869,4.5235083246272676e-13,4.203724019127687e-13
0.9999999992616441,1.0210041957209087e-11,7.197034845169536e-10,8.442453465865857e-12
0.9999999999995732,4.2676933298689357e-13,0.0,0.0
4.447438709780122e-12,0.2349720564637402,0.7650279435187715,1.3041061529177746e-11
0.9999999999828826,1.0133194897524138e-11,9.752552308872198e-13,6.008985100523483e-12
0.9999999042812773,9.57164259401858e-8,1.0602803073233373e-12,1.2366750241889352e-12
0.3001983719218929,0.39956849021054097,0.23506841068759135,0.06516472717997485
0.06603858635608212,0.5603046133003363,0.16817193937891817,0.20548486096466337
0.6592455571018327,0.15746482480322535,0.18328961809494193,0.0
0.0989548171084665,0.3634698633295988,0.3748020708298828,0.16277324873205185
0.329334338844565,0.382217908524828,0.288447752630607,0.0
1.0937537209200082e-10,0.9999999998824437,5.699700636711975e-12,2.481201416240633e-12
0.6148118090992308,0.18166140163568678,0.20352678926508228,0.0
1.147552692256174e-11,0.999999999984777,2.0609931046971054e-12,1.6865412378823514e-12
0.9999999999964201,1.0952088439514282e-12,1.541270677260794e-12,9.433412813295132e-13
0.3914309336004262,0.6066828238327574,0.0010488645502600045,0.0008373780165564184
0.9999999999335631,6.64369179651142e-11,0.0,0.0
0.89005889928776,0.10994110071223989,0.0,0.0
0.9999999999836569,1.47497350528811e-11,1.5933823574738733e-12,0.0
0.999999999984529,1.42033538619765e-11,6.908880565273704e-13,5.766079455301809e-13
0.6163851572989033,0.14026065374349722,0.19680054411485043,0.046553644842749
0.6143042188276551,0.38569578117234493,0.0,0.0
0.4440837772654203,0.24577391662705536,0.31014230610752425,0.0
0.7798626053871262,0.22013739461287385,0.0,0.0
0.475583959867036,0.524416040132964,0.0,0.0
0.9999999999903268,9.673117826171465e-12,0.0,0.0
0.9999999999981636,1.8364746753736696e-12,0.0,0.0
0.9999999999993963,6.038640483807088e-13,0.0,0.0
0.4997865239139572,0.5002134760860429,0.0,0.0
1.1024119421387267e-7,0.9999998897588057,0.0,0.0
0.9979298069925372,0.0020701930074627016,0.0,0.0
4.611844328250936e-12,0.9999999999953881,0.0,0.0
0.4628860201797845,0.5371139798202156,0.0,0.0
0.5669504612700008,0.43304953872999913,0.0,0.0
0.6286248476360553,0.3713751523639447,0.0,0.0
0.6452845590381429,0.35471544096185714,0.0,0.0
0.7909099027224671,0.20909009727753297,0.0,0.0
0.9998582097963158,0.0001417902036842438,0.0,0.0
0.9986744414200558,0.0013255585799441508,0.0,0.0
0.5809011366629454,0.41909886333705465,0.0,0.0
0.6892080976643318,0.3107919023356681,0.0,0.0
0.7078890167495542,0.29211098325044577,0.0,0.0
0.6954934320334619,0.304506567966538,0.0,0.0
0.9999999998265494,1.7345055822823232e-10,0.0,0.0
0.6487814910791662,0.35121850892083384,0.0,0.0
0.4126122260852412,0.5873877739147588,0.0,0.0
0.6549870751815604,0.3450129248184396,0.0,0.0
0.9999998906804564,1.0931659631031377e-7,1.6981811318440378e-12,1.2492302163401717e-12
0.9999972512393432,2.748760656725923e-6,0.0,0.0
0.999999999975263,2.5175925045923583e-12,1.606373466055315e-11,6.155699154095399e-12
0.9999999999632556,3.67443504785236e-11,0.0,0.0
0.44223232361712017,2.117469654135584e-12,7.80181353724803e-11,0.5577676763027442
1.9873153401519152e-7,0.9999998012669495,8.834830712872137e-13,6.330011135696676e-13
5.2875766837916364e-9,0.9999999947005852,5.555870980218757e-12,6.282309573858816e-12
1.8983780590425106e-8,0.9999999810124306,2.954350103287487e-12,8.346413201665954e-13
0.9999999523655662,4.762972259128284e-8,2.682468405387807e-12,2.0287087785055283e-12
0.9987869522719205,0.0010596001644503745,0.00015344756362901656,0.0
0.9999999999799448,1.270683143030593e-12,1.759632437607069e-11,1.1882541752632742e-12
0.999999999616112,1.1560396302879752e-10,2.682841485477275e-10,0.0
2.0118902737285357e-11,8.012473838389697e-10,0.9999999991729156,5.718229562660574e-12
0.020823201855777133,0.38143023348571825,0.5977465646585046,0.0
0.9999999999875228,2.7853093622454602e-12,4.739876885656308e-12,4.952113332780228e-12
0.9999999999885802,3.7506960626499e-13,8.522059362509612e-12,2.5225278478313963e-12
0.9999999997435537,2.469122245470461e-10,8.673999850807974e-12,8.599550798229378e-13
5.37075442391641e-7,0.9999994629245577,0.0,0.0
3.045687768041854e-11,0.999999999969543,0.0,0.0
0.9999999999859016,8.370565973042869e-12,5.727985455788198e-12,0.0
0.9999999997976553,1.9674237999869087e-10,8.520760214696713e-13,4.75025950696458e-12
1.0363733912275816e-11,4.692920688511663e-10,0.999999999510102,1.0242246569252073e-11
0.9999999999301903,6.980971241588787e-11,0.0,0.0
0.08780902227943152,0.0013192049560511493,0.9108717727645174,0.0
0.9999999999974671,1.0199257737499888e-12,6.795101466114308e-13,8.333992128561839e-13
0.9999999999973147,2.685227947232767e-12,0.0,0.0
0.9999999837255569,1.627239782585729e-8,6.005242746073508e-13,1.4447647047037134e-12
0.9999999999964073,3.5926725645263616e-12,0.0,0.0
0.5871692135715615,0.4128307864276261,4.189195508707201e-13,3.9332947167929166e-13
0.9999999999942392,1.5147409800403461e-12,2.6407661725913854e-12,1.6052638198390709e-12
0.9999999993662594,7.603513052677173e-13,6.221180212206497e-10,1.086246344138022e-11
0.9999999687501663,3.1249064877120786e-8,4.3603919885206614e-13,3.3284639744323323e-13
0.9999999999810713,1.6700497109754282e-11,1.3263744798498826e-12,9.017298796344606e-13
0.325066544344496,0.6304535457090575,0.044479909946446385,0.0
0.4964593506614819,0.43315320760459985,0.030323795804570404,0.040063645929347906
0.9999999999979678,1.6399225636636583e-12,3.922639162208122e-13,0.0
1.5325822676845783e-11,0.999999999982437,1.614887228099466e-12,6.221383415553049e-13
0.0350211763614769,0.9640896348055111,0.000889188833012047,0.0
1.6624126847741155e-9,5.107601451350154e-10,0.9999999977702143,5.6612959389211524e-11
1.7739360100774713e-11,0.9999999999730701,8.704488951451758e-12,4.860921303517355e-13
0.9999999999385624,3.6772155242740074e-12,5.734011444330359e-11,4.202354430470983e-13
0.9999999999722895,2.7710579100525042e-11,0.0,0.0
0.9999999999992,7.998976547155948e-13,0.0,0.0
0.9999999999930905,3.813141153154591e-12,3.0963502928082563e-12,0.0
0.9999999999563265,2.7344358017846265e-11,1.340692865925543e-11,2.922388422932489e-12
0.9999999999808362,2.6385985572744517e-12,1.5468281688812417e-11,1.056901808753357e-12
0.858598695794511,0.141401304205489,0.0,0.0
0.1048254508783203,0.12058214083350785,0.7745924082881719,0.0
0.9999999999996639,3.360703108796529e-13,0.0,0.0
0.9999999999984984,1.501595185782598e-12,0.0,0.0
0.3978729831065134,0.6021270168934866,0.0,0.0
0.9419132694272849,0.05808673057271509,0.0,0.0
0.9999999999854596,1.454039569837685e-11,0.0,0.0
3.0605302181402718e-12,0.9999999999969394,0.0,0.0
0.9999999999986245,1.3754222597745254e-12,0.0,0.0
0.9999999998512302,1.487697326667172e-10,0.0,0.0
0.9999999999990062,9.937578137730812e-13,0.0,0.0
0.9997875540667075,0.0002124459332925142,0.0,0.0
0.9500608227355789,0.049939177264421146,0.0,0.0
0.5515855562264895,0.44841444377351053,0.0,0.0
0.9999999999965057,3.4943076834097613e-12,0.0,0.0
0.999999999999258,7.419347630153456e-13,0.0,0.0
0.4930547825185441,0.5069452174814559,0.0,0.0
0.4811801772858258,0.5188198227141742,0.0,0.0
0.9745063424965,0.02549365750349997,0.0,0.0
0.4791119431549015,0.5208880568450984,0.0,0.0
0.44251268067948674,0.5574873193205132,0.0,0.0
0.5961951148191557,0.4038048851808443,0.0,0.0
0.4589990791815162,0.5410009208184837,0.0,0.0
0.9999999999817093,1.829062811232908e-11,0.0,0.0
0.5103397382928387,0.4896602617071612,0.0,0.0
0.4837029803443494,0.5162970196556507,0.0,0.0
0.42718767351221454,7.949260094820194e-13,1.134678400978368e-12,0.5728123264858559
0.9999999999990835,9.164725680202774e-13,0.0,0.0
0.9999999975892921,4.5319383361336705e-12,1.3347789797448736e-11,2.392827982225266e-9
0.9999999018647874,9.813412268248574e-8,5.727235239915339e-13,5.173209004639683e-13
0.9999999999978121,2.187969568990695e-12,0.0,0.0
0.9999999998551411,1.0869304712779904e-10,1.989544436934461e-11,1.627046640257272e-11
0.9999999325280866,6.746705128261494e-8,2.6132804555376355e-12,2.2488350971104492e-12
0.9999999999395593,5.81230495702728e-11,1.9219757571187097e-12,3.9561963474270655e-13
0.9999999999873623,1.1641718958479868e-11,6.484160690742115e-13,3.4747676074519096e-13
4.648667492656903e-12,0.9999999999934405,1.9109956913145464e-12,0.0
0.999999999995364,1.6007026586200239e-12,2.254393697185044e-12,7.809704911090025e-13
0.7641133338071349,0.2358866661919153,9.497955184947803e-13,0.0
0.9999999999472251,1.701472207466616e-11,2.8009472513364493e-11,7.750731788401931e-12
0.9999999999986059,8.678296926911667e-13,5.262742840387186e-13,0.0
0.9999999998155192,1.0632486406888024e-10,5.87361524533105e-11,1.9419707774503694e-11
2.6191278023928946e-11,0.9999999999576076,6.273164656451757e-12,9.927980331441404e-12
0.9503034699010288,0.004442667582684751,0.021094014452031327,0.024159848064255033
0.9999999999952566,4.743401544391725e-12,0.0,0.0
0.99696975314266,0.0030302468573400786,0.0,0.0
0.10498497484824625,0.3177070384944163,0.5773079866573374,0.0
0.056282914442546884,0.23468110013815022,0.4589759135591603,0.2500600718601426
0.9999999999928437,5.697411488708368e-12,1.0922890987202477e-12,3.665264256486389e-13
0.5976901873246094,0.40230981267539057,0.0,0.0
0.26129989898140854,0.3532128404505798,0.38548726056801164,0.0
0.9999999999848166,1.1100410671225666e-11,9.619968432344863e-13,3.121017086596641e-12
0.5078547900434294,0.49214520995657063,0.0,0.0
0.9999999999956696,8.714068281004963e-13,2.838729350483466e-12,6.202874688050249e-13
0.9999999999962452,1.6736756810838853e-12,9.841093465600438e-13,1.0970726022429889e-12
0.9999999999988066,1.1933889137508162e-12,0.0,0.0
0.9713089283817664,9.734605016555296e-13,1.9156500594009107e-12,0.028691071615344635
0.9999998899647412,1.1003396396437478e-7,6.057907204700817e-13,6.891354328428778e-13
0.9999999999854434,4.683762207165388e-12,8.022924420771245e-12,1.849796775175376e-12
6.832510105265274e-11,0.9999999998653175,4.777958784697359e-11,1.8577905652694748e-11
0.11552257770069348,0.781230809227272,0.10324661307203457,0.0
0.12892472341566866,0.6560609810455474,0.12929983870387884,0.08571445683490493
0.3871947527693816,0.2779850952903506,0.33482015194026776,0.0
0.08797453568153239,0.8992389832862631,0.0031680752240562117,0.009618405808148442
0.7490941950425497,0.12032326287615194,0.13058254208129833,0.0
0.9999999999607722,9.987595927120457e-12,6.665601279714286e-12,2.2574746909715443e-11
0.9999999999896859,5.856180872246955e-12,3.782577319088254e-12,6.753068107720623e-13
0.7938832646290384,0.12662234324708954,0.04317644721701453,0.036317944906857594
0.03570403764544013,0.9642959623545598,0.0,0.0
0.17290907515634224,0.8270909248436578,0.0,0.0
0.9999999999075673,9.064796971182742e-11,1.7846892964170437e-12,0.0
0.5671927395033024,0.238556114531575,0.10940135634589848,0.08484978961922411
0.5034001115230988,0.0635286180413349,0.1971710168602055,0.23590025357536068
0.5120134113621418,0.4879865886378581,0.0,0.0
0.44466472407616325,0.30969293562513245,0.24564234029870435,0.0
3.9906141879721605e-9,0.9999999960008932,4.2234160436134996e-12,4.269448736877483e-12
1.3770833571778148e-11,0.9999999999862291,0.0,0.0
1.6273937469233786e-12,0.9999999999971857,6.257595826852935e-13,5.61233482476501e-13
0.9999999999892847,1.6458405761204045e-12,5.7541863351085066e-12,3.3151567555034373e-12
0.999999999999175,8.250306393599581e-13,0.0,0.0
0.9999999999837726,1.402543812340938e-11,8.913860529961959e-13,1.310622002765955e-12
0.9999999999791874,1.8090334007358862e-11,1.4046885202281601e-12,1.317593003115673e-12
0.9999999999887769,7.95159863027265e-12,1.3120871232866465e-12,1.959543110438991e-12
1.4781082588652903e-12,2.0527405899517667e-11,0.2903040921619152,0.7096959078160793
0.7018860481639916,0.20568932780940785,0.09242462402660054,0.0
0.9707952236258153,0.022665120259833922,0.0022877883994801766,0.004251867714870568
0.5378005221230099,0.34355178939424436,0.11864768848274575,0.0
0.9999999999476611,4.8856963965455566e-11,1.420594640352407e-12,2.061313951970605e-12
0.7094249027621129,0.18800813114580991,0.10256696609207736,0.0
0.9999999999125496,3.734767450846336e-11,2.2313009595404757e-11,2.778959449881463e-11
0.1875434822787732,0.11175140784827649,0.14928153453317117,0.5514235753397791
0.1589767862423354,0.0848445520459475,0.07360868614277244,0.6825699755689446
0.3634320236194231,0.6365679763805768,0.0,0.0
0.4265777280980951,0.5734222719019049,0.0,0.0
0.3554123506557776,0.27010665575165366,0.3744809935925687,0.0
0.14997432495930538,0.0534179547936294,0.7318584529110369,0.06474926733602845
0.5529547251080134,0.06938855528935554,0.24545465829498175,0.1322020613076494
0.5732179346009247,0.4267820653990752,0.0,0.0
0.28575756700253757,0.2909513052361714,0.423291127761291,0.0
0.32862963309562226,0.43612939903033787,0.0919889302175669,0.14325203765647285
0.8997853355723451,0.10021466442765499,0.0,0.0
2.5863980012453988e-11,0.9999999999651595,6.853208591905467e-12,2.1233159978344896e-12
0.9999999999948005,2.601041577980726e-12,1.043582543482037e-12,1.5546913076178062e-12
0.9999999999779038,2.2096188445097832e-11,0.0,0.0
0.9999999999918131,5.688926235976767e-12,2.1544059328955706e-12,3.436931643503618e-13
0.21639907095492025,0.7836009290405295,3.1680862837231337e-12,1.3821702659524416e-12
0.9999999999426309,2.4389492643464377e-11,9.499953838963044e-12,2.3479575764821433e-11
0.9999999999941916,4.1263784764913206e-12,6.808790792392513e-13,1.0012544481362829e-12
2.6019478528628103e-10,0.9999999996612374,7.856789530899833e-11,0.0
3.0498149876984764e-8,0.9999999694787667,2.179810276109602e-11,1.2853416225594947e-12
0.2523558690538615,0.28426081429750594,0.46338331664863264,0.0
0.9999956847646843,3.563188955998911e-12,4.315230258359035e-6,1.4941752038108044e-12
0.9999999999099641,2.7291046423756233e-11,6.27447825067286e-11,0.0
0.1866934702948524,8.916302903317972e-12,0.8133065296951639,1.067398882618411e-12
0.9999999999911978,3.3456223980929902e-12,1.9688152956318848e-12,3.4877272592761126e-12
0.9999988213074422,2.6131142697818507e-11,1.1786623177456768e-6,4.108979800817793e-12
0.9999999998435255,1.564745805205891e-10,0.0,0.0
0.9912444570735798,0.008755542926420286,0.0,0.0
0.250026579178633,0.7499734208141607,7.206311069338158e-12,0.0
5.158092676814739e-9,0.06884797732825682,0.9311520175125572,1.0932500915601523e-12
0.9999999999778917,7.890060393059857e-12,6.476388455201517e-12,7.741853077121437e-12
0.9998129162389146,0.00018708376108536826,0.0,0.0
0.0026757880862858857,0.0017638146164478926,0.9955603972972662,0.0
0.9996761820429627,0.0001347874847750167,9.519047467821664e-5,9.38399975839186e-5
0.011042021894965597,0.9889579781050344,0.0,0.0
0.9999999999932161,2.841276756219795e-12,6.709239670310146e-13,3.271569031550429e-12
0.9999999999527871,1.027179501912897e-12,4.575390356128284e-11,4.318799222529661e-13
0.9999999999991478,8.521470402397219e-13,0.0,0.0
0.999999994504073,5.492695996332513e-9,2.1347248732339888e-12,1.0963033413107698e-12
5.807168954455221e-12,0.999999999911264,8.112484061001388e-11,1.8040407388821137e-12
0.9999999999751227,1.0791448015282365e-12,2.5445414201515463e-12,2.1253725876494257e-11
0.9999999999963721,2.169714074930759e-12,5.619283784293717e-13,8.963907797094992e-13
0.9999999999682313,2.333613631802036e-11,8.432744872386412e-12,0.0
0.22379643103708088,0.4510941319003836,0.3251094370618511,6.843522144828862e-13
0.006554327527872648,0.9660900354245109,0.02735563704761639,0.0
0.9999999999890601,1.5660234117554318e-12,8.124053087274647e-12,1.2499196925334465e-12
2.7659658844875744e-6,0.9999972340243274,9.788227931575737e-12,0.0
5.262748676103254e-7,0.9999994737066916,1.4641090877149895e-11,3.799650827594703e-12
0.6011150483574491,6.213411781707518e-12,0.3988849516348149,1.522517608541799e-12
0.6551578915017636,0.34484210846968033,1.5616418470463426e-11,1.2939577500676094e-11
0.9999974085050755,2.5914949245843726e-6,0.0,0.0
0.9999999999972287,2.771311250726508e-12,0.0,0.0
0.9999999999595036,3.670697611494198e-11,3.789319404847849e-12,0.0
0.9999999999688967,1.3687241647683641e-11,1.3688656527564463e-11,3.7275201372812236e-12
0.9999999999976433,7.977837126961331e-13,9.680920156447318e-13,5.9081191323994e-13
0.9999999999976202,2.379782033171197e-12,0.0,0.0
3.8182938200796454e-12,0.9999999999943633,1.8185081279657458e-12,0.0
0.19736496594129457,0.5949142026546236,0.2077208314040818,0.0
0.0706108413396746,0.9293891586603253,0.0,0.0
0.45911870279042016,0.3864801227942875,0.15440117441529227,0.0
0.4750364301116866,0.524963569887132,1.181506038776445e-12,0.0
0.9999999999983376,1.662519600350157e-12,0.0,0.0
2.6424005751454667e-12,0.9999999999960894,1.2682696357251022e-12,0.0
0.06449720211153691,0.8831285978758365,0.052374200012626625,0.0
8.149775214877699e-5,0.9998942716869137,2.423056093755286e-5,0.0
0.7306315150781523,0.2693684848342351,8.761258553134066e-11,0.0
0.999999713796656,5.32732585888512e-11,2.861500709402529e-7,0.0
0.49999999991550875,2.114372649672785e-13,0.5000000000842798,0.0
0.9999999999986565,1.0347287491618504e-12,3.085831584106212e-13,0.0
0.999999989933159,1.005076739307356e-8,1.607369625823127e-11,0.0
0.9999999992465938,7.497086645000613e-10,3.697507422842491e-12,0.0
0.869352946118987,0.1087354808450141,0.021911573035998926,0.0
0.9999999999951139,3.2112984010222908e-12,1.6747082326233525e-12,0.0
0.7093987901709472,0.2241744955668644,0.06642671426218838,0.0
0.48688173917273075,0.5131182608272692,0.0,0.0
0.6814514048420935,0.31854859515790646,0.0,0.0
0.5456611301275506,0.2570899715424968,0.19724889832995265,0.0
0.46381981722541926,0.4188077660625421,0.1173724167120386,0.0
0.9999999999932349,2.4422547904030174e-12,4.32300392936114e-12,0.0
0.07295217403021723,0.9270478259697827,0.0,0.0
0.9712566385014278,0.026200030312883035,0.002543331185689027,0.0
0.4899234837113251,0.12680743835555974,0.25368207906368045,0.1295869988694347
0.5790834325277147,0.42091656747228545,0.0,0.0
0.9171910098953635,0.04990552978938696,0.021445362218157363,0.01145809809709224
0.9999999999948174,3.4926157632087202e-12,9.302424602945954e-13,7.59685657793427e-13
0.99999999999238,7.620024305796872e-12,0.0,0.0
3.772740941814564e-12,0.9999999999939612,1.2568949500601646e-12,1.0092187382619906e-12
0.04799943397960873,0.885334847740363,0.03585819941544858,0.030807518864579674
1.270898212880687e-10,0.999999999861332,6.492291834331233e-12,5.08588479363861e-12
0.9999999998978353,8.738590265392548e-11,1.1951362446739864e-11,2.8274211104042276e-12
0.9999994314665882,1.0469542144076248e-9,5.674860141813062e-7,4.432698383446064e-13
0.6220942647505942,2.8114861083505267e-13,0.3779057352491247,0.0
0.9999999999982645,1.0894212716087652e-12,6.460701825923961e-13,0.0
0.9999999999011804,9.315005822983321e-11,2.904313086565473e-12,2.765186116122115e-12
0.5000020843729902,0.4999979156250845,1.925265130070294e-12,0.0
0.6456202082230444,0.17227657307579083,0.12285004993399051,0.05925316876717415
0.9999999999916342,5.148660647212329e-12,1.9680931113659044e-12,1.2489325874348293e-12
0.7059910832893403,0.2621097227994211,0.013152949740322174,0.018746244170916467
0.42449384018422626,0.5755061598157737,0.0,0.0
0.6174306695036235,0.38256933049637654,0.0,0.0
0.557460428976526,0.29626252670845127,0.14627704431502267,0.0
0.6357030011415964,0.16607300216561932,0.12273165100883324,0.07549234568395088
0.9999999999640621,1.1161416455072406e-11,1.289946790146022e-11,1.1876997070682475e-11
0.9999999999977432,2.2567676442764673e-12,0.0,0.0
0.9999999999942912,3.844422167139038e-12,1.8644011643614305e-12,0.0
0.5605007869390003,0.23685769557107092,0.20264151748992884,0.0
0.8338659033374572,0.16613409666254275,0.0,0.0
0.9979951246063505,0.0009210764346543365,0.001083798958995157,0.0
0.9999999999976842,1.5551901843344827e-12,7.605400251285756e-13,0.0
0.8746107781470367,0.12538922185296328,0.0,0.0
0.9999999999986114,1.0061470581970602e-12,3.824241447061671e-13,0.0
0.73661468302809,0.13980295373150584,0.12358236324040425,0.0
0.19900084827502626,0.7308759495743152,0.07012320215065855,0.0
0.4052603369141998,0.4316074030304178,0.16313226005538248,0.0
0.42501667712090324,0.1446148016617037,0.4303685212173931,0.0
0.9999999999814799,1.656236121014573e-11,1.9576838292207375e-12,0.0
0.99999999999454,4.115711621779448e-12,1.344153299868324e-12,0.0
0.999999999994897,2.4465737851729995e-12,2.656504592922021e-12,0.0
0.9999999999986038,9.906972534742976e-13,4.054812802924435e-13,0.0
0.9999999999952577,2.1957840671218136e-12,2.546516682786659e-12,0.0
0.04449666082029656,0.9414043860684526,0.014098953111250808,0.0
0.05558080492100268,0.07715970792564127,0.8672594871533561,0.0
0.8857863072108308,0.1142136927891692,0.0,0.0
0.7906695306368147,0.20933046936318533,0.0,0.0
0.2464693174260754,0.4847251114982136,0.26880557107571107,0.0
1.6198320881703143e-12,0.9999999999973912,9.890262253985027e-13,0.0
0.738514895976145,9.963599721833026e-13,0.26148510402285874,0.0
0.99999999999892,1.080063983544073e-12,0.0,0.0
0.999999999998774,4.958260775075692e-13,7.301765032838967e-13,0.0
0.2512273504137481,0.5064316273422542,0.12401155590452663,0.11832946633947118
0.44191927629703676,0.5580807237029632,0.0,0.0
1.0967308058092192e-11,1.9533148247787963e-11,0.9999999999648767,4.622819015008988e-12
2.2602211434131168e-9,0.9999999977226032,1.3778010576951322e-11,3.397796291732394e-12
0.02724500226274851,0.9727549977372516,0.0,0.0
0.9999999999957041,1.704286193506639e-12,1.824212784748792e-12,7.673571435332289e-13
0.8717722425007386,0.05662241421021159,0.04023879521369532,0.0313665480753545
0.9999999999882938,6.0566169055229645e-12,2.8787547491621496e-12,2.7708175089098163e-12
0.9999993566513558,1.7262121358174221e-12,6.4334612087705e-7,7.971426128117953e-13
0.9999999999914034,1.4739146114456597e-12,6.023955661596196e-12,1.0987045705239352e-12
0.04070793597081014,0.9592920640173755,1.1814307043077884e-11,0.0
0.9999999999716616,1.8238022328861448e-11,2.7867688685982663e-12,7.313544057345882e-12
0.9999999999894869,5.109226284749029e-12,5.4040004758274644e-12,0.0
5.2457487157712966e-12,4.07676090545333e-10,0.9999999995870782,0.0
0.8416499323140813,0.15835006762864284,5.458832658403419e-11,2.687666039121374e-12
0.9999999999627353,1.743482857489675e-11,1.526687006718179e-11,4.5630044053837114e-12
0.9999770426828676,1.1390806946615685e-11,2.295730181049268e-5,3.931090521249322e-12
0.9999988573467753,1.1426532247452838e-6,0.0,0.0
0.9999999999970564,2.9436920892214218e-12,0.0,0.0
1.611155372732108e-12,0.9999999988050453,1.193343617543147e-9,0.0
0.05867299440142284,1.4148217513964567e-10,1.6694722817151934e-12,0.9413270054554256
0.9999999999977939,1.2029160423364386e-12,7.034217778148368e-13,2.99822351033903e-13
0.9999999999983838,1.6160974146293346e-12,0.0,0.0
0.026445981005298623,0.0008666474617018779,0.9726873715329994,0.0
0.7759423634800134,0.10966498521147552,0.11439265130851099,0.0
0.7641055105148753,0.23589448948512473,0.0,0.0
0.20228135717851048,0.5476661263795352,0.2500525164419543,0.0
0.7630003611058395,0.23699963889171577,2.4448109247144176e-12,0.0
0.9677981069542313,0.03220189304576871,0.0,0.0
0.9999999999964225,2.3229799061743207e-12,1.2546277402419688e-12,0.0
0.9895430741203243,0.004612398442735807,0.00584452743693991,0.0
0.9999999999985446,1.0680865367787936e-12,3.872300339404655e-13,0.0
0.9999999993782884,4.009526995890156e-10,2.2075885831851907e-10,0.0
0.9999995677232147,4.322571112756683e-7,1.9674002296504065e-11,0.0
0.8988438263133781,0.1011561736863948,2.2702247314530894e-13,0.0
0.975533441454625,0.02446655854468247,6.926769803030941e-13,0.0
0.9999999999967422,2.165486402620336e-12,1.0923081662591891e-12,0.0
4.963484372834289e-12,7.568747831234398e-8,0.9999999243075582,0.0
0.9597121371318404,0.0029166450233426497,0.03737121784481694,0.0
1.1006326721716894e-11,0.9999999999654411,2.3552465389095462e-11,0.0
0.10713181939762949,0.8519345589464316,0.04093362165593899,0.0
0.3534853362643316,0.6465146637356683,0.0,0.0
0.5269764017623639,0.473023598237636,0.0,0.0
0.10841303781309797,0.7384604990742407,0.15312646311266134,0.0
0.10233817103403221,0.5059296127786795,0.39173221618728826,0.0
1.5773830764792235e-12,0.9999999999976099,8.127474965875478e-13,0.0
0.005101933243824025,0.9948980667561759,0.0,0.0
0.9646955550475026,0.011645556380995986,0.023658888571501575,0.0
0.9999999999902066,6.878503183192077e-12,1.2367231814498223e-12,1.6781618322554698e-12
0.999999999819317,1.8068301350206122e-10,0.0,0.0
0.9999999999525622,2.058372570267043e-11,1.6301630680684918e-11,1.0552317642445638e-11
6.833873208971068e-13,1.5192116065945816e-11,4.502665995464254e-11,0.9999999999390978
0.990849463480559,0.009150536519441057,0.0,0.0
0.9999999999923485,3.2200902099424936e-12,3.3196149944396914e-12,1.1117851713170836e-12
0.9999999999907377,2.5048475612415146e-12,2.0786964128872675e-12,4.678621535035341e-12
0.9999999996340937,7.514098091584106e-11,1.7249613905561862e-10,1.1826919884249874e-10
0.48607778217991976,1.7540531448272706e-10,0.5139222176437378,9.371208478466884e-13
0.9999984503878147,4.738844954794477e-7,1.0757248427533435e-6,2.847241246960967e-12
0.7669167377090578,0.220185813761502,0.012897448529440267,0.0
9.747707612582282e-13,0.9999999999956329,2.4690311981138645e-12,9.231511986613979e-13
0.9999999999956896,1.6749309917178678e-12,2.635550834767233e-12,0.0
0.9999989944412706,1.0054282618389525e-6,1.1317883033129138e-10,1.7288671240069115e-11
0.9928648075704111,0.006315655841852521,0.0008195365877363604,0.0
0.9999999999777476,5.520505427543788e-12,2.589374281787313e-12,1.4142708264714824e-11
0.9999999999529647,1.3175539753119074e-11,5.676798098314103e-12,2.8182938385040652e-11
1.7227702432620553e-7,0.9999998277229757,0.0,0.0
0.9999999999744533,2.5546692569344466e-11,0.0,0.0
1.2003680229558601e-8,4.744817872878327e-12,0.999999987991575,0.0
0.9999999999845612,5.472530775117137e-12,1.8810054130928155e-12,8.085247117759415e-12
9.619868900126972e-12,0.11322715282512873,0.8867728471635802,1.6710928368233349e-12
0.844052891780275,0.15594710821972496,0.0,0.0
7.607344454305348e-11,0.9999999991698549,7.540715218799361e-10,0.0
0.9999999999906232,7.398363836539302e-12,1.4258220955660822e-12,5.527439540516718e-13
0.9999999999988471,1.152801840491385e-12,0.0,0.0
0.9999999999930541,5.124447389472762e-13,3.723808417637294e-12,2.7096630259945297e-12
0.9999999998137995,5.145458339336933e-13,1.1763977934506028e-10,6.804611550968752e-11
0.475646144003299,0.5243538559967009,0.0,0.0
0.9379730074992458,0.06202699249904046,6.695945763284234e-13,1.0441313669164163e-12
0.9999999999934628,6.941078568223974e-13,5.165387568004978e-12,6.778463057371068e-13
0.9653005700010079,0.004960477056004288,0.0217694428221437,0.00796951012084419
0.9999999350413649,6.493585252139171e-8,1.944152881468349e-11,3.340991891580571e-12
0.9999999608261292,2.0005462605639403e-11,3.915048499663673e-8,3.380362577339905e-12
0.9999999999983761,8.519430181232397e-13,7.720310299251242e-13,0.0
0.9999999998907151,3.3960242453999316e-11,5.909871180077427e-11,1.622590864548136e-11
0.8845368493678831,0.10975999245716556,0.0057031581749512755,0.0
0.9999999999887029,4.654194161476714e-12,4.578597133844674e-12,2.064459720522221e-12
2.1261768898921748e-12,0.9999999999930292,4.8444829288929325e-12,0.0
0.9999999999810387,6.966215775539161e-13,1.6705644529835027e-11,1.5590100733165498e-12
0.9999999999843744,2.4704642869941463e-12,9.843403457004768e-13,1.2170739449191536e-11
0.9999999999888055,1.1194591005977268e-11,0.0,0.0
0.9999999999525444,4.7455575762517876e-11,0.0,0.0
0.0406112427299174,2.5217218980842232e-12,0.9593887572675608,0.0
4.6943696259644714e-11,0.9999999999474016,1.8664942865186472e-12,3.7880766512932285e-12
1.287629447365259e-11,0.9824578121094683,0.017542187855641742,2.2013610382585958e-11
0.44395923863193776,0.5560407613680622,0.0,0.0
0.4476974133644137,0.08703180818714991,0.4652707784484364,0.0
0.999999999979757,1.3516255982957957e-11,2.650249890972051e-12,4.076688570774374e-12
0.8537482750597014,0.14625172494029853,0.0,0.0
0.9999999999152399,4.544135968803963e-11,1.2640702500372358e-11,2.6678041090007605e-11
9.857517587056134e-13,7.375357590365128e-12,0.9999999999837549,7.884046770615954e-12
0.8252001061640442,0.17479989383595587,0.0,0.0
8.077182675549595e-12,0.9999999999828643,2.365212505720474e-12,6.693344348611975e-12
0.9999999999745443,3.3862688568548494e-12,2.6186457563783125e-12,1.9450856299421805e-11
0.9920190260975132,0.0038226456644787476,0.0035569463386768054,0.0006013818993312613
2.6122968457577645e-7,1.617092663489591e-9,0.9999997371520976,1.1252330986869703e-12
1.3467031307631068e-5,4.2385613741059005e-6,0.999982294022242,3.850762518936176e-10
0.5323372086212768,0.4495526793091242,0.018110112069599102,0.0
0.9999999999830521,1.2563443153731349e-11,1.8412530421177545e-12,2.5431200399516545e-12
0.9999999999954955,3.3862077382111106e-12,1.118413765129285e-12,0.0
0.9999665522946357,1.739896055904882e-5,1.6048741310960587e-5,3.4942033039697836e-12
0.9765933310518574,0.020407674752869753,0.0029989941952727217,0.0
0.9999999999960157,1.3401722927001162e-12,5.504292555261986e-13,2.093664991071166e-12
0.9999999033215621,2.381333040922634e-12,1.0043677054813157e-12,9.667505214504504e-8
0.7478940303568401,0.25210596964315996,0.0,0.0
0.3235152742951817,0.6764847257048182,0.0,0.0
0.9999999999815293,2.8474672895796248e-12,1.562311004794674e-11,0.0
0.9999999978060525,2.225485706071071e-12,2.1856495573658834e-9,6.072546862803709e-12
0.9999999999806757,4.223317760868348e-12,1.3737379604356354e-11,1.363530021238278e-12
0.9999999999987823,1.2177056728462032e-12,0.0,0.0
1.0776037572821842e-12,0.9356159818195653,0.06438401817935718,0.0
0.5009606656291804,0.49903933437081965,0.0,0.0
0.5032335809123569,0.4967664190876431,0.0,0.0
0.24209404241575266,0.7579059575842473,0.0,0.0
0.9999999999953861,4.613851013004006e-12,0.0,0.0
0.6120000528243771,0.3879999471756229,0.0,0.0
0.8446936138430161,0.15530638615698378,0.0,0.0
0.5009942782885072,0.4990057217114929,0.0,0.0
0.5879566859792642,0.41204331402073585,0.0,0.0
0.9999999999494597,5.054043537526732e-11,0.0,0.0
0.9999999997246629,2.753370377604461e-10,0.0,0.0
0.5031139189496481,0.4968860810503519,0.0,0.0
0.5849097644147241,0.4150902355852759,0.0,0.0
0.564819945573196,0.4351800544268039,0.0,0.0
0.5667919189739693,0.4332080810260308,0.0,0.0
0.5915543082442267,0.4084456917557733,0.0,0.0
4.349409796555012e-7,0.9999995650590202,0.0,0.0
0.9999999999982228,1.7771459371921727e-12,0.0,0.0
0.6052292298701584,0.3947707701298415,0.0,0.0
0.9999999999753331,2.466688511344511e-11,0.0,0.0
0.9999999993971435,6.028565668614674e-10,0.0,0.0
0.9999999990340267,9.659733236052967e-10,0.0,0.0
1.3314271613790472e-8,0.9999999866857283,0.0,0.0
0.486810072161442,0.513189927838558,0.0,0.0
0.48072756476053646,0.5192724352394635,0.0,0.0
0.6813028378597296,0.3186971621402705,0.0,0.0
0.306079056707942,0.693920943292058,0.0,0.0
9.052645105370099e-12,0.9999999999909474,0.0,0.0
0.9999999999987892,1.2107180060209297e-12,0.0,0.0
0.4399428682172876,0.5600571317827123,0.0,0.0
0.47549612088113563,0.5245038791188644,0.0,0.0
0.31480015564153496,0.685199844358465,0.0,0.0
0.3912273592418164,0.6087726407581836,0.0,0.0
0.2573791428581938,0.7426208571418063,0.0,0.0
0.19385825648238006,0.8061417435176199,0.0,0.0
0.5284358586036657,0.47156414139633424,0.0,0.0
0.5598540663982892,0.4401459336017108,0.0,0.0
0.4385163431695975,0.5614836568304026,0.0,0.0
0.9999999999944539,5.546090265016331e-12,0.0,0.0
0.555348682661729,0.44465131733827107,0.0,0.0
0.9999997178734976,2.8212650237450213e-7,0.0,0.0
2.878406982985529e-10,0.9999999997121594,0.0,0.0
0.9999998535751073,1.4642489262035268e-7,0.0,0.0
0.7328636810286371,0.2671363189713628,0.0,0.0
0.9999999999994883,5.11571545174687e-13,0.0,0.0
0.9999994221253578,5.778746423124108e-7,0.0,0.0
0.9999999999980216,1.978337996090349e-12,0.0,0.0
0.6391367696706145,0.36086323032938544,0.0,0.0
0.6994547495867931,0.30054525041320684,0.0,0.0
0.6184884834354354,0.24257226347840913,0.13893925308615546,0.0
0.6408645673972333,0.3591354326027667,0.0,0.0
0.9999999999959025,2.3133450597859845e-12,1.7841659369635832e-12,0.0
0.6004924979177344,0.1566517878407934,0.24285571424147231,0.0
0.5590196938627074,0.4409803061372925,0.0,0.0
0.4377460471930859,0.41081755754385396,0.15143639526306005,0.0
0.9969456677382854,0.0012596036421527095,0.0017947286195617784,0.0
0.5361451264965787,0.23665905818581615,0.22719581531760513,0.0
0.9975138555074436,0.0014163603026028976,0.0010697841899534476,0.0
0.9999999999911797,5.0968842440473474e-12,3.723473275978436e-12,0.0
0.4137498983385179,0.32410066113356006,0.262149440527922,0.0
0.41069917354421814,0.22996894637572024,0.3593318800800616,0.0
0.3772265456238661,0.39221728193627775,0.23055617243985618,0.0
7.262525959089546e-12,0.999999999985721,7.016467455861895e-12,0.0
0.2880760555794223,0.3680771829343928,0.3438467614861849,0.0
0.033547007478357746,0.9664529925205175,1.124653524362607e-12,0.0
0.9999999999182613,8.043598862078178e-11,1.302876748730549e-12,0.0
0.9999999999891874,5.591461269159672e-12,5.221168851238365e-12,0.0
4.1329892922284437e-7,0.9999995867010707,0.0,0.0
0.9999999999997047,2.95275128595589e-13,0.0,0.0
0.07765182591039936,0.922348174086833,2.767727146965895e-12,0.0
0.9999999999960788,2.110123875397437e-12,1.8111251238272188e-12,0.0
0.5834261734435701,0.41657382655643,0.0,0.0
0.46558071418522506,0.31019146725637137,0.22422781855840365,0.0
0.9999999999788398,1.2419043423958402e-11,5.8325222529937665e-12,2.9085955288627325e-12
0.45572666554891234,0.5442733344510877,0.0,0.0
0.8470524553865306,0.15294754460039642,9.479891913651737e-12,3.5931584134986828e-12
3.878411587410207e-13,0.9999999999939884,2.8836557284617216e-12,2.740042029247268e-12
0.31295460288005666,0.6870453971199434,0.0,0.0
0.999999999991874,3.125677740722719e-12,3.544426308119478e-12,1.455939970824486e-12
0.9999999999959693,8.387145562981974e-13,1.12951840627098e-12,2.0624874530933047e-12
0.4518591024749881,0.2842841055719566,0.18494911123580537,0.07890768071724998
2.169173881150287e-10,0.9999999985379192,1.2395829516541735e-9,5.580488034130846e-12
0.603168372790427,3.882804591281565e-9,0.032865058931241746,0.36396656439552666
0.7521440053742222,0.22521948298958933,0.02263651163618856,0.0
0.6202105733930701,0.07425180383113626,0.22695754984646874,0.07858007292932506
0.9999999997421172,2.5342603204528577e-10,4.456847531139782e-12,0.0
0.9999989110103982,4.210728647057022e-7,1.4912039335298864e-11,6.679018250627259e-7
0.06449657609075603,0.45403694850144916,0.4814664754077947,0.0
0.9999999999736624,4.374585276827129e-12,7.970169045635957e-12,1.3993022491757462e-11
2.414521401775358e-12,0.23905735868403463,0.7609426413130064,5.443488369164518e-13
0.99999999997849,1.9995147061059295e-12,1.2640014992546767e-11,6.870307036302506e-12
0.9999999995079675,4.92032529872284e-10,0.0,0.0
0.9999999999962994,3.700572572438623e-12,0.0,0.0
2.6347133820123144e-11,0.9999994231622519,5.76811400869544e-7,0.0
0.9999999999772746,1.8013883259403307e-11,1.2937926254889908e-12,3.4177947404402006e-12
0.9999999938918229,6.108176995417458e-9,0.0,0.0
0.5579054948226383,0.4420945051767041,6.576814487462279e-13,0.0
0.31651562321012305,0.3449901174385249,0.1765722968326067,0.16192196251874538
0.3866628620544025,0.6133371379455975,0.0,0.0
3.623794092109069e-12,0.9999999997434302,9.073948073864465e-11,1.6220650719729895e-10
0.9999999959377869,4.060558922538844e-9,1.2348304414561007e-12,4.193075378881966e-13
0.9999989367129443,1.0632870556855315e-6,0.0,0.0
0.9698646816655895,0.0255743364541086,0.0034415200602158223,0.0011194618200861615
0.14559776270023433,0.5309659457180448,0.1051628378194337,0.21827345376228724
0.1799288304590514,0.6069853743825824,0.11593112689313413,0.09715466826523216
0.5744383102164542,0.42556168977897113,3.0073165008322456e-12,1.5672633049787363e-12
0.999998576910978,1.4230878764892363e-6,5.944249344003926e-13,5.511505453624755e-13
0.9999999999953925,2.6219561538956762e-12,1.9855824882346215e-12,0.0
0.0006292825598898959,0.9966806339091702,0.002598505473152026,9.157805778795064e-5
0.9999999999944091,2.7407381366064568e-12,2.8501228253105526e-12,0.0
0.9999999999968461,1.4673174726077533e-12,8.539377760785388e-13,8.326034885817071e-13
3.2532873957520817e-12,0.9999999999942212,2.525529579420024e-12,0.0
0.9999985492243147,1.4506005420160047e-6,1.6983432729812963e-11,1.5815970848599137e-10
1.0952285514681767e-12,0.9999999999928066,4.911761061634783e-12,1.186206343987417e-12
0.9999999999355842,3.1020336976572585e-12,6.055953622264802e-11,7.541150864699999e-13
1.0965207467272786e-11,0.9999999999890349,0.0,0.0
0.9999999999973033,2.6967207064215972e-12,0.0,0.0
3.3002424057379805e-12,3.9515675156876856e-10,0.999999999601543,0.0
0.9999999999944368,1.0040610580555528e-12,2.5547840226808425e-12,2.0043087628909277e-12
9.954240704231756e-11,0.9999999999004575,0.0,0.0
0.9999999999857305,1.3628828765607664e-11,6.406944070460707e-13,0.0
0.4333564859530747,0.5666435140469253,0.0,0.0
0.5389996471613433,0.4610003528386567,0.0,0.0
0.8354419863000819,0.1645580136999182,0.0,0.0
1.8053821714415984e-12,0.9999999999981947,0.0,0.0
0.2729032186739803,0.7270967813260197,0.0,0.0
0.144975519862257,0.855024480137743,0.0,0.0
0.5317674580103529,0.4682325419896472,0.0,0.0
0.3698747384994267,0.6301252615005734,0.0,0.0
0.9999999620105413,3.79894586563718e-8,0.0,0.0
0.9999998390797404,1.6092025959234258e-7,0.0,0.0
1.087785499720844e-11,0.9999999999891221,0.0,0.0
6.0965284549773e-12,0.9999999999939035,0.0,0.0
0.9999999999977508,2.249054036571803e-12,0.0,0.0
0.9999930001127945,6.9998872055883946e-6,0.0,0.0
0.00011380843871397044,0.999886191561286,0.0,0.0
0.9993396461738553,0.0006603538261446961,0.0,0.0
0.0027677116397638434,0.9972322883602361,0.0,0.0
0.9999999999975102,2.489757665431261e-12,0.0,0.0
0.8938717162844302,0.1061282837155698,0.0,0.0
0.7628464566288128,0.2371535433711872,0.0,0.0
0.9442824254191333,0.055717574580866604,0.0,0.0
0.9999999999937271,6.272831280502039e-12,0.0,0.0
7.467411400546853e-7,0.99999925325886,0.0,0.0
0.9999999999996527,3.472558472621986e-13,0.0,0.0
0.3324602123020914,0.39521920314797876,0.27232058454992986,0.0
0.5539598648330638,0.4460401351669362,0.0,0.0
0.9771404053164209,0.012455874154574933,0.01040372052900414,0.0
0.0581563951570738,0.0037643446644883356,0.9380792601784378,0.0
0.4677620108332494,0.5322379891667506,0.0,0.0
0.8904764282932423,0.0546941188475687,0.054829452859189096,0.0
0.35592907574799937,0.3453635386734997,0.2987073855785009,0.0
0.5231902730640654,0.19913531693172817,0.27767441000420645,0.0
0.9999999423979612,8.506722640173997e-12,5.7593532102966254e-8,0.0
0.999996816248406,3.1837498336505018e-6,1.760378527969391e-12,0.0
0.9999999999894708,7.816543957016747e-12,2.7127859466414232e-12,0.0
0.9999999999980413,1.4881591576206144e-12,4.705938372615942e-13,0.0
0.9999999999917117,5.5274555342488104e-12,2.7607615420369113e-12,0.0
8.764488689569142e-8,0.9999999123530762,2.037097853606665e-12,0.0
0.9999999999947321,3.8269100506309025e-12,1.4409834843736563e-12,0.0
0.013643464666224434,0.7591170890982072,0.2272394462355684,0.0
0.7595214289620306,0.23536329977611878,0.005115271261850571,0.0
9.701732149290997e-12,0.318799774435268,0.6812002255550302,0.0
0.9991709080070467,0.0008290919929532798,0.0,0.0
0.6397898637801742,0.36021013621982584,0.0,0.0
0.366254350735329,0.47446667203427784,0.15927897723039322,0.0
0.9999999999933964,1.7213558875895933e-12,4.8822431832075036e-12,0.0
0.9999999316314969,6.836600073830743e-8,2.502264354385101e-12,0.0
0.9999999999989946,1.0054424993791406e-12,0.0,0.0
