---flow allocation with alpha---
0.00796060875630947
0.030244795937666394
0.00037727984714394343
0.01761660221758669
0.0363201977075202
0.01942318337115051
0.011398057950612592
0.01598896713404253
0.0281364114012887
0.029526292549448836
0.01742616634475206
0.016473157018046164
0.006251058992776726
0.024702176353635988
0.01245817721304445
0.009765355570443841
0.00025299076058290083
0.014626277546303336
0.01827571529706576
0.03969608851399753
0.004684756996592659
0.023947971552450813
0.02711177788179304
0.014151858356510397
0.0383258795489298
0.007787972802476054
0.03747482532604295
0.027120615831690943
0.0072435604132511594
0.01675673815873224
0.015541016953585418
0.021252156371014526
0.03625745279276725
0.01419250899144768
0.0351002890932923
0.02626493861542354
0.037025812114864026
0.031029080694221427
0.03502266347833727
0.02979460914255862
0.034498548852213005
0.00211830009488816
0.03596309705759539
0.037205251108460256
0.032150759392851024
0.012864410306328745
0.03633488446800522
0.002274763448029808
0.012135561205763758
0.03976950215612315
0.0034355136398825925
0.03493270031368952
0.012485988665751622
0.022926735819874092
0.024300779818526283
0.025253075546529672
0.007827059549326436
0.03545654640789787
0.03211426888916493
0.032365175165777665
0.03671829135387334
0.03646959002265913
0.028755998802994762
0.019371280758715737
0.012201537103999674
0.021876260845158334
0.030753807902285397
0.0359478940263812
0.023847948481327978
0.02535773316901277
0.037833217966661434
0.034877397657448975
0.014898402817087307
0.0030513930061275766
0.02603705125869631
0.018799491771888485
0.019452767611751038
0.03590956472287465
0.0035419715763784928
0.00754871660153774
0.012356355479022979
0.019827835746452988
0.025683850965085433
0.002542261963630543
0.020438005395314176
0.0068618479487291845
0.03953540199919664
0.01972749116823407
0.01971051464169571
0.028992348660639117
0.020024275786043672
0.0026559293356032752
0.02887553622985016
0.03246369853116747
0.026039801457112984
0.019251557793126397
0.02769255473130253
0.014051652066793803
0.023721766328598015
0.03159143973526783
0.029319232064611893
0.026976443763543325
0.010410517919609336
0.007858014102930343
0.03849886880373059
0.018484956360516273
0.03087856706350214
0.007031111387968005
0.0344804179750749
0.03657645379044501
0.027835177999225597
0.028128136373872
0.03641876090922536
0.034757702042332556
0.001745781830113827
0.02554768887342829
0.031104076685525704
0.008366496736353667
0.03930595639547949
0.015572265260689154
0.022135436431622666
0.029689807103149453
0.0038435986088241106
0.02085507956449078
0.014746127352340332
0.034446038430616756
0.03587807438291932
0.027683728485051178
0.017606094663172856
0.02254321654842635
0.013391119268955207
0.005072016904092535
0.024829266542066835
0.005295172893601163
0.019961372682019838
0.02524622947451759
0.03715294208580093
0.03254501397355982
0.033800475272702676
0.0031455372762479515
0.02298891958352081
0.026185727899496174
0.018214144409713702
0.03956326467188037
0.0056045256389960435
0.02764123663504776
0.03911441854722692
0.03884269905800479
0.027440575321588757
0.03942227745951914
0.025692886762886294
0.02060592785068655
0.00436468722672328
0.0006464846699388893
0.011136446215302185
0.03529991770871538
0.003802310185722444
0.01586968574067182
0.012279400598174168
0.0168998316456465
0.0275337430722091
0.016090148951801327
0.02360042471229324
0.014214319253115282
0.029254801407416334
0.029630701023254522
0.006028360004806496
0.014000376394729468
0.013063302646532824
0.013118055182432035
0.006547600279375411
0.01402314690663716
0.010812105410748151
0.024701122117225322
0.014385448437780125
0.03034977302010224
0.014115332802540804
0.015860093681178758
0.01959466450307158
0.030845372946975685
0.0052677319154817
0.03521471651004336
0.02377754786675529
0.016001728298469447
0.004647250881216798
0.020171865402567355
0.03477302825279325
0.023597744365947262
0.011224675252690962
0.03681246848047579
0.005265785059091252
0.008728865141171804
0.026103928867760903
0.03555602753712112
0.024157310177786728
0.0241120200324002
0.008418694367996008
0.018013615217809607
0.030473906871051296
0.01001443085721503
0.006784582678866162
0.0008443613632512413
0.03866284533178286
0.007880542733248156
0.030028542739449396
0.01673606406057373
0.028555411677816216
0.0008090618980685325
0.017337939966110962
0.024897726267624994
0.0017782659370706043
0.037764543415570534
0.018371437974028747
0.015230623768463956
0.010846198023881311
0.008885359077114987
0.0037308054076939773
0.02323235006420126
0.016110542458971762
0.03827051721893016
0.021650843220180037
0.005407041795260965
0.03585721131776043
0.03972835511010239
0.0033685493884554694
0.03895659833084569
0.03743178761642156
0.0017097036721030717
0.006928000863742671
0.006080128894374066
0.018547621764066383
0.006662960098612318
0.02566770274859322
0.03706726548618146
0.016778092910705422
0.03165522004355035
0.028573421964232838
0.010522110123043875
0.02438514757369629
0.017036515097276064
0.035324153211408846
0.03001618178832595
0.019537631307817306
0.027428370718868406
0.020381090055734116
0.018740527135964864
0.031142161473142266
0.03391750048709964
0.002042533006728091
0.035765261141351756
0.023735364486451603
0.03728033064302726
0.010157632587640316
0.015542280504330095
0.008162684410428812
0.029857707088569524
0.01774948573346293
0.0349491255158802
0.026397038415930347
0.02022028916622831
0.006776879293848428
0.026064454676120098
0.0185853450281591
0.014823087073890554
0.0035448025989661862
0.023431034282447152
0.012979508389058423
1.4507288070669524e-5
0.006004763011335351
0.0026670642174942624
0.02640322658474841
0.006938701101916072
0.006286277450831465
0.037063267344322144
0.0039408779960244935
0.029867731723206857
0.03205151285112824
0.0046519877349869895
0.035279857380033225
0.013209835839096058
0.02356382629855945
0.013859855134970497
0.02936514505485896
0.031195879791078854
0.011294278832574382
0.031941737133183865
0.01591344798918487
0.019475659122243014
0.011454745549029264
0.030887719526303203
0.013732034937553395
0.006063360156359213
0.021671843410567933
0.02898031743624307
0.025637766412780965
0.005516876324357173
0.012457673467061427
0.023191210914742192
0.008754934180211137
0.02941094914049568
0.027816004323147302
0.030850407703040806
0.004163540611954652
0.016912900905312455
0.006471870300834279
0.002234757414011075
0.018676525040211042
0.00195379744319321
0.001825629646129386
0.01573624253466341
0.01738046959465792
0.018377280035044068
0.0380748718269266
0.010146448606303081
0.018772775829942013
0.01409869172953286
0.013934321024381482
0.03652234958219962
0.026790245722167035
0.02840045757349833
0.023682118088493187
0.01486153979812147
0.012477871791311495
0.00975426122406558
0.02717820472129139
0.019658300351128956
0.024041601267059114
0.023820584581814012
0.030932958853961735
0.005040260518627911
0.0237959139579605
0.026556669202476582
0.017786175095127227
0.015689787805891246
0.02049135075225643
0.013754092845321237
0.02860064960866354
0.02081878613850082
0.027454958686655755
0.0030763885392636595
0.03260006301632421
0.007602798293974257
0.024914192246884383
0.0023229210667252043
0.023418767679256526
0.027366741476742843
0.02899803882087146
0.004729903762236271
0.019043937369516612
0.014441230959836899
0.018109648198319887
0.025247737728778696
0.02709132867911411
0.007595422258218109
0.00425427655178267
0.009710739659714212
0.03805093312611417
0.02990074886873415
0.017706611787956142
0.03865883923342233
0.03873819339826579
0.011905836898868637
0.010819891593106626
0.006271996132984413
0.016762294282985236
0.0027680665729365667
0.013380438924282652
0.03129270742714774
0.013273664632307846
0.013658128489633917
0.024479779816150012
0.021076634760574146
0.0069556420546710235
0.008518613602067293
0.03956064399929348
0.00018039577778547516
0.017576322660943344
0.01880756888264547
0.026037532859704754
0.02636808495665851
0.012961333669052841
0.01755614403655056
0.025180448106180114
0.01856704109711961
0.02674796437744217
0.016741674512811562
0.01553856414927876
0.012896793185968983
0.032458536751005816
0.010735316720264423
0.005427061846825835
0.027488392899313582
0.017889914905003804
0.007714709796670003
0.0002446916678771681
0.00406423440628025
0.03128858876153824
0.02878589684814493
0.0029440768751626115
0.012354014677420238
0.026419002603532245
0.03138392374073646
0.022869075552868007
0.020660785949430712
0.03633120955900767
0.0025990846099714767
0.01089291389864224
0.038933433008707496
0.03215916344725679
0.0038734903385014394
0.039426497388849756
0.01274182747583481
0.026030091541945705
0.02920404047519161
0.03394864521653355
0.03353505180774051
0.03792061018685487
0.00592535911835932
0.002224948539859968
0.019329673230187316
0.009964502320262249
0.006551862477618712
0.02225270579246546
0.030449036340104818
0.02548220937244426
0.036556328815190504
0.03201107081156842
0.020041266121765322
0.013474525585435384
0.006694990936914736
0.0032454846923568492
0.03268345212184508
0.03619101103482913
0.004922712661557549
0.018960944099931074
0.026376510100055844
0.03727219760694405
0.026299697585533258
0.0323797425249352
0.0023950296934675723
0.008127968786502378
0.03186056391325069
0.018319269184703304
0.00168381097939144
0.035895536416674256
0.007866167573323028
0.029166457295704253
0.03514891027763958
0.014371300060183643
0.0015721750513626725
0.02078060935383899
0.0012318129365107623
0.021429589829023862
0.025007623948779478
0.01667320484162689
0.013486280995382417
0.004216576162630939
0.037192366549309165
0.010640361818209463
0.023456527906894842
0.008360482615999627
0.03474726410730433
0.030257775477550704
0.02105236862556718
0.0279910013433335
0.029285121052069676
0.0027984760222021696
0.02617120357191971
0.00804524603795806
0.016018227153653055
0.02854698648895411
0.00452410836109212
0.0020442976716728047
0.03480568272833224
0.005162754154466031
0.009304754212530157
0.02489517386869868
0.03784841488397742
0.013304022414043703
0.021763477309901406
0.01920124535499011
0.038794974969169206
0.02432472988173873
0.025759139855090592
0.009632514323480291
0.024861783767959913
0.028259112815863855
0.01905158257261923
0.023230755720331255
0.02688919625221569
0.013725465067956443
0.034981712361158886
0.014647298125225592
0.03079625954486485
0.006300746150855717
0.004605115737703144
0.022355309351133335
0.014083340136487715
0.01604698475686998
0.030787994729230297
0.017551813671416144
0.021139790682640172
0.02182225857958472
0.03303315029576354
0.006482617177240903
0.029280385939285555
0.006320323707816072
0.03191743499479275
0.006205762134092306
0.015107758255242751
0.00569523323378849
0.0273188744195261
0.022481295575020942
0.00596403765987887
0.005275775938207597
0.01579153558495079
0.022242376762047582
0.013018741290633504
0.03920214891872188
0.029101021697034372
0.01806801282203722
0.027163521392295276
0.03214844206187287
0.0213086977550376
0.029703503722705547
0.024681303964548817
0.0360440067184259
0.01128003513066082
0.027264360436020558
0.021746884157191528
0.016969368822263825
0.006992685714002617
0.01942976750728528
0.03736926443533063
0.029174449966622332
0.03436560566257768
0.025561088118751563
0.018135120439670565
0.03320381227395966
0.0017852326992604532
0.007519032387357662
0.007884726609682646
0.02336538170997305
0.01632103169855
0.037256515840335416
0.0188108933075921
0.028407852146812747
0.0051012018478215244
0.03403750901730084
0.03163339287431767
0.029482135459563123
0.019489894289667263
0.03207257184999787
0.03754160225159465
0.03513258254258877
0.022749631064821106
0.012001034446751596
0.022890105580135454
0.014692447291356252
0.02321004196398701
0.018119876280628635
0.03196363242995817
0.01883618616091815
0.028892419978222644
0.011757056452382918
0.010272985320618332
0.013668461498302403
0.005485976754616876
0.01822439188599415
0.03505633936971943
0.02258741292353681
0.012219899976818738
0.020701438685804752
0.02610387982929742
0.03597861422408519
0.021518880669319146
0.0022813143835750354
0.020145178800219106
0.03295561419144715
0.029618287108312415
0.02773336959339765
0.0061574711445453335
0.016768651527454072
0.03703322409302485
0.0272409417333524
0.024714279186542943
0.018731866484394993
0.03233635970207373
0.03362974864793421
0.02742108997443954
0.015548890054689308
0.007469633807916373
0.022404455415919997
0.019840027087464455
0.026530265055921383
0.03083367698094221
0.036125948735288745
0.035109165564957565
0.023045200166427877
0.014161978404451115
---weights per flow tunnel---
0.5,0.5,0.0,0.0
0.0,0.5,0.5,0.0
0.3952909120820246,0.0,0.3952909120820246,0.20941817583595082
0.5,0.5,0.0,0.0
0.0,0.33333333333333337,0.33333333333333337,0.33333333333333337
0.9031844295681001,0.09681557043189994,0.0,0.0
0.6574518087995688,0.17127409560021556,0.0,0.17127409560021556
0.0,0.33333333333333337,0.33333333333333337,0.33333333333333337
0.3333333333333333,0.0,0.3333333333333333,0.3333333333333333
0.5,0.0,0.5,0.0
0.0,0.5,0.5,0.0
0.5,0.5,0.0,0.0
0.5,0.5,0.0,0.0
0.5,0.0,0.5,0.0
0.0,0.5,0.0,0.5
0.25,0.25,0.25,0.25
0.0,0.5,0.0,0.5
0.5,0.5,0.0,0.0
0.5,0.5,0.0,0.0
0.25,0.5,0.25,0.0
0.0,0.39999999999999997,0.39999999999999997,0.19999999999999998
0.27901050997207905,0.16296847008376295,0.27901050997207905,0.27901050997207905
0.5,0.5,0.0,0.0
0.3333333333333333,0.3333333333333333,0.3333333333333333,0.0
0.5,0.5,0.0,0.0
0.467727573501406,0.5322724264985939,0.0,0.0
0.5,0.5,0.0,0.0
0.8878904866010227,0.11210951339897726,0.0,0.0
0.5,0.5,0.0,0.0
0.5,0.5,0.0,0.0
0.925459865084118,0.07454013491588193,0.0,0.0
0.5,0.5,0.0,0.0
0.5,0.5,0.0,0.0
0.5,0.5,0.0,0.0
0.5,0.5,0.0,0.0
0.5,0.5,0.0,0.0
0.5,0.5,0.0,0.0
0.5,0.5,0.0,0.0
0.5,0.5,0.0,0.0
0.5,0.5,0.0,0.0
0.5,0.5,0.0,0.0
0.5,0.5,0.0,0.0
0.5,0.5,0.0,0.0
0.5,0.5,0.0,0.0
0.5,0.5,0.0,0.0
0.5,0.5,0.0,0.0
0.5,0.5,0.0,0.0
0.5,0.5,0.0,0.0
0.0,0.29026845258858,0.70973154741142,0.0
0.5,0.5,0.0,0.0
0.5,0.0,0.0,0.5
0.5,0.5,0.0,0.0
0.5,0.0,0.5,0.0
0.5,0.0,0.5,0.0
0.21165452680731484,0.28834547319268516,0.2883454731926851,0.21165452680731484
0.5,0.0,0.5,0.0
0.0,0.4611947954199304,0.07761040916013921,0.4611947954199304
0.5,0.5,0.0,0.0
0.5,0.0,0.5,0.0
0.0,0.5,0.5,0.0
0.0,0.5,0.5,0.0
0.0,0.5,0.5,0.0
0.0,0.5,0.5,0.0
0.5,0.0,0.5,0.0
0.0,0.021908743464233188,0.9780912565357669,0.0
0.5,0.5,0.0,0.0
0.14013305794910633,0.8598669420508936,0.0,0.0
0.7906281359078815,0.20937186409211841,0.0,0.0
0.5,0.5,0.0,0.0
0.0,0.0,0.8053412057497316,0.1946587942502684
0.5,0.5,0.0,0.0
0.0,0.5,0.5,0.0
0.5,0.0,0.5,0.0
0.5,0.5,0.0,0.0
0.17152963170510444,0.0,0.0,0.8284703682948955
0.5,0.5,0.0,0.0
0.1384803224489441,0.8615196775510559,0.0,0.0
0.5,0.5,0.0,0.0
0.5,0.0,0.0,0.5
0.5,0.5,0.0,0.0
0.798145656790101,0.2018543432098991,0.0,0.0
0.3333333333333333,0.3333333333333333,0.3333333333333333,0.0
0.3667382263258746,0.13326177367412537,0.3667382263258746,0.13326177367412537
0.5,0.5,0.0,0.0
0.5,0.5,0.0,0.0
0.3333333333333333,0.3333333333333333,0.3333333333333333,0.0
0.0,0.5,0.5,0.0
0.35014516650735283,0.35014516650735283,0.2997096669852944,0.0
0.5,0.0,0.5,0.0
0.5,0.5,0.0,0.0
0.5,0.5,0.0,0.0
0.5,0.5,0.0,0.0
0.3898408004744943,0.6101591995255057,0.0,0.0
0.5,0.5,0.0,0.0
0.5,0.5,0.0,0.0
0.0,0.5,0.5,0.0
0.5,0.5,0.0,0.0
0.5,0.5,0.0,0.0
0.5,0.5,0.0,0.0
0.5,0.5,0.0,0.0
0.5,0.5,0.0,0.0
0.5,0.5,0.0,0.0
0.5,0.5,0.0,0.0
0.9113526193220197,0.08864738067798032,0.0,0.0
0.5,0.5,0.0,0.0
0.5,0.5,0.0,0.0
0.5,0.5,0.0,0.0
0.5,0.5,0.0,0.0
0.5,0.5,0.0,0.0
0.5,0.5,0.0,0.0
0.5,0.5,0.0,0.0
0.5,0.5,0.0,0.0
0.5,0.5,0.0,0.0
0.5,0.5,0.0,0.0
0.5,0.5,0.0,0.0
0.5,0.5,0.0,0.0
0.5,0.5,0.0,0.0
0.5,0.5,0.0,0.0
0.5,0.5,0.0,0.0
0.5,0.5,0.0,0.0
0.3333333333333333,0.0,0.3333333333333333,0.3333333333333333
0.5,0.5,0.0,0.0
0.5,0.0,0.5,0.0
0.6965754132060412,0.30342458679395873,0.0,0.0
0.8977634419184798,0.10223655808152028,0.0,0.0
0.5,0.0,0.5,0.0
0.0,0.5,0.5,0.0
0.5,0.5,0.0,0.0
0.5,0.5,0.0,0.0
0.31544952448240476,0.5,0.18455047551759526,0.0
0.9088236961532249,0.04558815192338756,0.0,0.04558815192338756
0.5,0.5,0.0,0.0
0.3333333333333333,0.3333333333333334,0.3333333333333333,0.0
0.5,0.5,0.0,0.0
0.5,0.0,0.5,0.0
0.5,0.0,0.0,0.5
0.38981727697323315,0.0,0.5,0.1101827230267669
0.5,0.5,0.0,0.0
0.5,0.5,0.0,0.0
0.33333333333333337,0.33333333333333337,0.33333333333333337,0.0
0.0,0.3333333333333333,0.3333333333333333,0.3333333333333333
0.09238008570135049,0.9076199142986494,0.0,0.0
0.5,0.5,0.0,0.0
0.0,0.5,0.5,0.0
0.5,0.0,0.0,0.5
0.08574592071867776,0.9142540792813223,0.0,0.0
0.5,0.5,0.0,0.0
0.5,0.0,0.0,0.5
0.5,0.5,0.0,0.0
0.0,0.0,0.5,0.5
0.921521686041484,0.07847831395851605,0.0,0.0
0.5,0.0,0.5,0.0
0.0,0.35014516650735283,0.29970966698529433,0.35014516650735283
0.5,0.5,0.0,0.0
0.0,0.5,0.5,0.0
0.5,0.0,0.5,0.0
0.5,0.5,0.0,0.0
0.5,0.0,0.5,0.0
0.5,0.5,0.0,0.0
0.3333333333333333,0.3333333333333333,0.0,0.3333333333333333
0.18342843692309746,0.0,0.8165715630769025,0.0
0.5,0.5,0.0,0.0
0.5,0.5,0.0,0.0
0.0,0.5,0.5,0.0
0.0,0.3333333333333333,0.3333333333333333,0.3333333333333333
0.3268438659017169,0.3268438659017169,0.326843865901717,0.01946840229484926
0.5,0.5,0.0,0.0
0.0,0.5,0.5,0.0
0.12973424661682798,0.870265753383172,0.0,0.0
0.06257790335612147,0.9374220966438785,0.0,0.0
0.0,0.5,0.0,0.5
0.5,0.0,0.0,0.5
0.5,0.5,0.0,0.0
0.0,0.5,0.0,0.5
0.046558678366607535,0.9534413216333925,0.0,0.0
0.5,0.5,0.0,0.0
0.0,0.1432583852294879,0.024107691595170424,0.8326339231753417
0.5,0.0,0.5,0.0
0.5,0.5,0.0,0.0
0.3490014578784207,0.6509985421215794,0.0,0.0
0.5,0.5,0.0,0.0
0.5,0.0,0.5,0.0
0.5,0.0,0.5,0.0
0.0,0.33333333333333337,0.33333333333333337,0.33333333333333337
0.0,0.3333333333333333,0.33333333333333337,0.3333333333333333
0.5,0.5,0.0,0.0
0.5,0.5,0.0,0.0
0.25,0.5,0.25,0.0
0.0,0.3333333333333333,0.3333333333333333,0.3333333333333333
0.5000000000000001,0.0,0.5,0.0
0.5,0.5,0.0,0.0
0.0,0.5,0.5,0.0
0.1324456048919331,0.3675543951080669,0.1324456048919331,0.3675543951080669
0.5,0.5,0.0,0.0
0.5,0.0,0.5,0.0
0.33333333333333326,0.33333333333333337,0.0,0.33333333333333337
0.5,0.5,0.0,0.0
0.5,0.5,0.0,0.0
0.5,0.5,0.0,0.0
0.0,0.5,0.0,0.5
0.3333333333333333,0.3333333333333333,0.3333333333333333,0.0
0.5,0.0,0.5,0.0
0.0,0.5,0.0,0.5
0.3333333333333333,0.3333333333333333,0.3333333333333333,0.0
0.0,0.0,0.9010815827681525,0.09891841723184748
0.3333333333333333,0.3333333333333333,0.3333333333333333,0.0
0.33333333333333337,0.33333333333333337,0.33333333333333337,0.0
0.3333333333333333,0.33333333333333326,0.0,0.3333333333333333
0.0,0.3874980362196501,0.3874980362196501,0.22500392756069973
0.5,0.5,0.0,0.0
0.5,0.5,0.0,0.0
0.5,0.0,0.5,0.0
0.5,0.5,0.0,0.0
0.0,0.1878770633940402,0.8121229366059598,0.0
0.5,0.5,0.0,0.0
0.0,0.5,0.5,0.0
0.2860104210670286,0.21398957893297135,0.2860104210670286,0.21398957893297135
0.19552975347981427,0.8044702465201856,0.0,0.0
0.0,0.5,0.0,0.5
0.5,0.0,0.5,0.0
0.5,0.5,0.0,0.0
0.01229794055128469,0.9877020594487153,0.0,0.0
0.0,0.4611947954199304,0.4611947954199304,0.07761040916013921
0.0,0.0,0.5,0.5
0.0,0.0,0.5,0.5
0.33333333333333337,0.33333333333333337,0.33333333333333337,0.0
0.25000000000000006,0.25,0.25,0.25
0.0,0.5,0.5,0.0
0.0,0.0,0.019077107394592615,0.9809228926054073
0.8779499997850841,0.0,0.12205000021491592,0.0
0.0,0.5,0.0,0.5
0.0,0.0,0.5,0.5
0.0,0.5,0.5,0.0
0.5,0.5,0.0,0.0
0.5,0.5,0.0,0.0
0.0,0.5,0.5,0.0
0.0,0.0,0.5,0.5
0.3333333333333333,0.0,0.3333333333333333,0.3333333333333333
0.5,0.5,0.0,0.0
0.5,0.5,0.0,0.0
0.0,0.5,0.5,0.0
0.5,0.5,0.0,0.0
0.5,0.5,0.0,0.0
0.3333333333333333,0.3333333333333333,0.3333333333333333,0.0
0.5,0.5,0.0,0.0
0.4543205210763688,0.5,0.0456794789236312,0.0
0.5,0.5,0.0,0.0
0.5,0.5,0.0,0.0
0.3333333333333333,0.33333333333333337,0.3333333333333333,0.0
0.5,0.5,0.0,0.0
0.5,0.0,0.5,0.0
0.5,0.5,0.0,0.0
0.3333333333333333,0.3333333333333333,0.3333333333333333,0.0
0.4444850237469059,0.5555149762530941,0.0,0.0
0.3333333333333333,0.3333333333333333,0.3333333333333333,0.0
0.33333333333333337,0.33333333333333337,0.33333333333333337,0.0
0.5,0.5,0.0,0.0
0.5,0.5,0.0,0.0
0.5,0.5,0.0,0.0
0.5,0.0,0.5,0.0
0.5,0.5,0.0,0.0
0.5,0.5,0.0,0.0
0.5,0.5,0.0,0.0
0.5,0.5,0.0,0.0
0.5,0.0,0.5,0.0
0.5,0.5,0.0,0.0
0.33333333333333337,0.33333333333333337,0.33333333333333337,0.0
0.5,0.5,0.0,0.0
0.5,0.5,0.0,0.0
0.0,0.3333333333333333,0.3333333333333333,0.3333333333333333
0.5,0.5,0.0,0.0
0.5,0.49999999999999994,0.0,0.0
0.25,0.25,0.25,0.25
0.25,0.25,0.25,0.25
0.9805491054748068,0.0,0.019450894525193267,0.0
0.8902450197667752,0.10975498023322493,0.0,0.0
0.05335271527851747,0.47332364236074126,0.0,0.47332364236074126
0.5,0.5,0.0,0.0
0.5,0.0,0.5,0.0
0.5,0.5,0.0,0.0
0.0,0.5,0.5,0.0
0.5,0.5,0.0,0.0
0.5,0.5,0.0,0.0
0.5,0.5,0.0,0.0
0.5,0.0,0.5,0.0
0.25,0.25,0.24999999999999994,0.24999999999999994
0.5,0.5,0.0,0.0
0.1721878909341125,0.655624218131775,0.1721878909341125,0.0
0.5,0.5,0.0,0.0
0.5,0.5,0.0,0.0
0.0,0.5,0.5,0.0
0.5,0.5,0.0,0.0
0.5,0.5,0.0,0.0
0.5,0.5,0.0,0.0
0.5,0.5,0.0,0.0
0.5,0.5,0.0,0.0
0.5,0.0,0.5,0.0
0.5,0.5,0.0,0.0
0.9640357120363165,0.035964287963683415,0.0,0.0
0.5,0.0,0.5,0.0
0.5,0.0,0.5,0.0
0.8717925906875464,0.12820740931245347,0.0,0.0
0.5,0.0,0.5,0.0
0.3333333333333333,0.3333333333333333,0.33333333333333326,0.0
0.0,0.5,0.5,0.0
0.5,0.5,0.0,0.0
0.5,0.5,0.0,0.0
0.0,0.5,0.5,0.0
0.5,0.5,0.0,0.0
0.33333333333333337,0.33333333333333337,0.33333333333333337,0.0
0.12442602049226603,0.8755739795077339,0.0,0.0
0.3333333333333333,0.33333333333333337,0.33333333333333337,0.0
0.0,0.0,0.5,0.5
0.5,0.5,0.0,0.0
0.0,0.5,0.5,0.0
0.09166980641013542,0.0,0.9083301935898647,0.0
0.5,0.5,0.0,0.0
0.0,0.5,0.5,0.0
0.0,0.5,0.0,0.5
0.5,0.5,0.0,0.0
0.5,0.0,0.5,0.0
0.0,0.0,0.5739858728455743,0.42601412715442566
0.33333333333333337,0.33333333333333337,0.3333333333333333,0.0
0.5,0.0,0.5,0.0
0.3333333333333333,0.3333333333333333,0.3333333333333333,0.0
0.3333333333333333,0.3333333333333333,0.3333333333333333,0.0
0.5,0.5,0.0,0.0
0.5,0.5,0.0,0.0
0.0,0.8027233407302908,0.19727665926970908,0.0
0.5,0.5,0.0,0.0
0.5,0.5,0.0,0.0
0.0,0.5,0.5,0.0
0.22706476518678345,0.5458704696264332,0.0,0.22706476518678345
0.4445869309677162,0.4445869309677162,0.0,0.11082613806456765
0.5,0.5,0.0,0.0
0.3333333333333333,0.33333333333333337,0.3333333333333333,0.0
0.5,0.0,0.5,0.0
0.5,0.5,0.0,0.0
0.0,0.5,0.5,0.0
0.3333333333333333,0.3333333333333333,0.3333333333333333,0.0
0.5,0.5,0.0,0.0
0.9590256330463348,0.0,0.04097436695366519,0.0
0.5,0.0,0.5,0.0
0.5,0.5,0.0,0.0
0.8137115271821571,0.18628847281784286,0.0,0.0
0.5,0.0,0.5,0.0
0.9495906286181998,0.05040937138180022,0.0,0.0
0.5,0.5,0.0,0.0
0.5,0.5,0.0,0.0
0.33333333333333337,0.33333333333333337,0.3333333333333333,0.0
0.5,0.0,0.5,0.0
0.29180414704060775,0.20819585295939227,0.5,0.0
0.0,0.5,0.5,0.0
0.5,0.5,0.0,0.0
0.5,0.5,0.0,0.0
0.0,0.5,0.5,0.0
0.0,0.5040187486914742,0.4959812513085257,0.0
0.5,0.0,0.5,0.0
0.09324983788970455,0.9067501621102954,0.0,0.0
0.5,0.5,0.0,0.0
0.2648912097838662,0.23510879021613376,0.0,0.5
0.5,0.5,0.0,0.0
0.3333333333333333,0.0,0.3333333333333333,0.3333333333333333
0.0,0.0,0.9869178502279551,0.013082149772044914
0.5,0.5,0.0,0.0
0.5,0.5,0.0,0.0
0.17201855118630874,0.8279814488136914,0.0,0.0
0.25,0.25,0.25,0.25
0.3333333333333333,0.3333333333333333,0.3333333333333333,0.0
0.0,0.3333333333333333,0.3333333333333333,0.3333333333333333
0.33333333333333337,0.33333333333333337,0.33333333333333337,0.0
0.3333333333333333,0.3333333333333333,0.3333333333333333,0.0
0.34522305759289934,0.3095538848142012,0.34522305759289934,0.0
0.5,0.0,0.5,0.0
0.5,0.5,0.0,0.0
0.0,0.0,0.5,0.5
0.3639786041426228,0.0,0.2720427917147544,0.3639786041426228
0.06797729328676534,0.9320227067132347,0.0,0.0
0.5,0.5,0.0,0.0
0.33333333333333337,0.33333333333333337,0.3333333333333333,0.0
0.0,0.3333333333333333,0.33333333333333326,0.3333333333333333
0.0,0.733793106002827,0.2662068939971729,0.0
0.5,0.5,0.0,0.0
0.0,0.5,0.5,0.0
0.26489120978386627,0.23510879021613373,0.0,0.5
0.5,0.5,0.0,0.0
0.0,0.0,0.9545810096897662,0.04541899031023372
0.24117296572702301,0.0,0.517654068545954,0.24117296572702301
0.5,0.5,0.0,0.0
0.5,0.5,0.0,0.0
0.0,0.5,0.5,0.0
0.25,0.25,0.25,0.25
0.8207297613387555,0.1792702386612445,0.0,0.0
0.0,0.0,0.9568009210254234,0.04319907897457671
0.3333333333333333,0.3333333333333333,0.3333333333333333,0.0
0.3333333333333333,0.3333333333333333,0.3333333333333333,0.0
0.1198951572615565,0.44005242136922174,0.4400524213692217,0.0
0.5,0.5,0.0,0.0
0.33333333333333337,0.33333333333333337,0.33333333333333337,0.0
0.5,0.5,0.0,0.0
0.0,0.0,0.12120876426811292,0.8787912357318871
0.5,0.5,0.0,0.0
0.5,0.5,0.0,0.0
0.3333333333333333,0.3333333333333333,0.3333333333333333,0.0
0.25,0.25,0.24999999999999994,0.25
0.3333333333333333,0.3333333333333333,0.3333333333333333,0.0
0.3956966752235194,0.6043033247764805,0.0,0.0
0.0,0.5,0.5,0.0
0.2648912097838662,0.2351087902161338,0.0,0.5
0.5,0.5,0.0,0.0
0.0,0.5,0.0,0.5
0.0,0.0,0.5,0.5
0.5,0.5,0.0,0.0
0.0,0.3379245870427252,0.32415082591454963,0.3379245870427252
0.5,0.0,0.5,0.0
0.25520097894386856,0.2552009789438686,0.2552009789438686,0.23439706316839418
0.0,0.0,0.5,0.5
0.0,0.5,0.5,0.0
0.5,0.5,0.0,0.0
0.5,0.5,0.0,0.0
0.5,0.5,0.0,0.0
0.0,0.5,0.5,0.0
0.5,0.5,0.0,0.0
0.5,0.5,0.0,0.0
0.11820733261357406,0.0,0.0,0.8817926673864259
0.5,0.5,0.0,0.0
0.8345833657409446,0.1654166342590553,0.0,0.0
0.9596305889858797,0.0,0.040369411014120254,0.0
0.017187259396645452,0.0,0.4722310599380927,0.5105816806652618
0.0,0.10586255443320758,0.8941374455667924,0.0
0.5,0.5,0.0,0.0
0.0,0.5,0.5,0.0
0.5,0.5,0.0,0.0
0.5,0.5,0.0,0.0
0.5,0.5,0.0,0.0
0.5556256158915807,0.4443743841084193,0.0,0.0
0.5,0.5,0.0,0.0
0.5,0.5,0.0,0.0
0.5,0.5,0.0,0.0
0.5,0.5,0.0,0.0
0.5,0.5,0.0,0.0
0.5,0.5,0.0,0.0
0.5,0.5,0.0,0.0
0.5,0.5,0.0,0.0
0.5,0.5,0.0,0.0
0.5,0.5,0.0,0.0
0.5,0.5,0.0,0.0
0.5,0.5,0.0,0.0
0.973980152026743,0.02601984797325696,0.0,0.0
0.5,0.5,0.0,0.0
0.5,0.5,0.0,0.0
0.5,0.5,0.0,0.0
0.5,0.5,0.0,0.0
0.5,0.5,0.0,0.0
0.5,0.5,0.0,0.0
0.19958676431474998,0.80041323568525,0.0,0.0
0.5,0.5,0.0,0.0
0.5,0.5,0.0,0.0
0.1254082958337377,0.8745917041662623,0.0,0.0
0.5,0.5,0.0,0.0
0.5,0.5,0.0,0.0
0.5,0.5,0.0,0.0
0.5,0.5,0.0,0.0
0.5,0.5,0.0,0.0
0.2697245214143674,0.7302754785856326,0.0,0.0
0.5,0.5,0.0,0.0
0.5,0.5,0.0,0.0
0.5,0.5,0.0,0.0
0.5,0.5,0.0,0.0
0.5,0.5,0.0,0.0
0.5,0.5,0.0,0.0
0.5,0.5,0.0,0.0
0.5,0.5,0.0,0.0
0.5,0.5,0.0,0.0
0.05173078192959638,0.9482692180704037,0.0,0.0
0.5,0.5,0.0,0.0
0.8927710454391383,0.10722895456086165,0.0,0.0
0.5,0.5,0.0,0.0
0.5,0.5,0.0,0.0
0.7238360694021273,0.27616393059787264,0.0,0.0
0.5,0.5,0.0,0.0
0.5,0.5,0.0,0.0
0.5,0.0,0.5,0.0
0.0,0.5,0.5,0.0
0.5,0.5,0.0,0.0
0.5,0.5,0.0,0.0
0.3333333333333333,0.3333333333333333,0.3333333333333333,0.0
0.25,0.5,0.25,0.0
0.0,0.5,0.5,0.0
0.0,0.5,0.5,0.0
0.5085777776706503,0.4713919180455544,0.02003030428379531,0.0
0.5,0.0,0.5,0.0
0.0,0.5,0.5,0.0
0.0,0.5,0.5,0.0
0.3333333333333333,0.3333333333333333,0.3333333333333333,0.0
0.33333333333333337,0.33333333333333337,0.33333333333333337,0.0
0.5,0.5,0.0,0.0
0.9730214046105812,0.0,0.026978595389418797,0.0
0.0891816038464898,0.9108183961535102,0.0,0.0
0.5,0.5,0.0,0.0
0.33333333333333326,0.3333333333333333,0.3333333333333333,0.0
0.5,0.0,0.5,0.0
0.5,0.5,0.0,0.0
0.5,0.0,0.5,0.0
0.13386195118875469,0.11881149784335403,0.7473265509678914,0.0
0.5,0.5,0.0,0.0
0.986774047519492,0.0,0.013225952480507848,0.0
0.0,0.5,0.0,0.5
0.5,0.5,0.0,0.0
0.5,0.0,0.0,0.5
0.5,0.5,0.0,0.0
0.3333333333333333,0.33333333333333337,0.33333333333333337,0.0
0.5,0.0,0.5,0.0
0.0,0.1928729992787197,0.3071270007212803,0.5
0.5,0.5,0.0,0.0
0.33333333333333337,0.33333333333333337,0.33333333333333337,0.0
0.5,0.5,0.0,0.0
0.33333333333333337,0.33333333333333337,0.0,0.33333333333333337
0.0,0.5,0.5,0.0
0.8718641864711403,0.0,0.12813581352885972,0.0
0.0,0.5,0.5,0.0
0.38151952714926185,0.23696094570147613,0.23696094570147613,0.14455858144778574
0.5,0.5,0.0,0.0
0.5,0.5,0.0,0.0
0.5,0.0,0.5,0.0
0.3333333333333333,0.3333333333333333,0.0,0.3333333333333333
0.5,0.5,0.0,0.0
0.8258829542649618,0.17411704573503814,0.0,0.0
0.228590080666507,0.0,0.2028890930913188,0.5685208262421743
0.5,0.5,0.0,0.0
0.0,0.0,0.04763137809542511,0.9523686219045748
0.5,0.0,0.5,0.0
0.5,0.5,0.0,0.0
0.5,0.5,0.0,0.0
0.3073754636068677,0.0,0.34631226819656613,0.34631226819656613
0.5,0.5,0.0,0.0
0.5,0.5,0.0,0.0
0.5,0.5,0.0,0.0
0.5,0.0,0.5,0.0
0.5,0.0,0.5,0.0
0.33333333333333337,0.33333333333333337,0.33333333333333337,0.0
0.5,0.5,0.0,0.0
0.5,0.0,0.5,0.0
0.5,0.0,0.0,0.5
0.0,0.0,0.5,0.5
0.03610154449889111,0.0,0.9638984555011089,0.0
0.5,0.5,0.0,0.0
0.5000000000000001,0.5,0.0,0.0
0.33333333333333337,0.33333333333333337,0.33333333333333337,0.0
0.5,0.0,0.0,0.5
0.5,0.5,0.0,0.0
0.0,0.5,0.5,0.0
0.5,0.5,0.0,0.0
0.5,0.5,0.0,0.0
0.5,0.5,0.0,0.0
0.5,0.5,0.0,0.0
0.5,0.5,0.0,0.0
0.5,0.5,0.0,0.0
0.5,0.5,0.0,0.0
0.5,0.5,0.0,0.0
0.5,0.5,0.0,0.0
0.5,0.5,0.0,0.0
0.5,0.5,0.0,0.0
0.5,0.5,0.0,0.0
0.08868751340780863,0.9113124865921913,0.0,0.0
0.5,0.5,0.0,0.0
0.5,0.5,0.0,0.0
0.5,0.5,0.0,0.0
0.5,0.5,0.0,0.0
0.5,0.5,0.0,0.0
0.5000000000000001,0.5,0.0,0.0
0.6612612521787148,0.3387387478212853,0.0,0.0
0.5,0.5,0.0,0.0
0.22195849353986793,0.778041506460132,0.0,0.0
0.5,0.5,0.0,0.0
0.5,0.5,0.0,0.0
0.5,0.5,0.0,0.0
0.5,0.5,0.0,0.0
0.5,0.5,0.0,0.0
0.33333333333333337,0.33333333333333337,0.33333333333333337,0.0
0.5,0.5,0.0,0.0
0.5,0.0,0.5,0.0
0.5,0.5,0.0,0.0
0.5,0.0,0.5,0.0
0.5,0.0,0.5,0.0
0.5,0.5,0.0,0.0
0.5,0.5,0.0,0.0
0.5,0.5,0.0,0.0
0.0,0.5,0.5,0.0
0.33333333333333337,0.3333333333333333,0.3333333333333333,0.0
0.5,0.0,0.5,0.0
0.1460229460374939,0.0,0.853977053962506,0.0
0.3333333333333333,0.3333333333333333,0.3333333333333333,0.0
0.0,0.5,0.5,0.0
0.5,0.5,0.0,0.0
0.5,0.5,0.0,0.0
0.5,0.5,0.0,0.0
0.5,0.0,0.5,0.0
0.0,0.5,0.5,0.0
0.5,0.5,0.0,0.0
