---flow allocation with alpha---
0.0023315736826845144
0.002520455080866336
0.00017800179969306657
0.00591507914887055
0.0006753754129950576
0.024164779398195037
0.007203492848116021
0.0010540071789837797
0.002033794489642572
0.004543476354678507
0.007075654001487279
0.0034613199132934713
0.004314574142139058
0.003577289597672237
0.0025509265348021785
0.0029513890515378673
0.0023762011043016694
0.0031677041744894575
0.0013304136864918294
0.00011505433471815929
0.00205252091252466
0.0007316016034518444
0.0010798941569401504
0.0040186822726156965
0.01276659219412242
0.0034479832051405894
0.0010458993450488609
0.001203534163290804
0.003944257748719859
0.0018781811331018018
0.017702017870796276
0.0028317287157583982
0.004303520286921399
0.0013294230706788607
0.004938993758700884
0.0014064269398736367
0.0037087815587466106
0.0033493741126107085
0.0010987031112241073
0.002478146504853033
0.004614957630337438
0.0021046481761278326
0.004767895647043312
0.002734901616402647
0.0009815361638105496
0.0016395774331807167
0.0016611290429700124
0.002950317577256852
0.00011401557027653277
0.004135593579808601
0.03350548635427246
0.004503670089344831
0.0011525570018582642
0.002895623634853676
0.002799357087823453
0.0010485592301617856
0.005685169603121214
0.0002859992932675348
0.0024160017931892735
0.003488562709178018
0.0006908832705313022
0.002817423697639927
0.001999094675556604
0.01388665546661434
0.003657981260762012
0.00854788858189085
0.0008522373393128572
8.014793322109552e-5
0.006020866435873451
0.005351818658902279
0.0011779419403411065
0.0024249094488179765
0.0026430264808225256
0.010966542590744971
0.011492641384065581
0.004932534640878969
0.00154994777310684
0.0030950980499942497
0.00925905200261196
0.018796170167865733
0.0012880036988235273
0.0011439723817841725
0.004706498975788381
0.0023904045514381114
0.003312292897145487
6.282427889126695e-5
0.002987724855490268
0.0017530899761561307
0.002482886940889362
0.002325118070057274
0.0007494910814420106
0.014922427298971886
0.0013751592491021995
0.0025466211201168624
8.820474267445364e-5
0.0035826983520446955
0.004909885506839149
0.004900297206135576
0.005087132048608899
0.0006504879731653711
0.013966415650051441
0.0005694919660592638
0.001091131094093212
0.0007919194713823508
0.001411754278133441
0.0038305869143395095
0.0033306990726959997
0.0031230959517794944
0.0010929040056265953
0.005073565351950389
0.003939434919502559
0.001424177405029575
0.0017675790169949842
0.005035081819625038
0.004127932339540551
0.0035468835474824698
0.003425705621736209
0.000995319146913147
0.005090946337722285
0.0049355248109264
0.0027547199870891874
0.00013739443008300975
0.004027229928818681
0.0050605212479523575
0.002669378056400226
0.0031274145906083524
0.007859108323414035
0.006019108069337927
0.0032992411303323322
0.004443540864618595
0.0025155525447031484
0.0003730230163610601
0.0013218692964929726
0.0038537695549414096
0.0031881139994290133
0.004669337539163234
0.022390073695939074
0.0013008305604152886
0.003991390348903193
0.001338254149753465
0.00828088234295763
0.002981953552459601
0.0014046817512435841
0.002780928646320409
0.002648290267512985
0.003389548189242456
0.0026592057424658627
0.0011498024781489073
0.01569154476870412
0.0014322434156189524
0.0013824749887043197
0.002097178048633028
0.003237886934848718
0.004834589145431681
0.0026699998699690336
0.004972832329873726
0.0042483058544424725
0.004194567683562738
0.002372784654783778
0.0029750082433640966
0.008349622713282143
0.002191332994694496
0.0016554641703958098
0.004777073919633547
0.004776968923120359
0.002722193373785193
0.0036039137021358376
0.0009682035982235551
0.018910580501912265
0.008398823995514941
0.0022989111634233892
0.0008973542309006108
0.003259535973117247
0.0008982839664553872
0.014920053327031746
0.003350085029821399
0.0012289926311982837
0.002358835891905806
0.00034958103118504577
0.005034758465416366
0.001233886679598278
0.003597769016208879
0.0004288659655615348
0.0031445402038856015
0.003103028393617042
0.0038103346164850365
0.0016353040432285585
0.0010104897290414173
0.001801548973869495
0.000997792539736714
0.0017520449501622003
0.003235544588507848
0.0035115149382695357
0.0015753622667538643
0.003252675351178134
0.0015888378283508532
0.0009686250182195828
0.010177847577212878
0.0015248385500505103
0.0013391253698728524
2.2534759139291608e-5
0.004063042024821386
0.00555771794965294
0.005015239390556873
0.0008707199918380749
2.1356947209807504e-5
0.015257523707205674
2.918935011696328e-5
0.004655933395907727
0.0016777572085221624
0.00032231629663031944
0.00035394005941616986
0.0035845708429722255
0.004325142956566358
0.004930936590761707
0.005005453524335314
0.0032327660047571003
0.004971991183380403
0.0006490161100563714
0.02141516580544745
0.0035760567251091886
0.006865932876940625
0.002986203919655832
0.001424238745936369
0.003752039481859441
0.0023314572942886363
0.0012016455006696647
0.0038079463042958285
0.003664834383886748
0.0019857600984658484
0.0028081359673796462
0.013312153273953978
0.0026515192090316993
0.005000498374019071
0.004501287353601695
0.004305142475083802
0.00490344789816637
0.0036675411908101956
0.0028867249812022035
0.0017400559097610299
0.0037979174643525512
0.003225282015810631
0.003981067231934335
0.0021697236288565954
0.002521425621473445
0.0008692939352503826
0.0042819816622851
0.00247956873759199
0.0024177255523337065
0.004135035935201381
0.01821887682175969
0.006240530031620423
0.0005210491002077514
0.0014127675980482753
0.002476004671580216
0.0035129596759515703
0.0012570603978864616
0.002392957050132388
0.0002409543551666027
0.00292978303156761
0.003600471919620075
0.008133607504448739
0.0007482655379223716
0.009661342687458706
0.0006012771032280922
0.0010907613757186248
0.003389029096928798
0.003655616916846977
0.0011116412627467664
0.0018745620196009432
0.0019103331685567746
0.0008356341482727596
0.0019183066101413533
0.0023384906267289573
0.001699696301649961
3.4397299056267024e-5
0.003609451352076079
0.036435599707106234
0.0017351457693309416
0.0023853835193947018
0.0013792706034642026
0.0035533540571870753
0.0002176680723312758
0.00010969258181973817
0.0013849136805666098
0.0006473851589072834
0.002736677794140158
0.003374826366763994
0.0020743770759330134
0.004071555266385754
0.004040451033586282
0.002708015418973653
0.0010986408940186448
0.013466670276405208
0.004020199543928427
0.0021109125166547974
0.004907071791478147
0.0001042275292410053
0.0058169985954487176
0.0005385626062373784
0.0030388420653827343
0.002155506081277943
0.0010303065662052883
0.004233750980206634
0.004781706910693848
0.009218841122126058
0.0031221105937585367
0.002191418395530572
0.002338016947466882
0.0025912226510915394
0.0031429646698077148
0.00484453394516193
0.00011847460410161024
0.0048464960527485595
0.0005746275940694572
0.004909041870211941
0.007283693801946188
0.01151215752334777
0.0014311975036493119
0.0034900099655835546
0.00044866066423449887
0.0043285266643794534
0.0015810395668364567
0.0019243044537583106
0.0025608561936688854
0.0012446188488024108
0.002902115972361477
0.0035337108631306557
0.0006608100545085303
0.002731851778382245
0.0046591876106766746
0.002478127226282326
0.005064161870602352
0.0011029777757925105
0.0009237946458308059
0.005203527811859228
0.0018567294213607134
0.0003977560284663043
0.0018243199134242351
0.003658049521950702
0.0011134774271113117
0.004332636505134667
0.002925052771355108
0.0040059409696393865
0.0007286787490748579
0.0030227147443513836
0.03201103830974003
0.0016033886880775926
0.018718559512458266
0.0004261257899765059
0.013756346211058283
0.005316058109815128
0.005795183905725764
0.0021155602454654312
0.0013546810255182869
0.0013090253072454182
0.004043317381054562
0.00048084826148270965
0.0009145501409939359
0.0016231641997928924
0.0029868566825003414
0.003150633478109721
0.01157928728433549
0.0029453571691485983
0.0001007629071954015
0.0008549675673098067
0.00138416035003437
0.0009896203575972978
0.0037283230190539086
0.0002922238259358953
0.00011030951201505727
0.0012402789597308415
0.0030943766968630528
0.0040486432427453865
0.0030441951363363354
0.007140738016443053
0.0015859538099375833
0.0046560034599694485
0.02879965550163027
0.0032590060514133567
0.0034768499968873983
0.02968747801381425
0.0024751073417436835
0.0037292774676309236
0.0002565698938765015
0.0011465894875893716
0.0035333625776817505
0.003031823231702201
0.0026715824255325663
0.003961495818145278
0.0005848177526312511
0.004239706943265805
0.00594894428663865
0.02257156876761111
0.002991052719179126
0.002924022682270299
0.005742146502714593
0.0006412449341371829
0.0012486629870733649
0.0029889249066850044
0.001255802829633665
0.01973444227484827
0.0016607381341003512
0.009218948568506758
0.0014417376337109353
0.01651501225078926
0.0011874987739561292
0.004820705069328146
0.004696547887436053
0.00430285868142669
0.0006631388580517966
0.0011423340219281599
0.0003296947075199398
0.0036412384489673834
0.0036912743063029357
0.004707398376876311
0.0033952705740268666
0.002513218606461956
0.0012054358110649395
0.0022124895531113343
0.0005672649326568151
0.0031798050624661334
0.003805168118862658
0.000650168442805434
0.013249133704038882
0.00235636672124855
0.01666887117625965
0.0009791154086547281
0.0013858328855384531
0.0043992503400077185
0.0026134728302466517
0.0038696805098651587
0.00023012705577565376
0.0018089595130548427
0.0006358826235941547
0.0001507209571755431
0.0023773512861358192
0.0043238121775429844
0.002561287969921904
7.486892681603435e-5
0.0005391194621757968
0.004414159048245262
0.002460198155525047
0.004704078559202499
0.0026731721906442358
0.0013924040102629043
0.0033800900538750595
0.0293865546121008
0.005837315474421733
0.0016893008502091946
0.0005471401760903647
0.0012068944500303969
0.031996644806143774
0.0008611270706506139
0.00014039123610126513
0.0034225079282313785
0.0036787183006632526
0.004021815996317728
0.0009400970672688237
0.003944154982785101
0.0016908081635825106
0.0010751878754457589
0.0040969113666760515
0.0032742898154810144
0.00019526278034548973
0.0008720917179083211
0.0046563149443143385
0.000453144047213033
0.004911976275798648
0.003782669867520848
0.0024832548481092307
0.0021760827689667876
0.0013342159464144018
0.0010733329901551141
0.01113870274763799
0.01101362980932286
0.016381864483305152
0.00021215358057493706
0.002920385763973768
0.0016240087923822851
0.0029643327795065995
0.004970859403818292
0.00019687571957376462
0.0009975199311872988
0.001747926266756788
0.0027554457217137266
0.00030993919134698444
0.0016027542478416067
0.004737381732453806
0.003459031260098834
0.001623581078968547
0.007659566411229448
0.0007804775615216906
0.004078086878006607
0.005941595001124768
0.0028174555630460546
0.00012818402123069544
0.012338045945062796
0.0008531127616826774
0.0008643759479640357
0.010784591379820376
0.0008521682312133196
0.01879799345895463
1.0700108622393583e-6
0.0029848490822508337
0.0001679238790580031
0.0342745678201101
0.0033330800558417986
0.004262824658102722
0.002481322529881697
0.003215978512174317
0.001941767356075225
0.00010745649864194941
0.0010401147382111363
8.587346724699315e-6
0.003328455827768184
0.004289766062347831
0.017709804804917705
0.0033552399875250677
0.01411587596988742
0.007777399517220142
0.0004886832638103701
0.00721014487519518
0.007401711357259809
0.0018593589546743018
0.004963299097224148
0.000679667412344394
0.003984976479957978
0.006366985851161421
0.004199415208469787
0.0008956421649604398
0.0008157347199593836
0.005039306057188247
0.0017392304364153134
0.00017987852871961118
0.0001587718077979555
0.004560260660720679
0.017537860243039508
0.004734445733596791
0.001353937685256863
0.0026080436820142723
0.0036618502086989903
0.006313428729852621
0.018987775563470588
0.0009305157450891928
0.0016267898457020071
0.0014781751679723946
0.00243362638999101
0.00029935708828983013
0.015909816651517097
0.0011101868459476212
0.001028149118883469
0.004142917843406861
0.004212789438075292
0.003319825082518724
0.003483997009164077
0.004964329146477199
0.003590769222108507
0.002423856456472514
0.00441462977995727
0.0031137775510658157
0.004451480927190257
0.002230417508579399
0.003632202853733082
4.076645446360459e-5
0.0034603919129404513
0.0037872455008501195
0.0043855343539215014
0.0007843752568183008
0.002399070109643765
0.004079784826172077
0.0046913740607702654
0.005893463816674368
0.001824520267165258
0.001176137322728627
0.004281261504106633
0.003844221085995495
0.0041125370465514505
0.0028777961350784265
0.003129315123093274
0.005084528246610758
0.0026466661475103358
0.0031776493677416508
0.0006020409249793047
0.003145166569371081
0.004594178517656172
0.0009316133490032325
0.0008390339481159496
0.0023109605091056547
0.0015045496069789911
0.0028265571993345544
0.0038286647930419375
0.004116174562324347
0.002540251225432103
0.00013361692958099785
0.0023675953733960186
0.004317887601908848
0.003128306105008267
0.002334496696388532
0.006623638152968096
---weights per flow tunnel---
0.5,0.5,0.0,0.0
0.0,0.5,0.5,0.0
0.5,0.0,0.5,0.0
0.6737033481932743,0.32629665180672573,0.0,0.0
0.0,0.5,0.0,0.5
0.8950920924610846,0.0,0.0,0.10490790753891537
0.0,0.9539500038262567,0.0,0.04604999617374326
0.0,0.5,0.0,0.5
0.0,0.0,0.5,0.5
0.5,0.0,0.5,0.0
0.0,0.3333333333333333,0.3333333333333333,0.3333333333333333
0.056701233219176424,0.4716493833904118,0.4716493833904118,0.0
0.0,0.10983937846654829,0.4450803107667259,0.4450803107667259
0.5,0.0,0.5,0.0
0.0,0.5,0.0,0.5
0.5,0.0,0.0,0.5
0.0,0.5,0.0,0.5
0.5,0.5,0.0,0.0
0.5,0.5,0.0,0.0
0.0,0.5,0.5,0.0
0.5,0.0,0.0,0.5
0.25,0.25,0.25,0.25
0.5,0.5,0.0,0.0
0.5,0.0,0.5,0.0
0.1825095958390581,0.8174904041609419,0.0,0.0
0.5,0.5,0.0,0.0
0.5,0.5,0.0,0.0
0.5,0.5,0.0,0.0
0.5,0.5,0.0,0.0
0.5,0.5,0.0,0.0
0.9024092545856259,0.09759074541437403,0.0,0.0
0.5,0.5,0.0,0.0
0.5,0.5,0.0,0.0
0.5,0.5,0.0,0.0
0.5,0.5,0.0,0.0
0.5,0.5,0.0,0.0
0.5,0.5,0.0,0.0
0.5,0.5,0.0,0.0
0.5,0.5,0.0,0.0
0.5,0.5,0.0,0.0
0.5,0.5,0.0,0.0
0.5,0.5,0.0,0.0
0.5,0.5,0.0,0.0
0.5,0.5,0.0,0.0
0.5,0.5,0.0,0.0
0.5,0.5,0.0,0.0
0.5,0.5,0.0,0.0
0.5,0.5,0.0,0.0
0.0,0.5,0.5,0.0
0.5,0.5,0.0,0.0
0.058106700359953294,0.058106700359953294,0.0,0.8837865992800934
0.5,0.5,0.0,0.0
0.5,0.0,0.5,0.0
0.5,0.0,0.5,0.0
0.3333333333333333,0.3333333333333333,0.0,0.3333333333333333
0.5,0.0,0.5,0.0
0.0,0.33333333333333337,0.33333333333333337,0.33333333333333337
0.5,0.0,0.5,0.0
0.25,0.25,0.25,0.25
0.4716493833904118,0.4716493833904118,0.056701233219176424,0.0
0.0,0.5,0.5,0.0
0.5,0.5,0.0,0.0
0.0,0.3333333333333333,0.3333333333333333,0.3333333333333333
0.0,0.0,0.9528918735735368,0.04710812642646323
0.9347428419700835,0.0,0.0,0.06525715802991651
0.2805259858540164,0.7194740141459836,0.0,0.0
0.5,0.5,0.0,0.0
0.5,0.0,0.5,0.0
0.34860172758950025,0.0,0.0,0.6513982724104997
0.0,0.3333333333333333,0.3333333333333333,0.3333333333333333
0.5,0.5,0.0,0.0
0.5,0.0,0.5,0.0
0.5,0.0,0.18964894375636043,0.3103510562436395
0.8519486758464971,0.14805132415350292,0.0,0.0
0.1451318061698521,0.0,0.1451318061698521,0.7097363876602958
0.5,0.5,0.0,0.0
0.5,0.5,0.0,0.0
0.5,0.0,0.5,0.0
0.7302524117306304,0.0,0.04277777575468639,0.2269698125146833
0.10423378821130888,0.8957662117886911,0.0,0.0
0.5,0.5,0.0,0.0
0.5,0.5,0.0,0.0
0.25,0.25,0.25,0.25
0.5,0.5,0.0,0.0
0.5,0.0,0.5,0.0
0.5,0.0,0.5,0.0
0.5,0.5,0.0,0.0
0.5,0.0,0.5,0.0
0.3547610030349787,0.2904779939300427,0.0,0.3547610030349787
0.5,0.5,0.0,0.0
0.5,0.5,0.0,0.0
0.852442631628072,0.14755736837192798,0.0,0.0
0.5,0.0,0.0,0.5
0.5,0.0,0.5,0.0
0.5,0.5,0.0,0.0
0.5,0.0,0.5,0.0
0.5,0.5,0.0,0.0
0.5,0.5,0.0,0.0
0.5,0.5,0.0,0.0
0.5,0.5,0.0,0.0
0.8252619448699231,0.17473805513007695,0.0,0.0
0.5,0.5,0.0,0.0
0.5,0.5,0.0,0.0
0.5,0.5,0.0,0.0
0.5,0.5,0.0,0.0
0.5,0.5,0.0,0.0
0.5,0.5,0.0,0.0
0.5,0.5,0.0,0.0
0.5,0.5,0.0,0.0
0.5,0.5,0.0,0.0
0.5,0.5,0.0,0.0
0.5,0.5,0.0,0.0
0.5,0.5,0.0,0.0
0.5,0.5,0.0,0.0
0.5,0.5,0.0,0.0
0.5,0.5,0.0,0.0
0.5,0.5,0.0,0.0
0.5,0.5,0.0,0.0
0.5,0.5,0.0,0.0
0.5,0.5,0.0,0.0
0.0,0.0,0.5,0.5
0.5,0.5,0.0,0.0
0.5,0.0,0.5,0.0
0.5,0.5,0.0,0.0
0.5,0.5,0.0,0.0
0.5,0.0,0.5,0.0
0.0,0.7035240843768209,0.2964759156231791,0.0
0.28036298550423117,0.7196370144957688,0.0,0.0
0.4816638951811201,0.5183361048188798,0.0,0.0
0.0,0.5,0.5,0.0
0.05670123321917643,0.47164938339041185,0.0,0.47164938339041185
0.5,0.5,0.0,0.0
0.0,0.0,0.5,0.5
0.5,0.0,0.5,0.0
0.2985383335291009,0.29853833352910053,0.05219249970634886,0.35073083323544973
0.5,0.0,0.0,0.5
0.04806741795192475,0.056470890523383416,0.8473942735727672,0.04806741795192475
0.5,0.5,0.0,0.0
0.5,0.5,0.0,0.0
0.3333333333333333,0.3333333333333333,0.3333333333333333,0.0
0.05561390608233405,0.8331582817529979,0.05561390608233405,0.05561390608233405
0.5,0.5,0.0,0.0
0.5,0.5,0.0,0.0
0.0,0.5,0.5,0.0
0.33333333333333337,0.33333333333333337,0.0,0.33333333333333337
0.037238145556382614,0.9627618544436173,0.0,0.0
0.5,0.5,0.0,0.0
0.4150046242006259,0.4150046242006259,0.0,0.16999075159874827
0.8606373998009945,0.13936260019900543,0.0,0.0
0.0,0.0,0.5,0.5
0.5,0.0,0.0,0.5
0.5,0.0,0.5,0.0
0.0,0.5,0.5,0.0
0.5,0.5,0.0,0.0
0.33333333333333337,0.33333333333333337,0.33333333333333337,0.0
0.47164938339041174,0.47164938339041174,0.056701233219176396,0.0
0.4074306876624788,0.40743068766247886,0.0,0.18513862467504222
0.5,0.0,0.5,0.0
0.5,0.5,0.0,0.0
0.014500997334414447,0.4927495013327928,0.4927495013327928,0.0
0.26899262674949187,0.0,0.731007373250508,0.0
0.5,0.5,0.0,0.0
0.5,0.5,0.0,0.0
0.0,0.5,0.5,0.0
0.5,0.0,0.5,0.0
0.25,0.25,0.25,0.25
0.5,0.5,0.0,0.0
0.5,0.5,0.0,0.0
0.11246446845154451,0.8875355315484554,0.0,0.0
0.2774735823304297,0.7225264176695703,0.0,0.0
0.0,0.5,0.0,0.5
0.45693952367365925,0.0,0.08612095265268138,0.45693952367365925
0.5,0.5,0.0,0.0
0.0,0.5,0.0,0.5
0.16123351988771442,0.8387664801122855,0.0,0.0
0.5,0.5,0.0,0.0
0.0,0.5,0.0,0.5
0.5,0.0,0.5,0.0
0.3333333333333333,0.3333333333333333,0.0,0.3333333333333333
0.5,0.5,0.0,0.0
0.3333333333333333,0.3333333333333333,0.3333333333333333,0.0
0.5,0.0,0.5,0.0
0.33333333333333337,0.0,0.33333333333333337,0.33333333333333337
0.2536252493336032,0.25362524933360375,0.2391242519991896,0.25362524933360353
0.0,0.4857062759203632,0.014293724079636775,0.49999999999999994
0.5,0.5,0.0,0.0
0.5,0.5,0.0,0.0
0.33333333333333337,0.33333333333333337,0.33333333333333337,0.0
0.0,0.0,0.5,0.5
0.5,0.0,0.0,0.5
0.5,0.5,0.0,0.0
0.0,0.5,0.5,0.0
0.5,0.5,0.0,0.0
0.5,0.5,0.0,0.0
0.5,0.0,0.5,0.0
0.5,0.5,0.0,0.0
0.5,0.5,0.0,0.0
0.8932064371740835,0.10679356282591654,0.0,0.0
0.5,0.5,0.0,0.0
0.5,0.5,0.0,0.0
0.3333333333333333,0.3333333333333333,0.3333333333333333,0.0
0.0,0.5,0.5,0.0
0.41847630862359597,0.23530338354287902,0.11091692429064592,0.23530338354287902
0.5,0.5,0.0,0.0
0.5,0.0,0.5,0.0
0.5,0.0,0.5,0.0
0.14358721310667522,0.0,0.8564127868933248,0.0
0.0,0.5,0.0,0.5
0.0,0.33333333333333337,0.33333333333333337,0.33333333333333337
0.5,0.5,0.0,0.0
0.5,0.5,0.0,0.0
0.5,0.0,0.5,0.0
0.5,0.0,0.5,0.0
0.5,0.5,0.0,0.0
0.5,0.5,0.0,0.0
0.5,0.0,0.5,0.0
0.5,0.5,0.0,0.0
0.5,0.5,0.0,0.0
0.0,0.0,0.5,0.5
0.09936429778516177,0.0,0.9006357022148382,0.0
0.5,0.5,0.0,0.0
0.17949574470609692,0.820504255293903,0.0,0.0
0.0,0.5,0.5,0.0
0.0,0.0,0.5,0.5
0.26338763474229704,0.26338763474229704,0.0,0.4732247305154059
0.5,0.5,0.0,0.0
0.25,0.25,0.25,0.25
0.5,0.5,0.0,0.0
0.5,0.0,0.0,0.5
0.5,0.5,0.0,0.0
0.5,0.5,0.0,0.0
0.15193097868423863,0.0,0.8480690213157613,0.0
0.0,0.3333333333333333,0.3333333333333333,0.3333333333333333
0.5,0.5,0.0,0.0
0.5,0.5,0.0,0.0
0.0,0.5,0.5,0.0
0.0,0.3333333333333333,0.3333333333333333,0.3333333333333333
0.5,0.0,0.0,0.5
0.5,0.5,0.0,0.0
0.5,0.5,0.0,0.0
0.0,0.5,0.5,0.0
0.5,0.5,0.0,0.0
0.0,0.5,0.5,0.0
0.5,0.5,0.0,0.0
0.5,0.5,0.0,0.0
0.0,0.5,0.5,0.0
0.5,0.5,0.0,0.0
0.5,0.5,0.0,0.0
0.5,0.5,0.0,0.0
0.5,0.0,0.5,0.0
0.9273668552457366,0.0,0.0726331447542634,0.0
0.6108079741072011,0.0,0.3891920258927989,0.0
0.5,0.5,0.0,0.0
0.5,0.5,0.0,0.0
0.5,0.5,0.0,0.0
0.33333333333333337,0.33333333333333337,0.33333333333333337,0.0
0.5,0.5,0.0,0.0
0.5,0.5,0.0,0.0
0.5,0.5,0.0,0.0
0.5,0.5,0.0,0.0
0.5,0.5,0.0,0.0
0.7218622613952226,0.2781377386047774,0.0,0.0
0.5,0.5,0.0,0.0
0.6829717605851661,0.3170282394148339,0.0,0.0
0.33333333333333337,0.0,0.33333333333333337,0.33333333333333337
0.5,0.5,0.0,0.0
0.0,0.5,0.5,0.0
0.25,0.25,0.25,0.25
0.5,0.5,0.0,0.0
0.5,0.5,0.0,0.0
0.3333333333333333,0.3333333333333333,0.3333333333333333,0.0
0.3333333333333333,0.3333333333333333,0.3333333333333333,0.0
0.5,0.5,0.0,0.0
0.25,0.25,0.25,0.25
0.5,0.0,0.5,0.0
0.5,0.0,0.5,0.0
0.5,0.5,0.0,0.0
0.6191729096212281,0.38082709037877194,0.0,0.0
0.5,0.5,0.0,0.0
0.5,0.0,0.5,0.0
0.5,0.5,0.0,0.0
0.5,0.5,0.0,0.0
0.5,0.5,0.0,0.0
0.5,0.5,0.0,0.0
0.42377054004548753,0.15245891990902485,0.42377054004548753,0.0
0.5,0.5,0.0,0.0
0.5,0.5,0.0,0.0
0.5,0.5,0.0,0.0
0.5,0.0,0.5,0.0
0.5,0.5,0.0,0.0
0.4716493833904118,0.4716493833904118,0.056701233219176424,0.0
0.5,0.5,0.0,0.0
0.5,0.5,0.0,0.0
0.1377501207274076,0.8622498792725924,0.0,0.0
0.5,0.5,0.0,0.0
0.5,0.5,0.0,0.0
0.5,0.5,0.0,0.0
0.5,0.0,0.5,0.0
0.7708513145302506,0.0,0.22914868546974934,0.0
0.5,0.0,0.5,0.0
0.5,0.0,0.5,0.0
0.5,0.5,0.0,0.0
0.5,0.5,0.0,0.0
0.3333333333333333,0.3333333333333333,0.3333333333333333,0.0
0.0,0.5,0.5,0.0
0.17101928750258485,0.8289807124974152,0.0,0.0
0.5,0.5,0.0,0.0
0.47164938339041174,0.47164938339041174,0.05670123321917642,0.0
0.0,0.5,0.5,0.0
0.5,0.5,0.0,0.0
0.5,0.5,0.0,0.0
0.31648223182156043,0.6835177681784395,0.0,0.0
0.3333333333333333,0.3333333333333333,0.0,0.3333333333333333
0.5,0.5,0.0,0.0
0.0,0.0,0.5,0.5
0.5,0.0,0.5,0.0
0.20568732042755566,0.7943126795724443,0.0,0.0
0.0,0.7882389911493695,0.21176100885063054,0.0
0.0,0.46802312713898736,0.06395374572202535,0.46802312713898736
0.016896733407348544,0.4915516332963258,0.0,0.4915516332963258
0.5,0.0,0.5,0.0
0.5,0.0,0.0,0.5
0.5,0.5,0.0,0.0
0.3605046083795077,0.3605046083795077,0.0,0.2789907832409846
0.5,0.0,0.5,0.0
0.3333333333333333,0.3333333333333333,0.3333333333333333,0.0
0.0,0.5,0.5,0.0
0.45678935393155073,0.0864212921368985,0.45678935393155073,0.0
0.0,0.5,0.0,0.5
0.5,0.5,0.0,0.0
0.5,0.5,0.0,0.0
0.0,0.5,0.5,0.0
0.5,0.0,0.0,0.5
0.5,0.0,0.5,0.0
0.5,0.5,0.0,0.0
0.1251384047986664,0.0,0.8748615952013336,0.0
0.5,0.0,0.5,0.0
0.5,0.5,0.0,0.0
0.5,0.5,0.0,0.0
0.5,0.5,0.0,0.0
0.5,0.5,0.0,0.0
0.5,0.0,0.5,0.0
0.5,0.0,0.5,0.0
0.5,0.5,0.0,0.0
0.5,0.0,0.5,0.0
0.5,0.0,0.5,0.0
0.6360181822536827,0.36398181774631744,0.0,0.0
0.5,0.5,0.0,0.0
0.8775569466754317,0.09004704278095521,0.03239601054361299,0.0
0.21933942293831285,0.3903302885308436,0.3903302885308436,0.0
0.11804799534541063,0.11804799534541063,0.7639040093091788,0.0
0.15245891990902488,0.42377054004548753,0.42377054004548753,0.0
0.42377054004548753,0.152458919909025,0.42377054004548753,0.0
0.5,0.5,0.0,0.0
0.5,0.5,0.0,0.0
0.17988381152292945,0.5,0.3201161884770706,0.0
0.21933942293831296,0.3903302885308435,0.3903302885308435,0.0
0.5,0.0,0.5,0.0
0.5,0.5,0.0,0.0
0.5,0.5,0.0,0.0
0.0,0.5,0.0,0.5
0.5,0.5,0.0,0.0
0.8248892904517913,0.17511070954820868,0.0,0.0
0.0,0.5,0.0,0.5
0.5,0.5,0.0,0.0
0.20000000000000007,0.20000000000000007,0.1999999999999999,0.39999999999999997
0.5,0.5,0.0,0.0
0.3333333333333333,0.3333333333333333,0.0,0.3333333333333333
0.5,0.5,0.0,0.0
0.0,0.5,0.5,0.0
0.0,0.5,0.5,0.0
0.0,0.5,0.5,0.0
0.5,0.5,0.0,0.0
0.5,0.5,0.0,0.0
0.42377054004548753,0.152458919909025,0.42377054004548753,0.0
0.0,0.3523484455718627,0.0,0.6476515544281373
0.33333333333333337,0.33333333333333337,0.0,0.33333333333333337
0.5,0.5,0.0,0.0
0.661000662304198,0.33899933769580204,0.0,0.0
0.5,0.0,0.5,0.0
0.33333333333333337,0.33333333333333337,0.0,0.33333333333333337
0.16897685437883464,0.0433758260506999,0.7876473195704654,0.0
0.5,0.5,0.0,0.0
0.0,0.5,0.5,0.0
0.5,0.5,0.0,0.0
0.5,0.5,0.0,0.0
0.5,0.0,0.0,0.5
0.0,0.0,0.5,0.5
0.5,0.5,0.0,0.0
0.0,0.5,0.0,0.5
0.33333333333333337,0.33333333333333337,0.0,0.33333333333333337
0.5,0.5,0.0,0.0
0.6951190197203104,0.3048809802796895,0.0,0.0
0.0795407503807695,0.0,0.9204592496192304,0.0
0.5,0.0,0.5,0.0
0.3333333333333333,0.3333333333333333,0.3333333333333333,0.0
0.3333333333333333,0.3333333333333333,0.3333333333333333,0.0
0.0,0.5,0.5,0.0
0.33333333333333337,0.33333333333333337,0.33333333333333337,0.0
0.0,0.0,0.5,0.5
0.3333333333333333,0.3333333333333333,0.0,0.3333333333333333
0.8966866261291117,0.10331337387088835,0.0,0.0
0.5,0.5,0.0,0.0
0.8032182413502624,0.0,0.1967817586497376,0.0
0.5,0.5,0.0,0.0
0.11995968282173135,0.8800403171782686,0.0,0.0
0.5,0.5,0.0,0.0
0.5,0.5,0.0,0.0
0.0,0.5,0.0,0.5
0.5,0.5,0.0,0.0
0.0,0.5,0.0,0.5
0.0,0.5,0.0,0.5
0.5,0.5,0.0,0.0
0.0,0.2804973457786399,0.2195026542213601,0.5
0.5,0.0,0.5,0.0
0.5,0.0,0.0,0.5
0.5,0.0,0.5,0.0
0.0,0.5,0.5,0.0
0.5,0.5,0.0,0.0
0.5,0.5,0.0,0.0
0.5,0.0,0.5,0.0
0.0,0.5,0.5,0.0
0.0,0.5,0.5,0.0
0.0,0.5,0.0,0.5
0.038103394548686526,0.0,0.0,0.9618966054513134
0.5,0.5,0.0,0.0
0.09879446196637658,0.9012055380336234,0.0,0.0
0.3333333333333333,0.3333333333333333,0.3333333333333333,0.0
0.25,0.25000000000000006,0.25,0.25
0.5,0.5,0.0,0.0
0.5,0.5,0.0,0.0
0.5,0.0,0.5,0.0
0.5,0.5,0.0,0.0
0.5,0.5,0.0,0.0
0.5,0.5,0.0,0.0
0.5,0.5,0.0,0.0
0.5,0.5,0.0,0.0
0.5,0.5,0.0,0.0
0.5,0.5,0.0,0.0
0.5,0.5,0.0,0.0
0.5,0.5,0.0,0.0
0.5,0.5,0.0,0.0
0.5,0.5,0.0,0.0
0.5,0.5,0.0,0.0
0.5,0.5,0.0,0.0
0.5,0.5,0.0,0.0
0.5,0.5,0.0,0.0
0.08257371718706208,0.9174262828129379,0.0,0.0
0.1791718095934686,0.8208281904065314,0.0,0.0
0.5,0.5,0.0,0.0
0.5,0.5,0.0,0.0
0.5,0.5,0.0,0.0
0.0722961584930371,0.9277038415069628,0.0,0.0
0.5,0.5,0.0,0.0
0.5,0.5,0.0,0.0
0.5,0.5,0.0,0.0
0.5,0.5,0.0,0.0
0.5,0.5,0.0,0.0
0.5,0.5,0.0,0.0
0.5,0.5,0.0,0.0
0.5,0.5,0.0,0.0
0.5,0.5,0.0,0.0
0.5,0.5,0.0,0.0
0.5,0.5,0.0,0.0
0.5,0.5,0.0,0.0
0.5,0.5,0.0,0.0
0.5,0.5,0.0,0.0
0.5,0.5,0.0,0.0
0.5,0.5,0.0,0.0
0.5,0.5,0.0,0.0
0.5,0.5,0.0,0.0
0.5,0.5,0.0,0.0
0.5,0.5,0.0,0.0
0.5,0.5,0.0,0.0
0.15577305908641054,0.8442269409135895,0.0,0.0
0.03155804054280777,0.9684419594571922,0.0,0.0
0.15052247155627663,0.8494775284437235,0.0,0.0
0.5,0.5,0.0,0.0
0.5,0.5,0.0,0.0
0.5,0.5,0.0,0.0
0.5,0.5,0.0,0.0
0.5,0.5,0.0,0.0
0.5,0.5,0.0,0.0
0.0,0.5,0.5,0.0
0.5,0.5,0.0,0.0
0.5,0.5,0.0,0.0
0.33333333333333337,0.33333333333333337,0.33333333333333337,0.0
0.5,0.5,0.0,0.0
0.0,0.5,0.5,0.0
0.0,0.5,0.5,0.0
0.3333333333333333,0.3333333333333333,0.3333333333333333,0.0
0.1466267792577287,0.7067464414845426,0.1466267792577287,0.0
0.47164938339041174,0.05670123321917642,0.47164938339041174,0.0
0.0,0.5,0.5,0.0
0.36886165319809855,0.26227669360380285,0.36886165319809855,0.0
0.5,0.5,0.0,0.0
0.5,0.5,0.0,0.0
0.7548538598697125,0.24514614013028743,0.0,0.0
0.5,0.5,0.0,0.0
0.5,0.5,0.0,0.0
0.16616413473736033,0.8338358652626396,0.0,0.0
0.5,0.0,0.5,0.0
0.8836712244034132,0.11632877559658683,0.0,0.0
0.5,0.0,0.5,0.0
0.0,0.5,0.5,0.0
0.5,0.5,0.0,0.0
0.26605141341016386,0.010149505631432637,0.5240021675072903,0.19979691345111317
0.0,0.5,0.0,0.5
0.5,0.5,0.0,0.0
0.5,0.0,0.0,0.5
0.5,0.5,0.0,0.0
0.3333333333333333,0.3333333333333333,0.3333333333333333,0.0
0.5,0.5,0.0,0.0
0.0,0.0,0.5,0.5
0.39033028853084345,0.39033028853084345,0.21933942293831304,0.0
0.5000000000000001,0.2773006788571834,0.0,0.22269932114281663
0.5,0.0,0.5,0.0
0.10451936920625987,0.7909612615874801,0.0,0.10451936920625987
0.21933942293831307,0.39033028853084345,0.39033028853084345,0.0
0.0,0.0,0.909817196229328,0.09018280377067203
0.26845966656141573,0.7315403334385843,0.0,0.0
0.0,0.0,0.5,0.5
0.31011195614089937,0.6898880438591007,0.0,0.0
0.6745978780349847,0.3254021219650152,0.0,0.0
0.0,0.5,0.5,0.0
0.5,0.5,0.0,0.0
0.5,0.5,0.0,0.0
0.5,0.5,0.0,0.0
0.3333333333333333,0.3333333333333333,0.0,0.3333333333333333
0.5,0.5,0.0,0.0
0.0,0.3333333333333333,0.3333333333333333,0.3333333333333333
0.5,0.5,0.0,0.0
0.5,0.5,0.0,0.0
0.5,0.5,0.0,0.0
0.0,0.33333333333333337,0.33333333333333337,0.33333333333333337
0.5,0.5,0.0,0.0
0.5,0.5,0.0,0.0
0.041004406167334105,0.041004406167334105,0.0,0.9179911876653318
0.5,0.0,0.5,0.0
0.0,0.5,0.5,0.0
0.5,0.0,0.5,0.0
0.26902716052377557,0.26902716052377557,0.19291851842867336,0.26902716052377557
0.3866476748561774,0.0,0.6133523251438227,0.0
0.11298208962689839,0.11298208962689839,0.0,0.7740358207462033
0.5,0.5,0.0,0.0
0.5,0.5,0.0,0.0
0.5,0.5,0.0,0.0
0.5,0.5,0.0,0.0
0.0,0.5,0.5,0.0
0.3501656550047673,0.0,0.11909577423237824,0.5307385707628544
0.5,0.5,0.0,0.0
0.5,0.5,0.0,0.0
0.5,0.5,0.0,0.0
0.5,0.5,0.0,0.0
0.5,0.5,0.0,0.0
0.5,0.5,0.0,0.0
0.5,0.5,0.0,0.0
0.5,0.5,0.0,0.0
0.5,0.5,0.0,0.0
0.5,0.5,0.0,0.0
0.5,0.5,0.0,0.0
0.5,0.5,0.0,0.0
0.5,0.5,0.0,0.0
0.5,0.5,0.0,0.0
0.5,0.5,0.0,0.0
0.5,0.5,0.0,0.0
0.5,0.5,0.0,0.0
0.5,0.5,0.0,0.0
0.5,0.5,0.0,0.0
0.5,0.5,0.0,0.0
0.5,0.5,0.0,0.0
0.5,0.5,0.0,0.0
0.7932891295347565,0.20671087046524353,0.0,0.0
0.5,0.5,0.0,0.0
0.5,0.5,0.0,0.0
0.5,0.5,0.0,0.0
0.0,0.5,0.5,0.0
0.5,0.5,0.0,0.0
0.5,0.0,0.5,0.0
0.0,0.5,0.5,0.0
0.5,0.5,0.0,0.0
0.5,0.0,0.5,0.0
0.5,0.0,0.5,0.0
0.5,0.0,0.5,0.0
0.5,0.0,0.5,0.0
0.22502465980943984,0.5,0.27497534019056014,0.0
0.5,0.5,0.0,0.0
0.5,0.5,0.0,0.0
0.5,0.5,0.0,0.0
0.5,0.5,0.0,0.0
0.3333333333333333,0.3333333333333333,0.3333333333333333,0.0
0.0,0.5,0.5,0.0
0.5,0.0,0.5,0.0
0.5,0.0,0.5,0.0
0.5,0.5,0.0,0.0
0.5,0.5,0.0,0.0
0.5,0.5,0.0,0.0
0.5,0.0,0.5,0.0
0.5,0.5,0.0,0.0
0.9776662072289747,0.022333792771025457,0.0,0.0
