---flow allocation with alpha---
0.0076962428606710395
0.029240388760875372
0.000349765358989719
0.016376431083474162
0.025253562612572295
0.018727032629931747
0.007925110222016332
0.014822914268674265
0.026084462525504247
0.02744770467734301
0.016847456322151934
0.015313481981444086
0.005810997803636802
0.022963195948382042
0.011581148171209574
0.009441055375491798
0.0002351807518992247
0.013596618876123718
0.01698914401125599
0.03690156874768928
0.004516849553549526
0.023089646846950338
0.025203166680371685
0.01754079704406086
0.035627819564433665
0.007220006909144374
0.03483667773939475
0.02614857965961918
0.006733629245948857
0.016200259348264284
0.014984007823578373
0.019756049996842873
0.03370500562987743
0.013193386700189115
0.032629303780979946
0.02441594308792232
0.034419274098350945
0.02884469974948932
0.03255714284336427
0.027697132355923866
0.032069924766430224
0.0019691762968582806
0.033431371909167375
0.034586080970415246
0.029887414665738646
0.011958783323200203
0.03377698628071751
0.002114624964437067
0.011250531810293667
0.036969814226358075
0.0031936608243164403
0.03247351289317817
0.008705251317827574
0.02131274263253591
0.016942542653407833
0.023475313015846877
0.007840748607999284
0.02873759180122993
0.029853493015500096
0.030086736026644297
0.02560005160612094
0.03390220885230674
0.013365818981925702
0.018007584006582356
0.01131169617914571
0.020336218850261198
0.029651553665306155
0.02499469853924738
0.02216910389205637
0.024448880876166902
0.03516984030431058
0.03242210342570708
0.014403637941072057
0.0028365814619777945
0.02413820576283549
0.018175174633342586
0.018034104653545914
0.033381608136365794
0.0032926243496762594
0.0072980293379909045
0.01145522386801686
0.019117181767241778
0.023875762765878158
0.002457835334771285
0.01975927443807264
0.00661591089277092
0.03822246070552247
0.01828879300778382
0.01905594311126894
0.02695134929680287
0.01869740868083967
0.002468957588408482
0.027840601555889518
0.03017832355774081
0.02420665510424285
0.017896289281818367
0.025743058081301114
0.013062445801897074
0.022051804693117554
0.02936746991629658
0.02834556217560388
0.026080576131430847
0.009677639714402898
0.007284940196153882
0.03578863074552502
0.01718365495116978
0.02870478195659409
0.006536136177857236
0.032053070264281176
0.03400154963930135
0.025875640976072405
0.026147975707450626
0.03385495799979268
0.03231083412600119
0.0016228825215284335
0.023749186194376826
0.028914416183337455
0.007777513252596838
0.03653890109626316
0.014476011077815537
0.021342075210415076
0.027599708156035966
0.003573017483877093
0.02010760790551645
0.006835356521351141
0.03202111096625389
0.03335233464902106
0.025734853183916488
0.016366663238427278
0.020956222297883742
0.012414523791389452
0.004714957757357255
0.03077511901233288
0.004922404042282971
0.019298470342663934
0.0244078209719977
0.03591912051375964
0.030253914566830586
0.03142099407452685
0.0029161376706735385
0.022164968478180523
0.02524719925883765
0.016931907582742965
0.038249398079570826
0.005418403511211859
0.025625400157906247
0.03636084710304454
0.03610825608496271
0.025508817483331968
0.03664703340607373
0.023819140699223498
0.019155314582793417
0.004046376731461778
0.0006009735312753799
0.010352464210019303
0.03281487896865727
0.0035346356774925017
0.014752493791853751
0.011871610837816153
0.015667350713673686
0.026546899912569505
0.014957436864241426
0.021939005267188033
0.01321366156606282
0.027121289922845994
0.03745197632732307
0.005603976348318188
0.013535434308242148
0.012595097839608315
0.012161373884303273
0.0060625932206166055
0.013035947344075134
0.010050956304707393
0.0238808162245863
0.01333633793365215
0.028213213883356614
0.013609421943065855
0.014743576992842424
0.018215242012900954
0.028595863319077656
0.004896894850357876
0.03273567575222267
0.02210365933024223
0.014834744779343455
0.004308333416398796
0.018751809203052718
0.03232508140401089
0.019057354144624984
0.010822369109162138
0.034220949399722686
0.00489508504849519
0.008114371696412324
0.025237036806354442
0.03305295921267277
0.022456687186459514
0.031081703709093078
0.008139115789920874
0.017415396455083977
0.028328608976580894
0.009309436334418497
0.0067511375588635335
0.000816320750419782
0.03594106367656291
0.010158447694242538
0.028952282896439495
0.02157369576203743
0.03539356232460831
0.001042924738959723
0.020533711682404927
0.023144979566486517
0.0016530798168022521
0.035106000294799204
0.017761336183720246
0.014119875817225083
0.010082648870761554
0.008259848793828798
0.0034681646829693184
0.021538047478268603
0.01497639471210573
0.03557635462410854
0.020126670144167795
0.005012713848641693
0.035919923434166355
0.029649383355348658
0.0023485580347716913
0.03611554845389856
0.03479666979252169
0.0015893441887112232
0.006679692806082964
0.00586220960917538
0.01724190884428045
0.006441688149695516
0.02481529743213616
0.03445780924094955
0.015596951039173435
0.02942676022723002
0.02762451987391944
0.01014498477642215
0.02266848531678378
0.015837180856282548
0.032837408343773467
0.027903106761122686
0.018162223832663024
0.026445304233756378
0.018946304887931652
0.01742123409040389
0.028949819883326136
0.03152978096401496
0.0026329360064340484
0.033247463218479816
0.01733569926854226
0.03604227859175301
0.01259007595889137
0.014985226087112882
0.007567391327011803
0.027680226541384835
0.0164999598839204
0.032488781796249575
0.024538743344885653
0.01879682403727566
0.006299801479648507
0.024229572789337243
0.017276976471228476
0.013779573433721983
0.0032952560743261376
0.021781539561468388
0.012514306871210478
1.402551182446882e-5
0.005582040532740105
0.0024725589785467815
0.024544495879848423
0.00645023137838218
0.006077514852468176
0.03445409255972963
0.0037996320897504456
0.028797235544474543
0.03138480728274879
0.004497498682490335
0.03279623084422796
0.012279891636935585
0.02190498330353845
0.012884150964037222
0.027297901621859865
0.02899975654652277
0.010499185748461157
0.030432688451659744
0.014793175271629478
0.018777627585671555
0.010648355951134595
0.028713290105580738
0.012765329035255317
0.005862000475537845
0.02014619196604806
0.028017902649956027
0.02478635525976937
0.005128500025486876
0.011580679887866813
0.02155859924613867
0.008441146589247644
0.027340481197790943
0.0258578170857992
0.028600530897470385
0.003870436253981658
0.020963025118882796
0.006016264467672975
0.0020774352696855524
0.017361737605362974
0.0018162542801573689
0.0016971092220007485
0.019504592936352136
0.0161129364136592
0.022778078411750443
0.035394482249437614
0.009432160316207538
0.018149345907956645
0.013593377306547633
0.012953374614032067
0.03395125425164866
0.025900561588513206
0.02640112607681059
0.02201494760435332
0.014328883963677706
0.015465941724361422
0.009067582087233912
0.025264917212381294
0.02436586404440035
0.022349123935676514
0.02214366635256772
0.028677061709162156
0.0046854369535383154
0.022120732487890912
0.024687136465328906
0.016489054383092144
0.01215126626802546
0.01904880346714183
0.017047778817964324
0.026587225020684713
0.019353188102208915
0.025522188290248014
0.002966126996602929
0.030305088274672057
0.007048336916876897
0.02316028637600817
0.002159392389731036
0.022579410290366322
0.025440181383316045
0.027958713503631025
0.004572827176429175
0.017703284892165234
0.01789946556498529
0.01683476768123196
0.023470350969054008
0.02518415705784361
0.00706072076926502
0.003954784577627429
0.009027124347969434
0.03527593213764045
0.027795800072289573
0.016415293515911533
0.03593733959896245
0.02700833055018737
0.011067691434319946
0.01394742805495134
0.006047200090365386
0.015582264601069335
0.0026761411409573638
0.01290086756376061
0.027180756984777604
0.016452302692750564
0.01692883392435599
0.022694503934418374
0.02032122229133061
0.008467548867061697
0.007918921416170309
0.03677565923725764
0.0001676963006921011
0.020783890791831974
0.018133482520590955
0.024204546211242198
0.032682437529663766
0.016707863224850284
0.016275799165802057
0.0234077983920299
0.017259961097802742
0.01864872365170585
0.015563096418633501
0.010804018904666753
0.011956248213771089
0.03017352515586733
0.010378804836990984
0.005045008295162066
0.023876340167682017
0.016585228594669266
0.007152086871219203
0.00022684664899208815
0.0037678355122653133
0.03257320223460558
0.02006957343790585
0.002729369493042935
0.011943747038988952
0.024492301933766614
0.029174562604138
0.0212591415250569
0.014866485020433468
0.0337735700774569
0.003350361257723111
0.010502498489403234
0.03619260255951334
0.029895227092681022
0.0036008048996897697
0.027488217196050845
0.012318680862826153
0.024197628746344815
0.028157331805716532
0.03155873317108011
0.03182280244720805
0.03666129492817469
0.005508226504074385
0.0020683169193045853
0.017968905559110848
0.00926302265972647
0.006090625366224661
0.020686162878068265
0.021229116958382317
0.017717870785721405
0.03398284141928017
0.029676548479362058
0.018579684795655988
0.012991582043451183
0.006455034241139073
0.0030170095084393216
0.030382606965439325
0.033643241229654314
0.004576164214303668
0.01762613417132969
0.02445290834875192
0.03464831457852869
0.02444825510084648
0.030100277874860266
0.0022264247233096126
0.007555777160473327
0.029617648327501956
0.0170296317983164
0.0015652742862112792
0.03336856739293122
0.007604937999125541
0.02711320105618105
0.032674502137894954
0.013856215019899564
0.0014614972888526345
0.020090500773966163
0.0011909053451206483
0.02071792909028653
0.02417713935829283
0.015499446865920972
0.013002916125071567
0.003919738215273447
0.034574103456682874
0.009864375209277
0.02267755406224268
0.007771922513458314
0.03230113099928401
0.028127692771121923
0.019570326881554793
0.025949657018381547
0.02831258396441617
0.002601469293017101
0.024328806791087825
0.007478877916576046
0.014890578206923338
0.026537339669878056
0.004205620804426826
0.0019003834860297248
0.03235543707428296
0.004786241761605481
0.008995750246075792
0.02307960388346613
0.03518396739113654
0.012367447678365569
0.02017629754620321
0.017760246679292272
0.03606389166995325
0.02351692369527694
0.023945751478984815
0.00895440590817078
0.0173336755064681
0.03485112937685982
0.01538590936792682
0.02159536018195592
0.024996254321665988
0.012724486221929121
0.03251907459728708
0.014160872249253574
0.02862826871130609
0.005841241603653248
0.0057079005798769
0.021612906155623654
0.013578575933447029
0.01487670074794049
0.02862058572102311
0.021754938016592708
0.01965159461270684
0.020286018228734142
0.03070768713552317
0.006009849032104557
0.02721910936681886
0.0058593913969438695
0.03085748071903564
0.005768889746964968
0.014044204372496967
0.005294300989798116
0.03386091208612509
0.02173470847072542
0.005765976405288819
0.005100571343460182
0.014639881124532794
0.020676560989309683
0.012552133617420098
0.036442401443942396
0.028058005347062397
0.01679606334642857
0.026029026499286977
0.029885260469907197
0.019808610988308852
0.028717072457756294
0.030591723907818877
0.03350658570284975
0.010457398047521339
0.025276009009544333
0.02021595000453671
0.015731816641888004
0.006500415589189915
0.01806195341308967
0.03473854810971312
0.03545684760557937
0.03194634049312996
0.023761642161475187
0.01685844673124789
0.030866334875307405
0.0016595561338279676
0.006989708582001534
0.005497244034661164
0.021720508789739797
0.015779022375543066
0.036019254660944945
0.017439041338820883
0.027464448506983846
0.00474208814344134
0.031555201399373616
0.02940646964404767
0.027406656152183132
0.013602464433761067
0.029814731358747546
0.03489875371214799
0.03265932384048513
0.02114810567361171
0.011156187278351926
0.021278691083364186
0.013658130412587222
0.02157610462977499
0.016844275728412475
0.029713461040980323
0.017510158924507024
0.026858455379993977
0.010899630875754605
0.00954978911635404
0.012706231030215844
0.0050997757193970315
0.016941433658601037
0.03258844802398781
0.02099730734267253
0.01132871987349955
0.019244101659309044
0.02516828472397383
0.03344579670030998
0.020003997474768727
0.0022055536297547157
0.0187270012804573
0.030635609407188544
0.03671096402124667
0.02578099966436161
0.005952986107806741
0.01558817430911853
0.03442616428909509
0.02532323767291679
0.022974446767726635
0.01741318313018919
0.030059949109981405
0.02344671467936306
0.03398760515061989
0.01445428143634493
0.0072019129604811724
0.027769639536603427
0.018443331595905884
0.024662591114242557
0.028663052039877217
0.03358275917690683
0.03263755536801671
0.021422867342353682
0.013691669635421686
---weights per flow tunnel---
0.48589201021560596,0.5141079897843939,0.0,0.0
0.0,0.3100024083505649,0.6899975916494352,0.0
0.5,0.0,0.25000000000000006,0.24999999999999997
0.5,0.5,0.0,0.0
0.0,0.33333333333333337,0.33333333333333337,0.3333333333333333
0.9038835746984513,0.09611642530154871,0.0,0.0
0.3333333333333333,0.3333333333333333,0.0,0.3333333333333333
0.0,0.0,0.5,0.5
0.0,0.0,0.5,0.5
0.5,0.0,0.5,0.0
0.0,0.3333333333333333,0.3333333333333333,0.3333333333333333
0.5,0.5,0.0,0.0
0.0,0.5,0.0,0.5
0.5,0.0,0.5,0.0
0.0,0.5,0.0,0.5
0.47536778561774345,0.0,0.04926442876451313,0.47536778561774345
0.0,0.5,0.0,0.5
0.5,0.5,0.0,0.0
0.5,0.5,0.0,0.0
0.5,0.22768805823470512,0.27231194176529483,0.0
0.0,0.33444846708200127,0.33444846708200127,0.33110306583599747
0.3333333333333333,0.0,0.3333333333333333,0.3333333333333333
0.5,0.5,0.0,0.0
0.4949986297213562,0.0050013702786437676,0.5,0.0
0.5,0.5,0.0,0.0
0.5,0.5,0.0,0.0
0.5,0.5,0.0,0.0
0.8909719492290005,0.10902805077099947,0.0,0.0
0.5,0.5,0.0,0.0
0.3550229079323403,0.6449770920676596,0.0,0.0
0.931889763751576,0.06811023624842406,0.0,0.0
0.5,0.5,0.0,0.0
0.5,0.5,0.0,0.0
0.5,0.5,0.0,0.0
0.5,0.5,0.0,0.0
0.5,0.5,0.0,0.0
0.5,0.5,0.0,0.0
0.5,0.5,0.0,0.0
0.5,0.5,0.0,0.0
0.5,0.5,0.0,0.0
0.5,0.5,0.0,0.0
0.5,0.5,0.0,0.0
0.5,0.5,0.0,0.0
0.5,0.5,0.0,0.0
0.5,0.5,0.0,0.0
0.5,0.5,0.0,0.0
0.5,0.5,0.0,0.0
0.5,0.5,0.0,0.0
0.0,0.5,0.5,0.0
0.5,0.5,0.0,0.0
0.5,0.5,0.0,0.0
0.5,0.5,0.0,0.0
0.3333333333333333,0.3333333333333333,0.0,0.3333333333333333
0.5,0.0,0.5,0.0
0.33333333333333337,0.3333333333333333,0.0,0.3333333333333333
0.5,0.0,0.5,0.0
0.0,0.0,0.5,0.5
0.4265267324720871,0.42652673247209005,0.14694653505582278,0.0
0.5,0.0,0.5,0.0
0.0,0.5,0.5,0.0
0.0,0.3333333333333333,0.3333333333333334,0.3333333333333333
0.0,0.5,0.5,0.0
1.0,0.0,0.0,0.0
0.5,0.0,0.5,0.0
0.0,0.5,0.0,0.5
0.5,0.5,0.0,0.0
0.09018336535829853,0.9098166346417015,0.0,0.0
0.3333333333333333,0.3333333333333333,0.3333333333333333,0.0
0.5,0.5,0.0,0.0
0.0,0.0,0.1695010574124961,0.8304989425875039
0.5,0.5,0.0,0.0
0.0,0.5,0.5,0.0
0.39999999999999997,0.0,0.39999999999999997,0.2
0.5,0.5,0.0,0.0
0.5,0.0,0.5,0.0
0.15411884969440984,0.8458811503055902,0.0,0.0
0.5,0.3028196011482,0.19718039885179997,0.0
0.5,0.5,0.0,0.0
0.5,0.0,0.5,0.0
0.013439995152894815,0.986560004847105,0.0,0.0
0.5,0.5,0.0,0.0
0.33333333333333337,0.33333333333333337,0.33333333333333337,0.0
0.25000000000000006,0.25000000000000006,0.25,0.25
0.33333333333333337,0.33333333333333337,0.33333333333333337,0.0
0.0,0.14579001167827552,0.8542099883217246,0.0
0.3333333333333333,0.3333333333333333,0.3333333333333333,0.0
0.31557623144502545,0.31557623144502545,0.31557623144502545,0.0532713056649236
0.5,0.0,0.5,0.0
0.294957080926226,0.294957080926226,0.294957080926226,0.11512875722132196
0.5,0.5,0.0,0.0
0.4977858134715846,0.5022141865284154,0.0,0.0
0.5,0.0,0.5,0.0
0.33333333333333337,0.33333333333333337,0.33333333333333337,0.0
0.0,0.5,0.5,0.0
0.5,0.5,0.0,0.0
0.5,0.0,0.5,0.0
0.5,0.5,0.0,0.0
0.5,0.5,0.0,0.0
0.5,0.5,0.0,0.0
0.5,0.5,0.0,0.0
1.0,0.0,0.0,0.0
0.3859986894410467,0.6140013105589532,0.0,0.0
0.5,0.5,0.0,0.0
0.5,0.5,0.0,0.0
0.5,0.5,0.0,0.0
0.5,0.5,0.0,0.0
0.5,0.5,0.0,0.0
0.5,0.5,0.0,0.0
0.5,0.5,0.0,0.0
0.5,0.5,0.0,0.0
0.5,0.5,0.0,0.0
0.5,0.5,0.0,0.0
0.5,0.5,0.0,0.0
0.5,0.5,0.0,0.0
0.5,0.5,0.0,0.0
0.5,0.5,0.0,0.0
0.5,0.5,0.0,0.0
0.5,0.5,0.0,0.0
0.5,0.5,0.0,0.0
0.5,0.5,0.0,0.0
0.06681545856997857,0.0,0.8663690828600428,0.06681545856997854
0.5,0.5,0.0,0.0
0.5,0.0,0.0,0.5
0.4176480006518165,0.4176480006518165,0.0,0.16470399869636695
1.0,0.0,0.0,0.0
0.5,0.0,0.5,0.0
0.0,0.5,0.5,0.0
0.5,0.5,0.0,0.0
0.5,0.5,0.0,0.0
0.5,0.5,0.0,0.0
0.5,0.5,0.0,0.0
0.5,0.5,0.0,0.0
0.0,0.0,0.5,0.5
0.5,0.5,0.0,0.0
0.0,0.36190193562193007,0.6380980643780699,0.0
0.3333333333333333,0.3333333333333333,0.0,0.3333333333333333
0.33333333333333337,0.0,0.33333333333333337,0.33333333333333337
0.5,0.5,0.0,0.0
0.4999999999999999,0.5,0.0,0.0
0.5,0.0,0.5,0.0
0.0,0.5588166632703953,0.2205916683648024,0.2205916683648024
0.1103628510991546,0.7792742978016909,0.1103628510991546,0.0
0.5,0.5,0.0,0.0
0.33444846708200127,0.33110306583599747,0.33444846708200127,0.0
0.5063449041987778,0.0,0.0,0.4936550958012222
0.5,0.5,0.0,0.0
0.5,0.5,0.0,0.0
0.5,0.0,0.0,0.5
0.5,0.5,0.0,0.0
0.0,0.0,0.5,0.5
0.5,0.5,0.0,0.0
0.5,0.0,0.5,0.0
0.0,0.5,0.5,0.0
0.5,0.5,0.0,0.0
0.0,0.5,0.0,0.5
0.5000000000000001,0.5,0.0,0.0
0.5,0.5,0.0,0.0
0.5,0.0,0.5,0.0
0.18652251652434398,0.7202162252134839,0.09326125826217199,0.0
0.5,0.5,0.0,0.0
0.3333333333333333,0.0,0.3333333333333333,0.3333333333333333
0.5,0.5,0.0,0.0
0.5,0.5,0.0,0.0
0.5,0.0,0.5,0.0
0.0,0.5,0.0,0.5
0.3333333333333333,0.0,0.3333333333333333,0.3333333333333333
0.5,0.5,0.0,0.0
0.3333333333333333,0.3333333333333333,0.3333333333333333,0.0
0.06882798386067719,0.9311720161393228,0.0,0.0
0.5,0.5,0.0,0.0
0.4980148761319494,0.4980148761319494,0.003970247736101253,0.0
0.5,0.0,0.5,0.0
0.5,0.5,0.0,0.0
0.0,0.1423958258308937,0.0,0.8576041741691064
0.5,0.5,0.0,0.0
0.5,0.5,0.0,0.0
0.0,0.08003401705141687,0.7970538209744413,0.122912161974142
0.5,0.0,0.5,0.0
0.0,0.5,0.0,0.5
0.5,0.5,0.0,0.0
0.5,0.5,0.0,0.0
0.5,0.0,0.5,0.0
0.5,0.0,0.5,0.0
0.0,0.5,0.0,0.5
0.0,0.0,0.5,0.5
0.5,0.5,0.0,0.0
0.5,0.5,0.0,0.0
0.15107865682821672,0.4244606715858916,0.4244606715858916,0.0
0.0,0.11602181644550347,0.44198909177724827,0.44198909177724827
0.5,0.0,0.5,0.0
0.5,0.5,0.0,0.0
0.4949986297213562,0.005001370278643767,0.5,0.0
0.4,0.4,0.0,0.20000000000000004
0.5,0.5,0.0,0.0
0.5,0.0,0.5,0.0
0.27876183796603343,0.7212381620339666,0.0,0.0
0.9285845662718649,0.07141543372813507,0.0,0.0
0.03946562701065237,0.7813135057848521,0.0,0.17922086720449554
0.5,0.5,0.0,0.0
0.5,0.5,0.0,0.0
0.24560984630892807,0.377195076845536,0.377195076845536,0.0
0.3333333333333333,0.3333333333333333,0.3333333333333333,0.0
0.0,0.5,0.0,0.5
0.0,0.29991718729673017,0.7000828127032699,0.0
0.1298881751013355,0.0,0.8701118248986645,0.0
0.8678500729755951,0.06607496351220242,0.06607496351220242,0.0
0.5,0.5,0.0,0.0
0.049264428764513125,0.4753677856177434,0.0,0.4753677856177434
0.0,0.3333333333333333,0.3333333333333333,0.3333333333333333
0.5,0.5,0.0,0.0
0.5,0.5,0.0,0.0
0.5,0.0,0.5,0.0
0.33333333333333337,0.33333333333333337,0.33333333333333337,0.0
0.5,0.0,0.5,0.0
0.5,0.5,0.0,0.0
0.5,0.0,0.5,0.0
0.5,0.5,0.0,0.0
0.5,0.5,0.0,0.0
0.0,0.0,0.5,0.5
0.5,0.0,0.5,0.0
0.5,0.5,0.0,0.0
0.5,0.5,0.0,0.0
0.0,0.5,0.5,0.0
0.24560984630892213,0.0,0.37719507684553893,0.37719507684553893
0.3333333333333333,0.3333333333333333,0.3333333333333333,0.0
0.5,0.5,0.0,0.0
0.25,0.24999999999999994,0.25,0.24999999999999994
0.0,0.5,0.5,0.0
0.02169525118547243,0.0,0.0,0.9783047488145277
0.9484307497754519,0.0,0.05156925022454799,0.0
0.5,0.5,0.0,0.0
0.12749426199858205,0.0,0.872505738001418,0.0
0.0,0.8374337502562913,0.08128312487185431,0.08128312487185431
0.5,0.5,0.0,0.0
0.5,0.5,0.0,0.0
0.0,0.5,0.5,0.0
0.0,0.3333333333333333,0.3333333333333333,0.3333333333333333
0.3333333333333333,0.0,0.3333333333333333,0.3333333333333333
0.5,0.5,0.0,0.0
0.5,0.4999999999999999,0.0,0.0
0.0,0.5,0.5,0.0
0.5,0.5,0.0,0.0
0.5,0.5,0.0,0.0
0.3221978629893392,0.3556042740213216,0.3221978629893392,0.0
0.5,0.5,0.0,0.0
0.5,0.5,0.0,0.0
0.5,0.5,0.0,0.0
0.5,0.5,0.0,0.0
0.3333333333333333,0.3333333333333333,0.3333333333333333,0.0
0.0,0.5,0.5,0.0
0.3636124730841412,0.3636124730841412,0.2727750538317176,0.0
0.3333333333333333,0.3333333333333333,0.3333333333333333,0.0
0.5,0.5,0.0,0.0
0.06335271848710194,0.936647281512898,0.0,0.0
0.5,0.5,0.0,0.0
0.0,0.5,0.5,0.0
0.5,0.5,0.0,0.0
0.5,0.5,0.0,0.0
0.5,0.5,0.0,0.0
0.0,0.5,0.5,0.0
0.5,0.5,0.0,0.0
0.5,0.5,0.0,0.0
0.5,0.5,0.0,0.0
0.5,0.5,0.0,0.0
0.5,0.0,0.5,0.0
0.5,0.5,0.0,0.0
0.10226222135862724,0.0,0.8977377786413727,0.0
0.3333333333333333,0.3333333333333333,0.3333333333333333,0.0
0.5,0.5,0.0,0.0
0.0,0.5,0.5,0.0
0.5,0.5,0.0,0.0
0.0,0.5,0.5,0.0
0.06128512514643735,0.0,0.9387148748535626,0.0
0.1499436589357341,0.35005634106426586,0.35005634106426586,0.1499436589357341
0.03892877028045623,0.0,0.9610712297195438,0.0
0.8272550212366222,0.17274497876337777,0.0,0.0
0.5,0.0,0.5,0.0
0.026872480994998886,0.9731275190050012,0.0,0.0
0.5,0.0,0.5,0.0
0.0,0.5,0.5,0.0
0.5,0.5,0.0,0.0
0.5,0.5,0.0,0.0
0.5,0.5,0.0,0.0
0.0,0.5,0.5,0.0
0.5,0.5,0.0,0.0
0.25607555036211216,0.25607555036211216,0.23177334891366344,0.25607555036211216
0.5,0.5,0.0,0.0
0.4746123738359304,0.05077525232813935,0.4746123738359304,0.0
0.005001370278643767,0.4949986297213562,0.5,0.0
0.5,0.5,0.0,0.0
0.0,0.5,0.5,0.0
0.3333333333333333,0.3333333333333333,0.3333333333333333,0.0
0.5,0.5,0.0,0.0
0.0890200696239748,0.9109799303760252,0.0,0.0
0.3333333333333333,0.3333333333333333,0.3333333333333333,0.0
0.5,0.5,0.0,0.0
0.5,0.0,0.5,0.0
0.5,0.5,0.0,0.0
0.4690227870306667,0.26548860648466666,0.26548860648466666,0.0
0.49999999999999994,0.28252483003961454,0.21747516996038546,0.0
0.0,0.5,0.5,0.0
0.5,0.0,0.5,0.0
0.5,0.5,0.0,0.0
0.5,0.20476310697200445,0.2952368930279956,0.0
0.5,0.0,0.5,0.0
0.5,0.5,0.0,0.0
0.5,0.5,0.0,0.0
0.5,0.0,0.5,0.0
0.0,0.5,0.5,0.0
0.0,0.5,0.5,0.0
0.5,0.5,0.0,0.0
0.5,0.0,0.5,0.0
0.5,0.0,0.0,0.5
0.5,0.5,0.0,0.0
0.0,0.0,0.8949098782348027,0.10509012176519726
0.0,0.47168741347134796,0.5283125865286521,0.0
0.5,0.5,0.0,0.0
0.0,0.5,0.5,0.0
0.0,0.2749580625294974,0.0,0.7250419374705025
0.5,0.5,0.0,0.0
0.0,0.0,0.5,0.5
0.023542703298484135,0.0,0.480090254664008,0.49636704203750787
0.5,0.5,0.0,0.0
0.5,0.0,0.5,0.0
0.3333333333333333,0.3333333333333334,0.3333333333333333,0.0
0.0,0.5,0.5,0.0
0.5,0.5,0.0,0.0
0.5,0.5,0.0,0.0
0.0,0.5,0.5,0.0
0.5,0.5,0.0,0.0
0.5,0.5,0.0,0.0
0.0,0.5,0.5,0.0
0.0,0.5,0.0,0.5
0.3333333333333333,0.3333333333333333,0.0,0.3333333333333333
0.5,0.5,0.0,0.0
0.0,0.5,0.5,0.0
0.5,0.0,0.5,0.0
0.5,0.5,0.0,0.0
0.0,0.5,0.5,0.0
0.3333333333333333,0.3333333333333333,0.3333333333333333,0.0
0.5,0.5,0.0,0.0
0.5,0.5,0.0,0.0
0.5,0.0,0.5,0.0
0.5,0.5,0.0,0.0
0.5925755515711286,0.2037122242144357,0.2037122242144357,0.0
0.5,0.0,0.5,0.0
0.055741011195825974,0.944258988804174,0.0,0.0
0.014598234981881248,0.9854017650181188,0.0,0.0
0.5,0.5,0.0,0.0
0.0,0.5,0.5,0.0
0.5,0.0,0.5,0.0
0.0,0.5,0.5,0.0
0.0,0.5,0.5,0.0
0.5,0.5,0.0,0.0
0.5,0.5,0.0,0.0
0.0,0.5,0.5,0.0
0.0,0.5,0.5,0.0
0.0,0.5,0.5,0.0
0.5,0.5,0.0,0.0
0.5,0.0,0.5,0.0
0.3333333333333333,0.3333333333333333,0.0,0.3333333333333333
0.5,0.5,0.0,0.0
0.0,0.17742178921283125,0.8225782107871689,0.0
0.0,0.01767193779000667,0.9646561244199865,0.01767193779000667
0.5,0.5,0.0,0.0
0.3333333333333333,0.3333333333333333,0.0,0.3333333333333333
0.47536778561774345,0.47536778561774345,0.0,0.049264428764513125
0.4648830468498573,0.07023390630028534,0.07023390630028534,0.394649140549572
0.5,0.5,0.0,0.0
0.0,0.5,0.5,0.0
0.5,0.5,0.0,0.0
0.7882898510306869,0.211710148969313,0.0,0.0
0.5,0.5,0.0,0.0
0.0,0.5,0.5,0.0
0.5,0.5,0.0,0.0
0.0,0.0,0.5,0.5
0.5,0.0,0.0,0.5
0.23584088845919898,0.764159111540801,0.0,0.0
0.5,0.5,0.0,0.0
0.5,0.0,0.5,0.0
0.0,0.0,0.047598591228283665,0.9524014087717163
0.5,0.5,0.0,0.0
0.5,0.5,0.0,0.0
0.5,0.5,0.0,0.0
0.3333333333333333,0.3333333333333333,0.0,0.3333333333333333
0.5,0.5,0.0,0.0
0.3333333333333333,0.0,0.3333333333333333,0.3333333333333333
0.0,0.0,0.5,0.5
0.5,0.5,0.0,0.0
0.3333333333333333,0.3333333333333333,0.0,0.3333333333333333
0.5,0.5,0.0,0.0
0.4648830468498573,0.07023390630028532,0.39464914054957195,0.07023390630028532
0.0,0.5,0.5,0.0
0.5,0.0,0.5,0.0
0.5,0.0,0.5,0.0
0.5,0.5,0.0,0.0
0.0,0.5,0.5,0.0
0.3333333333333333,0.3333333333333333,0.3333333333333333,0.0
0.0,0.5,0.5,0.0
0.013587718352763359,0.013587718352763357,0.013587718352763357,0.9592368449417099
0.5,0.0,0.0,0.5
0.5,0.5,0.0,0.0
0.5,0.5,0.0,0.0
0.3557984995086889,0.2884030009826223,0.3557984995086889,0.0
0.25,0.25,0.25,0.25
0.0,0.9271686422392443,0.07283135776075571,0.0
0.06968990179078928,0.9303100982092107,0.0,0.0
0.5,0.5,0.0,0.0
0.12500000000000003,0.375,0.125,0.375
0.5,0.5,0.0,0.0
0.0,0.3333333333333333,0.3333333333333333,0.33333333333333337
0.0,0.12309166820360581,0.12309166820360581,0.7538166635927883
0.5,0.5,0.0,0.0
0.0,0.3333333333333333,0.3333333333333333,0.3333333333333333
0.375,0.125,0.37499999999999994,0.125
0.0,0.0,0.5,0.5
0.0,0.3333333333333333,0.3333333333333333,0.3333333333333333
0.0,0.5,0.5,0.0
0.5,0.5,0.0,0.0
0.5,0.0,0.5,0.0
0.5,0.0,0.5,0.0
0.0,0.5,0.5,0.0
0.5,0.5,0.0,0.0
0.3333333333333333,0.0,0.3333333333333333,0.3333333333333333
0.0,0.3333333333333333,0.3333333333333333,0.3333333333333333
0.5,0.5,0.0,0.0
0.5,0.5,0.0,0.0
0.5,0.0,0.5,0.0
0.0,0.023524530130588042,0.5169888810331097,0.45948658883630233
0.0,0.4386607036061886,0.5613392963938114,0.0
0.5,0.5,0.0,0.0
0.5,0.0,0.5,0.0
0.5,0.5,0.0,0.0
0.5,0.5,0.0,0.0
0.5,0.5,0.0,0.0
0.5,0.5,0.0,0.0
0.5,0.5,0.0,0.0
0.5,0.5,0.0,0.0
0.5,0.5,0.0,0.0
0.5,0.5,0.0,0.0
0.5,0.5,0.0,0.0
0.5,0.5,0.0,0.0
0.5,0.5,0.0,0.0
0.5,0.5,0.0,0.0
0.5,0.5,0.0,0.0
0.8539025398735792,0.14609746012642086,0.0,0.0
0.5,0.5,0.0,0.0
0.5,0.5,0.0,0.0
0.30860171387924584,0.6913982861207542,0.0,0.0
0.5,0.5,0.0,0.0
0.8630104841463367,0.13698951585366329,0.0,0.0
0.6944203640684725,0.30557963593152754,0.0,0.0
0.06533183119572489,0.9346681688042752,0.0,0.0
0.4057812481477951,0.5942187518522049,0.0,0.0
0.5,0.5,0.0,0.0
0.34122631577090673,0.6587736842290933,0.0,0.0
0.5,0.5,0.0,0.0
0.5,0.5,0.0,0.0
0.5,0.5,0.0,0.0
0.8374428170057315,0.16255718299426852,0.0,0.0
0.5,0.5,0.0,0.0
0.5,0.5,0.0,0.0
0.5,0.5,0.0,0.0
0.5,0.5,0.0,0.0
0.5,0.5,0.0,0.0
0.22348386718490135,0.7765161328150988,0.0,0.0
0.5,0.5,0.0,0.0
0.5,0.5,0.0,0.0
0.5,0.5,0.0,0.0
0.5,0.5,0.0,0.0
0.5,0.5,0.0,0.0
0.5,0.5,0.0,0.0
0.5,0.5,0.0,0.0
0.5,0.5,0.0,0.0
0.5,0.5,0.0,0.0
0.026071315543922894,0.973928684456077,0.0,0.0
0.5,0.5,0.0,0.0
0.5,0.5000000000000001,0.0,0.0
0.5,0.5,0.0,0.0
0.5,0.5,0.0,0.0
0.4974867451425313,0.4974867451425313,0.005026509714937369,0.0
0.5,0.5,0.0,0.0
0.0771348755308607,0.9228651244691394,0.0,0.0
0.5,0.0,0.5,0.0
0.5,0.5,0.0,0.0
0.3333333333333333,0.3333333333333333,0.33333333333333337,0.0
0.49748674514253133,0.49748674514253133,0.00502650971493737,0.0
0.4244606715858917,0.4244606715858917,0.15107865682821658,0.0
0.5,0.0,0.5,0.0
0.5,0.5,0.0,0.0
0.0,0.5,0.5,0.0
0.5,0.5,0.0,0.0
0.0,0.2936413255038783,0.7063586744961218,0.0
0.0,0.5,0.5,0.0
0.0,0.5,0.5,0.0
0.5,0.5,0.0,0.0
0.7997226169431161,0.20027738305688383,0.0,0.0
0.8605725341613332,0.0,0.13942746583866675,0.0
0.5,0.5,0.0,0.0
0.5,0.5,0.0,0.0
0.5,0.5,0.0,0.0
0.5,0.0,0.5,0.0
0.5,0.5,0.0,0.0
0.5,0.5,0.0,0.0
0.25,0.25,0.25,0.25
0.5,0.5,0.0,0.0
0.5,0.5,0.0,0.0
0.0,0.33333333333333337,0.33333333333333337,0.33333333333333337
0.5,0.5,0.0,0.0
0.5,0.0,0.0,0.5
0.25,0.25,0.25,0.25
0.25,0.25,0.25,0.25
0.33333333333333337,0.33333333333333337,0.33333333333333337,0.0
0.0,0.3333333333333333,0.3333333333333333,0.3333333333333333
0.3333333333333333,0.3333333333333333,0.3333333333333333,0.0
0.5,0.5,0.0,0.0
0.0,0.5,0.5,0.0
0.0,0.9707578473531284,0.0,0.02924215264687165
0.0,0.5,0.5,0.0
0.0,0.1276251668900509,0.8343871018506833,0.037987731259265765
0.5,0.0,0.5,0.0
0.4,0.2,0.2,0.2
0.5,0.5,0.0,0.0
0.5,0.5,0.0,0.0
0.08835040387193889,0.8232991922561222,0.08835040387193889,0.0
0.5,0.5,0.0,0.0
0.5,0.5,0.0,0.0
0.5,0.5,0.0,0.0
0.25,0.25,0.25,0.25
0.5,0.5,0.0,0.0
0.0,0.5,0.0,0.5
0.0,0.5,0.5,0.0
0.5,0.5,0.0,0.0
0.5,0.0,0.5,0.0
0.25000000000000006,0.25,0.25000000000000006,0.25000000000000006
0.5,0.5,0.0,0.0
0.0,0.5,0.5,0.0
0.0,0.5,0.0,0.5
0.5,0.0,0.5,0.0
0.5,0.0,0.5,0.0
0.3333333333333333,0.3333333333333333,0.3333333333333333,0.0
0.3333333333333333,0.3333333333333333,0.3333333333333333,0.0
0.0,0.5,0.5,0.0
0.3333333333333333,0.3333333333333333,0.0,0.3333333333333333
0.044759475257604014,0.044759475257604014,0.044759475257604014,0.865721574227188
0.0,0.5,0.5,0.0
0.5262341055487724,0.4737658944512276,0.0,0.0
0.5,0.5,0.0,0.0
0.0,0.5,0.5,0.0
0.5,0.0,0.0,0.5
0.5,0.5,0.0,0.0
0.33195330057743355,0.3340233497112832,0.3340233497112833,0.0
0.5,0.5,0.0,0.0
0.5,0.5,0.0,0.0
0.5,0.5,0.0,0.0
0.5,0.5,0.0,0.0
0.5,0.5,0.0,0.0
0.5,0.5,0.0,0.0
0.5,0.5,0.0,0.0
0.5,0.5,0.0,0.0
0.5,0.5,0.0,0.0
0.5,0.5,0.0,0.0
0.5,0.5,0.0,0.0
0.5,0.5,0.0,0.0
0.5,0.5,0.0,0.0
0.5,0.5,0.0,0.0
0.5,0.5,0.0,0.0
0.5,0.5,0.0,0.0
0.5,0.5,0.0,0.0
0.5,0.5,0.0,0.0
0.5,0.5,0.0,0.0
0.5,0.5,0.0,0.0
0.5,0.5,0.0,0.0
0.822666824685259,0.177333175314741,0.0,0.0
0.5,0.5,0.0,0.0
0.5,0.5,0.0,0.0
0.33444846708200127,0.3311030658359975,0.33444846708200127,0.0
0.5,0.5,0.0,0.0
0.5,0.5,0.0,0.0
0.0,0.5,0.5,0.0
0.5,0.5,0.0,0.0
0.33444846708200127,0.3311030658359975,0.33444846708200127,0.0
0.5,0.0,0.5,0.0
0.0050013702786437676,0.4949986297213563,0.5,0.0
0.5,0.0,0.5,0.0
0.5,0.5,0.0,0.0
0.5,0.5,0.0,0.0
0.5,0.5,0.0,0.0
0.3333333333333333,0.3333333333333333,0.3333333333333333,0.0
0.0,0.5,0.5,0.0
0.5,0.0,0.5,0.0
0.1273108906730832,0.0,0.8726891093269168,0.0
0.5,0.0,0.5,0.0
0.5,0.0,0.5,0.0
0.5,0.5,0.0,0.0
0.5,0.5,0.0,0.0
0.5,0.5,0.0,0.0
0.5,0.0,0.5,0.0
0.0,0.5,0.5,0.0
0.20905970464747647,0.7909402953525234,0.0,0.0
