---flow_allocation with alpha---
0.010017627901847426
0.01596721202243074
0.004073881345700073
0.011398076872455516
0.016548326670284847
0.015265179375323746
0.002089479348443544
0.018802358223687192
0.005208695929786742
0.009419143521447126
0.004479052992793935
0.007919748218757884
0.0115013094341468
0.003444445265444215
0.0026304790080088443
0.003258683342313052
0.016438421613597966
0.0012716023199493042
0.0029922807282493167
0.0008338605380435038
0.005822149791111323
0.016029759341239336
0.0009388611470994132
0.016635944739892994
0.00019450620747083952
0.006721437711641777
0.016592613730135847
0.019655803194743516
0.01357640176749167
0.012430038137982628
0.0032069873409871033
0.0004724073442266515
0.011305822505922887
0.017971430565381228
0.0018012928897596068
0.015666006603714925
0.006078034067133197
0.013258964345624834
0.006231065918100274
0.01953594350224041
0.0057077168494109164
0.0008730865188789988
0.015723707155588764
0.0054927969868702655
0.016405260673582656
0.01488259056466268
0.005316564788402505
0.00162471738690716
0.007806149512668965
0.00520454510378219
0.00376465622536628
0.007589296800774509
1.8651509800520122e-5
0.01104363246897049
0.006693136146906177
0.00931730879831466
0.009501255616163804
0.018240862954809874
0.008452441361677053
0.001501986367216694
0.005691440071743561
0.0016786378179737922
0.004529738539513945
0.018059332570946635
0.008959619979765566
0.0034515033573831668
0.011674341594953602
0.006895222898405156
0.011105389532457483
0.014742150479173604
0.011853252024302126
0.00279335440236691
0.01975901887912265
0.015176336211410499
0.0018284759850915409
0.0004740222150918185
0.013490537945563512
0.0018890286041612352
0.010787744618929574
0.0005670144477835877
0.017699792211976952
0.002702408623195342
0.013361305388121645
0.0057127130301973085
0.0040032100830514296
0.001718330079232525
0.0028369967488939777
0.013771271184647696
0.01661491263061139
0.017182351691712873
0.00018479679900007868
0.0029263670806159827
0.008014407105879612
0.003983264078445488
0.018922047157502717
0.0070752707593139345
0.003783692344291003
0.00895972322920457
0.006952385758969722
0.015503145505433026
0.006047085742740067
0.01394847204155426
0.009098866740007698
0.007977130087267107
0.014678797020514328
0.0064268808618496345
0.012410688796000158
0.008403052886034523
0.009753954646992422
0.0039872229994831225
0.015113835553406067
0.0043070185789698115
0.015409585629166845
0.01015652222410065
0.010828125077410588
0.012407949707517366
0.01285854515107433
0.0005429378302363465
0.0015202070141299034
0.0031678469678355055
0.004492454571419968
0.008108786028176353
0.019523593280882694
0.003400929796593154
0.015923192021224854
0.004051843944284472
0.00775046182846416
0.010179437642861009
0.0143645603312566
0.01922789681540755
0.011995916936645111
0.005316601521375996
0.014789628840194571
0.008663953297782443
0.013522690217982405
0.01923050584930852
0.012279349552889394
0.002970319572573288
0.01957668731932407
0.00922994488117175
0.006385720969382452
0.011574494423521948
0.015284561479147436
0.01408155163338207
0.01928720567585048
0.0074555605822259575
0.0018380628940596227
0.01739604626139181
0.0016078846507220927
0.00034394927671127864
0.00275409310823771
0.01157316905812705
0.002367659348035141
0.0047654109436244445
0.014649372915964487
0.010158453187166627
0.0020391903192806303
0.001281218317461259
0.01673056093734283
0.010169493927658523
0.01579906633988139
0.0118688287906287
0.006987624196831752
0.016593394057626776
0.0014432848914543626
0.011320769847784767
0.01544745633205362
0.018325316031999342
0.0029926907476561285
0.006016880317916228
0.011365583082661458
0.005704190980347255
0.006482287092054849
0.015374045980922185
0.0068490472673251555
0.012202493251731217
0.017882530812833145
0.011611823066853957
0.002124767524737247
0.002973817345876143
0.007365795122843151
0.002128831382945099
0.009985571929386063
0.004903598801446951
0.0171449307195556
0.004805832503324446
0.0035064784219022344
0.0007357449788379086
0.00642180635047923
0.000845691633135309
0.00010711913862679962
0.012633684750237012
0.014876837386787441
0.0018859079891456634
0.014310575766403818
0.012769787366504875
0.00874240698689597
0.0015257117976816938
0.015401250222533455
0.01501059405666718
0.01949872108669661
0.0186340467463656
0.008413656801976789
0.0035029683380893455
0.004389906335097002
0.010166675416530343
0.014612060157161556
0.01769394074857805
0.017975295469862387
0.01578188622890106
0.00820944827450629
0.0001470678158961653
0.012641815643558532
0.01483928933839755
0.0006576240706085539
0.017201482621420527
0.0022231629494895255
0.011895809656049815
0.0093692184465567
0.014611301670898108
0.004130512670210385
0.010368230234861841
0.0073927402480738445
0.004089232750270361
0.0017113696771473997
0.0035316547055418467
0.009473660218024005
0.018066065625709345
0.013530900533949314
0.01411243314347477
0.009096313301958498
0.013502946741122202
0.0036791505002905117
0.013539945780475852
0.017933933148927772
0.011632139379544016
0.01581896369811703
0.0012631782577879986
0.01768525687508802
0.015623149151480895
0.010867191091110442
4.3623738794036716e-5
0.014216108486414086
0.015622653752730295
0.008733718149490605
0.0023304899471071343
0.0012408853140108646
0.008830568108841957
0.00774332371820998
0.006190027244445614
0.008263109192079118
0.019061104296178986
0.018073021063879133
0.014548268881169583
0.0005021355779413427
0.017597196024231838
0.0071832041488290735
0.008120464135397479
0.01837895411556162
0.015497308933780133
0.006946512057230109
0.0006027435786044807
0.015069237256063458
0.0065792468532134465
0.011132975002766611
0.011347989973925113
0.015494645296810458
0.013080069800805385
0.007093580955259817
0.014858090664126848
0.006697725286634959
0.006302698691149637
0.011705449459585652
0.004428443890370112
0.015831828181103628
0.001634860850062793
0.0030487597598370998
0.014579808606435927
0.001797867291785748
0.018151784501309665
0.0003645183718259439
0.01869518431321857
0.016120739967096565
0.019367281572496044
0.009609774747688676
0.012551556770991255
0.017540464428631723
0.013740232814830357
0.011141123766183344
0.010857994941557666
0.018032137264382974
0.005011950152633442
0.019588478603814876
0.01292926307452714
0.0013656279107523762
0.0007382107144309399
0.005267722839838547
0.014419499953420165
0.009975589495643955
0.014321392137922493
0.01181353970882543
0.005227470946764755
0.001363496405506796
0.011652835928148867
0.002779846198839446
0.0035941186305727853
0.001789250331874458
0.002710301744972234
0.0052610341624789525
0.006826324249923249
0.0037892090412396016
0.019305612866702043
0.014966488676117504
0.013290640082171404
0.0018118685113844531
0.01775229951562553
0.01089483612840361
0.008353796946931485
0.005511116514976983
0.012219660456531672
0.014470616864382934
0.014594152336192866
0.019032179561512017
0.018521650796962764
0.01903473597791042
0.010473724356380524
0.00941609964856266
0.015250785013630372
0.017804264759719343
0.01075794822072948
0.012295176500548939
0.017224046594975048
0.013835262010036204
0.014797721511367996
0.012156740844072825
0.0016611091408585189
0.01288797819067178
0.012107420374070407
0.012495487361697057
0.016733436037105847
0.009299408919610508
0.008618185998378039
0.006118498515061708
0.002111033065948736
0.0038314869067189164
0.009694553457724228
0.005994856021237116
0.010609245201770928
0.012275996924470985
0.0012594288139775732
0.009886937938862703
0.004136856752567306
0.005910976772660572
0.005766884635379978
0.010313449457989052
0.01695312105981312
0.013486987753314701
0.0015214274423545854
0.0005639817536364594
0.014377230228762002
0.0005219656751241716
0.0039743449153685
0.016652755535572276
0.0008595240299734129
0.0023869387980896698
0.010709050676313751
0.005788946359980728
0.0005258801691195424
0.006214393119267355
0.0008124771225456832
0.010735840927385937
0.006797635996182919
0.009819479322219972
0.01677368246987277
0.013625926750805957
0.017295002786364016
0.014687586129009495
0.004082750869623694
0.013125994952717497
0.00870887573879654
0.018086910098991226
0.018099502559417373
0.013926380632739795
0.014245638818752134
0.00196959930388756
0.014792465717809495
0.019763737577041723
0.0042047692696284234
0.005922913003479209
0.007912673050950175
0.01846043877137974
0.0022651473482941343
0.017520424109634385
0.008169020162438043
0.010646445776087251
0.008158864984442217
0.011916737523109358
0.01833909188984176
0.0037215568318987404
0.012285271503886079
0.0016849624417825926
0.014781342576323011
0.000168746306377261
0.014119945532945335
0.018822028234600417
0.0036032388322209106
0.018400512399868924
0.014027824199343729
0.010851716581439805
0.01853846953490658
0.0018128646699142226
0.014471427471757415
0.005873444608799759
0.007530412454371174
0.01168274153248637
0.01688683094884065
0.010722325178707161
0.005989610751179128
0.00828613480975995
0.0001411227330540093
0.013052725576781624
0.012367350836761538
0.017775709340353427
0.003841694503660699
0.002988245561472111
0.0035186292924200306
0.006471634728298897
0.007160536528722326
0.009345946618675167
0.018151377460252055
0.008955995328786706
0.013226301782709327
0.007001217978259621
0.01790586121491565
0.0005765868025519021
0.014866928418992313
0.007771386717174499
0.006801879051734427
0.009410674089099643
0.019402170947831594
0.016881901780911306
0.01138480435562824
0.010985849516102063
0.0027356027221651035
0.01277477312306906
0.007470179015057628
0.014393414578325789
0.014023823283582348
0.012724279183481048
0.01832170230163422
0.00016826104394177557
0.0071165221863799255
0.012038616536371432
0.007282334828721025
0.004149546605012361
0.01723618237519022
0.006639604092575489
0.009102222346775308
0.007124253980908374
0.014041276409906196
0.01934086758620638
0.015098992453766258
0.018629385629864433
0.00804078733754499
0.005304079151434402
0.01540214074894486
0.0064320338030823595
0.0017558181635251484
0.007339970849695486
0.005049869799725438
0.019273043625394864
0.013676706611917364
0.018716554961526147
0.010441246451115545
0.017859873517670294
0.014999672450143366
0.01026676979094576
0.011099981843089678
0.019419239867108383
0.006891805242695836
0.0028483926078890606
0.001974519437490993
0.0029233621248277563
0.00814896693726083
0.0037462559839961883
0.0024303644200731373
0.005783174815618743
0.005702246713988177
0.0020183061346760525
0.019393763068034288
0.009533480361746614
0.004348561586422681
0.013311562985315608
0.0018647133612759283
0.000523654945152405
0.01256471908889806
0.010094261819598516
0.01698855646583571
0.008059566822046805
0.006793067208507018
0.018085392133681263
0.007591407656132288
0.0013228042131426376
0.011754329133906168
0.01642173392301904
0.017561630563627424
0.013534215436611163
0.01931782906234567
0.009229044426929673
0.017241162175056
0.008656067621878557
0.007727985716211101
0.004489720843965738
0.002024846887358613
0.004863338469717086
0.009659472475256682
0.00645526711098088
0.004194852558125371
0.005231605987518535
0.005275005896420559
0.01759593618251938
0.0007114628949070506
0.0028597902538936653
0.004639380508687978
0.010528501162121045
0.016852809265905953
0.0036607273256315646
0.0017252293258807022
0.0026505677748198684
0.009722445698001165
0.015657038794267636
0.019306473609621427
0.005022200637803734
0.008806092035099739
0.011958161396594147
0.004413027954900447
0.009453519627936863
0.012332321479013489
0.011914797128604241
0.016605963684042376
0.013519006000019504
0.012751516186933539
0.016133975750950352
0.0013201533830745312
0.004630893702636817
0.01049964195113652
0.01771766727110442
0.0005149675969216408
0.013426917428259121
0.009880005334703462
0.004372072675023442
0.013835738545908527
0.004014608424004181
0.016302633709562454
0.009126518726782336
0.01621583270041872
0.012686095753928059
0.01615800606509533
0.006468849376125167
0.012687158528201648
0.013738987864863913
0.014893876522572208
0.013652403282428865
0.000981014686355205
0.00972597206345636
0.017493913823387185
0.006522069895129323
0.016677838199768636
2.062053914764872e-5
0.009085649819032192
0.016763204637380055
0.018605295748735415
0.017747455727039976
0.0027732707980278356
0.009110171560795504
0.002732460663035277
0.016284840058646503
0.0005463087655745176
0.011130666782135045
0.0013410131452156525
0.00034980838453980295
0.011033098047842938
0.01054044235685502
0.01674279798143087
0.0011293535822681478
0.00752605314392248
0.016535518775933088
0.011252510055206694
0.015689657674728182
0.006289604378882948
0.01586038757160182
0.017602022935505245
0.012312605800079172
0.013313195120678316
0.0039248677841980575
0.0026211332460478196
0.0019388000955111442
0.010816449948538663
0.01900100915154672
0.005028388058992628
---flow_allocation with ell_k_beta---
0.010017627901890354
0.015967212022499164
0.00407388134571753
0.011398076872504359
0.01654832667035576
0.01526517937538916
0.002089479348452498
0.018802358223767763
0.0052086959298090615
0.009419143521487488
0.0044790529928131284
0.007919748218791822
0.011501309434196085
0.003444445265458975
0.002630479008020116
0.003258683342327016
0.016438421613668406
0.0012716023199547534
0.002992280728262139
0.000833860538047077
0.0058221497911362715
0.016029759341308025
0.0009388611471034365
0.016635944739964284
0.000194506207471673
0.0067214377116705795
0.01659261373020695
0.019655803194827744
0.013576401767549847
0.012430038138035893
0.0032069873410008457
0.0004724073442286759
0.011305822505971336
0.01797143056545824
0.0018012928897673257
0.01566600660378206
0.006078034067159243
0.013258964345681652
0.006231065918126975
0.019535943502324123
0.005707716849435375
0.0008730865188827402
0.01572370715565614
0.005492796986893803
0.016405260673652954
0.014882590564726454
0.005316564788425287
0.0016247173869141222
0.007806149512702416
0.0052045451038044924
0.003764656225382412
0.00758929680080703
1.865150980060005e-5
0.011043632469017815
0.006693136146934858
0.009317308798354587
0.009501255616204518
0.01824086295488804
0.008452441361713274
0.0015019863672231302
0.00569144007176795
0.0016786378179809854
0.004529738539533356
0.018059332571024024
0.00895961997980396
0.003451503357397957
0.011674341595003628
0.006895222898434704
0.011105389532505072
0.014742150479236776
0.011853252024352919
0.00279335440237888
0.01975901887920732
0.015176336211475532
0.0018284759850993764
0.00047402221509384974
0.013490537945621321
0.00188902860416933
0.010787744618975803
0.0005670144477860175
0.017699792212052798
0.0027024086232069226
0.013361305388178901
0.005712713030221789
0.004003210083068584
0.0017183300792398884
0.002836996748906135
0.013771271184706708
0.016614912630682585
0.0171823516917865
0.00018479679900087058
0.0029263670806285226
0.008014407105913956
0.003983264078462558
0.0189220471575838
0.007075270759344253
0.003783692344307217
0.008959723229242962
0.0069523857589995144
0.015503145505499461
0.0060470857427659805
0.013948472041614032
0.00909886674004669
0.00797713008730129
0.014678797020577231
0.006426880861877175
0.01241068879605334
0.008403052886070532
0.00975395464703422
0.003987222999500209
0.015113835553470832
0.004307018578988268
0.01540958562923288
0.010156522224144175
0.010828125077456988
0.012407949707570535
0.012858545151129433
0.0005429378302386731
0.0015202070141364177
0.00316784696784908
0.004492454571439219
0.0081087860282111
0.019523593280966357
0.0034009297966077273
0.015923192021293088
0.004051843944301835
0.007750461828497372
0.01017943764290463
0.014364560331318155
0.019227896815489944
0.011995916936696514
0.005316601521398779
0.014789628840257947
0.00866395329781957
0.013522690218040354
0.019230505849390928
0.012279349552942014
0.0029703195725860167
0.019576687319407957
0.009229944881211302
0.006385720969409816
0.011574494423571547
0.015284561479212934
0.014081551633442413
0.01928720567593313
0.007455560582257906
0.0018380628940674992
0.017396046261466354
0.0016078846507289828
0.0003439492767127525
0.0027540931082495118
0.011573169058176642
0.002367659348045287
0.004765410943644866
0.014649372916027262
0.010158453187210158
0.0020391903192893686
0.0012812183174667493
0.016730560937414523
0.0101694939277021
0.01579906633994909
0.01186882879067956
0.006987624196861696
0.016593394057697882
0.0014432848914605473
0.011320769847833279
0.015447456332119816
0.01832531603207787
0.002992690747668953
0.006016880317942011
0.01136558308271016
0.005704190980371699
0.006482287092082626
0.015374045980988066
0.006849047267354505
0.012202493251783507
0.017882530812909775
0.011611823066903715
0.0021247675247463523
0.0029738173458888862
0.007365795122874715
0.0021288313829542216
0.009985571929428852
0.0049035988014679635
0.01714493071962907
0.00480583250334504
0.0035064784219172606
0.0007357449788410614
0.006421806350506749
0.000845691633138933
0.00010711913862725864
0.01263368475029115
0.014876837386851192
0.0018859079891537448
0.014310575766465142
0.012769787366559595
0.008742406986933434
0.0015257117976882318
0.015401250222599451
0.015010594056731502
0.019498721086780163
0.01863404674644545
0.008413656802012844
0.003502968338104356
0.004389906335115813
0.01016667541657391
0.01461206015722417
0.01769394074865387
0.017975295469939416
0.01578188622896869
0.008209448274541469
0.00014706781589679549
0.012641815643612704
0.01483928933846114
0.000657624070611372
0.01720148262149424
0.002223162949499052
0.011895809656100792
0.00936921844659685
0.014611301670960721
0.004130512670228085
0.01036823023490627
0.007392740248105523
0.004089232750287885
0.0017113696771547332
0.0035316547055569804
0.009473660218064601
0.01806606562578676
0.013530900534007297
0.014112433143535243
0.009096313301997477
0.013502946741180065
0.0036791505003062777
0.013539945780533873
0.017933933149004624
0.011632139379593861
0.01581896369818482
0.0012631782577934116
0.017685256875163806
0.015623149151547843
0.01086719109115701
4.3623738794223646e-5
0.014216108486475004
0.015622653752797241
0.00873371814952803
0.002330489947117121
0.001240885314016182
0.008830568108879796
0.007743323718243162
0.006190027244472139
0.008263109192114527
0.019061104296260668
0.018073021063956578
0.014548268881231926
0.0005021355779434944
0.017597196024307246
0.0071832041488598545
0.008120464135432276
0.01837895411564038
0.015497308933846541
0.006946512057259876
0.0006027435786070636
0.015069237256128031
0.00657924685324164
0.011132975002814318
0.011347989973973741
0.015494645296876856
0.013080069800861436
0.007093580955290214
0.014858090664190518
0.00669772528666366
0.006302698691176646
0.011705449459635812
0.004428443890389089
0.015831828181171473
0.0016348608500697988
0.0030487597598501644
0.014579808606498405
0.0017978672917934521
0.01815178450138745
0.00036451837182750594
0.018695184313298682
0.016120739967165645
0.019367281572579033
0.009609774747729855
0.012551556771045042
0.017540464428706885
0.013740232814889236
0.011141123766231085
0.010857994941604195
0.018032137264460246
0.005011950152654919
0.01958847860389882
0.012929263074582545
0.0013656279107582283
0.0007382107144341032
0.00526772283986112
0.014419499953481954
0.009975589495686702
0.014321392137983863
0.011813539708876055
0.005227470946787155
0.0013634964055126387
0.011652835928198801
0.002779846198851358
0.003594118630588187
0.0017892503318821253
0.0027103017449838485
0.005261034162501497
0.006826324249952501
0.003789209041255839
0.019305612866784772
0.014966488676181638
0.013290640082228357
0.0018118685113922173
0.017752299515701602
0.010894836128450297
0.008353796946967283
0.0055111165150005985
0.012219660456584036
0.014470616864444943
0.014594152336255405
0.019032179561593573
0.01852165079704213
0.019034735977991987
0.010473724356425407
0.00941609964860301
0.015250785013695724
0.017804264759795636
0.01075794822077558
0.012295176500601626
0.017224046595048854
0.013835262010095491
0.014797721511431407
0.012156740844124918
0.001661109140865637
0.012887978190727008
0.012107420374122291
0.012495487361750603
0.016733436037177554
0.009299408919650358
0.00861818599841497
0.006118498515087926
0.002111033065957782
0.003831486906735335
0.009694553457765771
0.005994856021262805
0.010609245201816392
0.01227599692452359
0.0012594288139829702
0.00988693793890507
0.004136856752585033
0.0059109767726859015
0.00576688463540469
0.010313449458033247
0.016953121059885768
0.013486987753372495
0.0015214274423611049
0.0005639817536388761
0.014377230228823612
0.0005219656751264083
0.003974344915385531
0.016652755535643635
0.0008595240299770961
0.002386938798099898
0.010709050676359641
0.005788946360005535
0.0005258801691217959
0.006214393119293985
0.0008124771225491648
0.010735840927431942
0.006797635996212048
0.00981947932226205
0.01677368246994465
0.013625926750864346
0.01729500278643813
0.014687586129072434
0.004082750869641189
0.013125994952773744
0.008708875738833858
0.018086910099068734
0.018099502559494933
0.013926380632799473
0.014245638818813178
0.0019695993038959998
0.014792465717872884
0.019763737577126416
0.004204769269646441
0.00592291300350459
0.007912673050984084
0.018460438771458847
0.002265147348303841
0.017520424109709463
0.00816902016247305
0.010646445776132872
0.00815886498447718
0.011916737523160423
0.018339091889920348
0.003721556831914688
0.012285271503938724
0.001684962441789813
0.014781342576386353
0.0001687463063779841
0.014119945533005843
0.01882202823468107
0.003603238832236351
0.018400512399947774
0.014027824199403842
0.010851716581486306
0.018538469534986023
0.001812864669921991
0.014471427471819428
0.005873444608824927
0.007530412454403442
0.011682741532536432
0.016886830948913013
0.010722325178753109
0.005989610751204795
0.008286134809795459
0.00014112273305461404
0.013052725576837556
0.012367350836814534
0.0177757093404296
0.0038416945036771617
0.0029882455614849163
0.0035186292924351084
0.0064716347283266295
0.0071605365287530105
0.009345946618715217
0.01815137746032984
0.008955995328825083
0.013226301782766004
0.007001217978289623
0.01790586121499238
0.0005765868025543729
0.01486692841905602
0.007771386717207802
0.006801879051763575
0.00941067408913997
0.019402170947914736
0.016881901780983647
0.011384804355677026
0.01098584951614914
0.002735602722176826
0.0127747731231238
0.007470179015089639
0.014393414578387468
0.014023823283642442
0.012724279183535574
0.01832170230171273
0.00016826104394249662
0.007116522186410421
0.01203861653642302
0.0072823348287522315
0.004149546605030143
0.017236182375264076
0.0066396040926039405
0.009102222346814313
0.007124253980938903
0.014041276409966365
0.019340867586289258
0.01509899245383096
0.018629385629944265
0.008040787337579446
0.00530407915145713
0.01540214074901086
0.006432033803109922
0.0017558181635326723
0.007339970849726939
0.005049869799747078
0.019273043625477455
0.013676706611975972
0.01871655496160635
0.010441246451160287
0.017859873517746826
0.01499967245020764
0.010266769790989757
0.011099981843137244
0.019419239867191598
0.006891805242725368
0.0028483926079012666
0.0019745194374994543
0.0029233621248402836
0.00814896693729575
0.003746255984012242
0.0024303644200835517
0.005783174815643525
0.005702246714012612
0.0020183061346847014
0.01939376306811739
0.009533480361787467
0.004348561586441316
0.01331156298537265
0.001864713361283919
0.000523654945154649
0.012564719088951902
0.010094261819641773
0.016988556465908508
0.008059566822081341
0.0067930672085361275
0.01808539213375876
0.007591407656164819
0.001322804213148306
0.011754329133956538
0.01642173392308941
0.017561630563702676
0.01353421543666916
0.01931782906242845
0.009229044426969221
0.01724116217512988
0.008656067621915649
0.007727985716244217
0.0044897208439849765
0.0020248468873672897
0.004863338469737926
0.009659472475298074
0.0064552671110085415
0.004194852558143346
0.005231605987540954
0.005275005896443163
0.017595936182594783
0.0007114628949100994
0.00285979025390592
0.004639380508707859
0.010528501162166162
0.01685280926597817
0.0036607273256472513
0.0017252293258880952
0.0026505677748312265
0.009722445698042828
0.01565703879433473
0.01930647360970416
0.005022200637825255
0.008806092035137474
0.011958161396645389
0.004413027954919357
0.009453519627977374
0.012332321479066334
0.011914797128655298
0.016605963684113538
0.013519006000077436
0.012751516186988181
0.01613397575101949
0.0013201533830801884
0.004630893702656662
0.010499641951181514
0.017717667271180345
0.0005149675969238474
0.013426917428316658
0.0098800053347458
0.004372072675042177
0.013835738545967815
0.004014608424021384
0.01630263370963231
0.009126518726821443
0.01621583270048821
0.012686095753982421
0.016158006065164574
0.006468849376152887
0.012687158528256014
0.013738987864922787
0.01489387652263603
0.013652403282487367
0.0009810146863594089
0.009725972063498038
0.01749391382346215
0.006522069895157271
0.016677838199840103
2.062053914773708e-5
0.009085649819071125
0.01676320463745189
0.018605295748815143
0.017747455727116026
0.0027732707980397194
0.009110171560834544
0.002732460663046986
0.016284840058716287
0.0005463087655768587
0.011130666782182741
0.001341013145221399
0.00034980838454130197
0.011033098047890218
0.010540442356900187
0.016742797981502616
0.0011293535822729872
0.0075260531439547305
0.016535518776003944
0.011252510055254912
0.015689657674795417
0.006289604378909901
0.015860387571669785
0.017602022935580674
0.012312605800131934
0.013313195120735366
0.0039248677842148765
0.0026211332460590515
0.0019388000955194522
0.010816449948585013
0.019001009151628143
0.0050283880590141754
---flow_allocation with per_flow_loss---
0.01009045
0.016083284
0.004103496
0.011480934
0.016668623
0.015376148000000001
0.0021046686000000003
0.018939039999999997
0.00524656
0.009487615
0.004511612999999999
0.00797732
0.011584917
0.0034694842999999998
0.002649601
0.003282372
0.016557918999999997
0.0012808461
0.0030140327999999997
0.0008399222
0.0058644733
0.016146286
0.0009456861
0.016756878
0.00019592014999999998
0.0067702985
0.016713232
0.019798689
0.013675094
0.012520397
0.0032303002
0.00047584146
0.011388009000000001
0.018102072
0.0018143872
0.015779889000000002
0.0061222177
0.013355349
0.006276362
0.019677958
0.0057492085
0.00087943333
0.015838009
0.0055327263000000005
0.016524517
0.014990778
0.005355213
0.0016365281
0.0078628955
0.005242378999999999
0.003792023
0.0076444664
1.8787095e-5
0.011123913
0.0067417912
0.00938504
0.009570324
0.018373463
0.0085138855
0.0015129049000000001
0.005732813400000001
0.0016908405
0.004562667
0.018190612999999998
0.009024751000000001
0.0034765937
0.011759207
0.006945347
0.011186119
0.014849316999999999
0.011939418
0.0028136603999999996
0.019902654999999998
0.015286659000000001
0.0018417679
0.00047746807000000004
0.013588606
0.0019027606999999999
0.010866165
0.0005711363000000001
0.017828458999999998
0.0027220535
0.013458434
0.005754241
0.004032311
0.0017308213
0.00285762
0.01387138
0.016735693000000003
0.017307257
0.00018614016
0.0029476399999999996
0.008072666999999999
0.00401222
0.019059599
0.0071267037000000005
0.0038111975
0.009024855
0.007002925399999999
0.015615843999999999
0.0060910444000000005
0.014049869
0.009165010000000001
0.008035119
0.014785503
0.0064736004
0.012500907
0.008464138
0.00982486
0.0040162077
0.015223704
0.004338328
0.015521604
0.010230354
0.010906839
0.012498148
0.012952019
0.00054688466
0.001531258
0.0031908753000000002
0.004525112
0.008167732
0.019665518
0.0034256525
0.016038944
0.0040812984
0.007806803
0.010253436000000001
0.014468982
0.019367672
0.01208312
0.00535525
0.014897140500000001
0.008726935
0.013620992
0.0193703
0.012368613
0.0029919120000000002
0.019718997999999998
0.009297041
0.006432141299999999
0.011658634
0.015395671
0.014183916
0.019427412
0.007509758
0.0018514245000000001
0.017522504999999997
0.001619573
0.00034644958
0.0027741137
0.011657299
0.0023848707999999997
0.0048000526
0.014755865
0.010232298999999999
0.002054014
0.001290532
0.016852182
0.01024342
0.015913916
0.011955107999999999
0.00703842
0.016714018
0.0014537767
0.011403065
0.015559749999999999
0.01845853
0.0030144458
0.0060606194
0.011448204
0.0057456569999999995
0.006529409399999999
0.015485806
0.0068988357000000005
0.012291198
0.018012526
0.011696234
0.0021402133000000003
0.0029954352000000004
0.00741934
0.0021443067
0.010058161
0.004939245
0.017269563999999998
0.004840768
0.0035319683999999996
0.0007410934
0.006468489
0.0008518393
0.00010789783
0.012725524
0.014984983
0.0018996173999999998
0.014414605
0.012862615999999999
0.008805959
0.0015368028
0.015513208
0.015119712
0.019640465
0.018769505
0.008474819
0.0035284328
0.0044218183
0.010240581
0.014718281
0.017822565000000002
0.018105965
0.015896611
0.008269126
0.00014813691000000002
0.012733714
0.014947162
0.0006624046
0.017326526999999998
0.002239324
0.011982284999999999
0.009437327
0.014717517000000001
0.0041605389999999996
0.010443600999999999
0.0074464810000000005
0.004118959
0.0017238103
0.0035573277
0.009542528000000002
0.018197395
0.013629262000000001
0.014215021999999999
0.009162438
0.013601105
0.0037058957
0.013638372999999999
0.018064302
0.011716698
0.015933958
0.0012723608
0.017813818000000002
0.01573672
0.010946189
4.3940857e-5
0.014319451
0.015736221
0.008797207
0.0023474312
0.0012499058
0.008894761000000001
0.0077996129999999995
0.006235025
0.008323177
0.019199667
0.018204401000000002
0.014654026
0.0005057858
0.017725117000000002
0.0072354216999999995
0.008179494999999998
0.018512558
0.015609965
0.006997009
0.00060712516
0.0151787815
0.006627074
0.011213905
0.011430483
0.015607282
0.013175154
0.007145146999999999
0.014966100000000001
0.0067464136999999995
0.0063485155000000005
0.011790541
0.0044606360000000005
0.015946916
0.0016467453000000001
0.0030709224000000004
0.014685795
0.0018109367
0.018283736999999998
0.0003671682
0.018831087
0.016237928
0.01950807
0.009679632
0.012642799
0.017667973
0.013840116
0.011222113
0.010936926
0.01816322
0.005048384
0.019730875000000002
0.013023251
0.0013755552
0.00074357706
0.005306015999999999
0.014524321
0.010048106000000001
0.014425499999999999
0.011899416999999999
0.0052654715000000005
0.0013734082
0.011737545
0.0028000539999999997
0.0036202457
0.0018022571
0.0027300040000000003
0.0052992787
0.0068759475
0.0038167543
0.019445953
0.015075286
0.013387254999999999
0.0018250397000000001
0.017881348
0.010974035
0.008414524
0.005551179000000001
0.01230849
0.0145758095
0.014700243
0.019170532
0.018656292
0.019173107
0.010549861999999998
0.009484549
0.015361649
0.017933690999999998
0.010836152
0.012384555
0.017349255
0.013935836
0.014905291999999999
0.012245113
0.0016731844
0.012981666000000001
0.012195434
0.012586321999999999
0.016855078
0.00936701
0.008680835
0.0061629763
0.002126379
0.0038593395
0.009765026999999999
0.006038435
0.010686368
0.012365236
0.0012685841
0.00995881
0.0041669292
0.005953946
0.0058088064
0.010388422
0.017076360000000002
0.01358503
0.0015324873
0.0005680815599999999
0.014481744000000001
0.00052576005
0.004003236
0.016773811
0.00086577225
0.0024042904
0.010786899
0.0058310285
0.0005297030000000001
0.006259568
0.00081838334
0.010813884
0.006847050699999999
0.009890860999999999
0.016895617
0.013724979
0.017420727
0.014794356
0.004112429999999999
0.013221413
0.008772183999999999
0.018218391
0.018231075
0.014027617
0.014349196
0.0019839171
0.014899998
0.019907408
0.0042353354
0.005965969000000001
0.0079701934
0.018594635
0.0022816136
0.017647787
0.008228404
0.010723839
0.008218175000000001
0.012003365
0.018472406
0.0037486103
0.012374577999999999
0.0016972111000000002
0.014888794
0.00016997298999999998
0.014222588999999999
0.018958853
0.0036294322
0.018534273
0.014129797999999999
0.010930602000000001
0.018673233
0.0018260430999999999
0.014576625999999999
0.005916141
0.007585154
0.011767668
0.017009588
0.010800269999999999
0.0060331516
0.00834637
0.00014214861
0.013147611
0.012457254000000001
0.017904928
0.0038696213
0.0030099683
0.0035442076
0.0065186796
0.007212589300000001
0.009413886
0.018283327
0.0090211
0.013322449
0.0070521126
0.018036026
0.00058077824
0.014975002
0.00782788
0.0068513246
0.009479084
0.019543213
0.017004623
0.011467565
0.01106571
0.0027554889
0.012867637999999999
0.0075244827
0.014498046
0.014125768
0.012816777
0.018454889999999998
0.0001694842
0.007168255
0.01212613
0.007335273
0.0041797113000000006
0.017361479
0.00668787
0.00916839
0.007176043
0.014143348
0.019481464
0.015208753
0.01876481
0.008099239000000001
0.0053426366
0.015514105
0.006478790799999999
0.0017685819
0.007393328
0.0050865793000000005
0.019413147
0.013776128
0.018852613
0.010517148
0.017989704
0.015108711
0.010341402999999999
0.011180672
0.019560406
0.006941904499999999
0.0028690987
0.001988873
0.0029446132
0.008208205
0.003773489
0.0024480317
0.005825215
0.0057436986
0.002032978
0.019534744
0.009602783
0.004380173
0.01340833
0.0018782687
0.0005274616
0.012656057
0.010167641
0.017112053
0.008118155
0.0068424487
0.018216862
0.0076465926
0.0013324202
0.011839776
0.01654111
0.017689293
0.013632601
0.019458258
0.009296134000000001
0.017366495
0.008718992
0.0077841635
0.0045223584
0.0020395663
0.004898692
0.009729691
0.006502193
0.0042253466
0.0052696366000000005
0.005313352
0.017723848
0.0007166348
0.0028805792
0.004673106
0.010605037
0.016975319
0.0036873386
0.0017377707
0.0026698358
0.009793122
0.015770856
0.01944682
0.005058709000000001
0.008870107
0.01204509
0.0044451080000000006
0.009522240999999999
0.01242197
0.0120014105
0.016726679
0.013617281
0.012844212
0.01625126
0.0013297501
0.0046645575
0.010575968
0.017846464
0.0005187111
0.013524523
0.009951827
0.004403855
0.013936315999999999
0.0040437922
0.016421144000000002
0.009192862999999999
0.016333711999999997
0.012778316
0.016275465
0.0065158740000000005
0.0127793865
0.013838862
0.015002146
0.013751648
0.00098814607
0.009796674
0.017621084
0.0065694813999999995
0.016799076
2.0770437999999997e-5
0.009151697
0.016885063
0.018740545
0.017876469
0.0027934308
0.009176397
0.002752324
0.016403221
0.0005502801
0.01121158
0.0013507615
0.00035235128
0.011113301999999999
0.010617065
0.016864508
0.0011375633
0.007580763
0.016655722
0.011334308999999999
0.015803712
0.0063353260000000005
0.015975683
0.017729979
0.012402111
0.013409974
0.0039533992
0.0026401873
0.001952894
0.010895079
0.019139134999999998
0.0050649414
---weights per flow per tunnel---
0.9263600972562709,0.07363990274372907,0.0,0.0
0.2273679440202858,0.31853819953561024,0.22712708121623432,0.22696677522786957
0.6395576345412279,0.08907934242939657,0.17747745386730512,0.09388556916207048
0.8639570646484656,0.13604293535153453,0.0,0.0
0.2432258214362935,0.26710577334773516,0.2445425497764127,0.24512585543955862
0.9339551853613441,0.032881644888508,0.00028952322705087346,0.03287364652309701
0.8954666026084097,0.07855220246080748,0.012946643772873382,0.013034551157909318
0.24961088115694774,0.2507100266254149,0.24994550020153833,0.2497335920160992
0.1271644121161076,0.12687166954609505,0.24823944067019482,0.4977244776676025
0.3786100467890652,0.27085431323472015,0.3505356399762147,0.0
0.16301681926810427,0.42326595782620946,0.2504590028520663,0.16325822005361984
0.3427955977997399,0.3346528616262269,0.3225515405740332,0.0
0.25004032027648065,0.2495899538565365,0.24937685021597367,0.2509928756510091
0.5492774486236569,0.14208713271833753,0.3086354186580057,0.0
0.08282790858624411,0.7703328875931335,0.07187908694876952,0.07496011687185308
0.3946413928805556,0.12530120766930383,0.12347560774534325,0.3565817917047973
0.249045488002627,0.2530823637430377,0.24874246497355107,0.2491296832807841
0.3791790517874879,0.6208209482125121,0.0,0.0
0.3244185262195087,0.6755814737804914,0.0,0.0
0.26559710828438915,0.6967172958024594,0.037685595913151515,0.0
0.2603168253944694,0.43045773451240565,0.1542052749821968,0.1550201651109283
0.250195270661465,0.24971345624981062,0.2498630154272527,0.2502282576614716
0.7141720392810759,0.2858279607189241,0.0,0.0
0.347336448278525,0.3269481187614073,0.32571543296006766,0.0
0.9539406684863743,0.04605933151362577,0.0,0.0
0.22641555684948012,0.7735844431505199,0.0,0.0
0.7733947397349447,0.22660526026505526,0.0,0.0
0.7377407687932825,0.26225923120671746,0.0,0.0
0.6561146044336787,0.3438853955663213,0.0,0.0
0.7785059364511181,0.22149406354888188,0.0,0.0
0.32019081801859506,0.679809181981405,0.0,0.0
0.9593180761993142,0.04068192380068583,0.0,0.0
0.2384439229631492,0.7615560770368508,0.0,0.0
0.5139546025477129,0.4860453974522871,0.0,0.0
0.5895809136863046,0.4104190863136955,0.0,0.0
0.4637002471601001,0.5362997528399,0.0,0.0
0.5375796435627016,0.46242035643729845,0.0,0.0
0.5824896979940317,0.4175103020059683,0.0,0.0
0.7411174911599654,0.2588825088400347,0.0,0.0
0.5106758094099251,0.48932419059007504,0.0,0.0
0.3016801170462692,0.6983198829537308,0.0,0.0
0.3512247100587522,0.6487752899412478,0.0,0.0
0.435588583475417,0.5644114165245829,0.0,0.0
0.3376992464905994,0.6623007535094005,0.0,0.0
0.4421899503433206,0.5578100496566795,0.0,0.0
0.5223285896674108,0.4776714103325893,0.0,0.0
0.43217471540127994,0.5678252845987201,0.0,0.0
0.5546471026624152,0.44535289733758476,0.0,0.0
0.4287082643672097,0.2641109354655211,0.15408480231809157,0.15309599784917755
0.41599975304045045,0.5840002469595496,0.0,0.0
0.8942432883241945,0.028203886828037497,0.02822419971673953,0.049328625131028536
0.5134910135492621,0.486508986450738,0.0,0.0
0.056662150257564124,0.005713063333691987,0.7501430517596099,0.18748173464913395
0.16704982126994244,0.16663125273427273,0.49984435971272095,0.16647456628306395
0.22476030839572972,0.4638228121847157,0.15603733286768004,0.15537954655187433
0.66603614998474,0.1104368124311393,0.11324108549118923,0.11028595209293143
9.768070248838693e-5,0.45430960073813575,0.44806601861982137,0.09752669993955437
0.38676423073007626,0.3082992990805302,0.30493647018939346,0.0
0.4381666865883374,0.18512763703233406,0.19189052274976215,0.18481515362956627
0.09473423597882444,0.5486030387135646,0.3566627253076109,0.0
0.0028966908831776143,0.20502332130986461,0.75167125518311,0.040408732623847816
0.06435183284151956,0.49486046470227757,0.44078770245620275,0.0
0.9440800968908933,0.03379033574728369,0.0031860056940605165,0.018943561667762447
0.8976607467593014,0.0001119832694162523,0.053649019265504125,0.0485782507057783
0.30222992979372887,0.04452354808260964,0.14091041989095368,0.5123361022327078
0.28299049577226154,0.7170095042277386,0.0,0.0
0.40416466235634957,0.5958353376436504,0.0,0.0
0.8098621399806566,0.1324104088419662,0.05772745117737717,0.0
0.8957036387146567,0.051882487238076994,0.0006002558842241191,0.05181361816304218
0.0036341480325506794,0.1377828400322875,0.7194131402913648,0.13916987164379696
0.673988540879701,0.32601145912029916,0.0,0.0
0.1171825314328794,0.26634064961119364,0.616476818955927,0.0
0.4823648491679641,0.1725007010369209,0.17257517366622369,0.17255927612889144
0.7949735608083311,0.20502643919166882,0.0,0.0
0.9255787985795527,0.016161938838934128,0.016192530913755845,0.042066731667757214
0.5253225867547813,0.4746774132452187,0.0,0.0
0.5422429299950348,0.3265550186851471,0.13035037551917658,0.0008516758006414454
0.9553066914607695,0.021230554726149417,0.0234626863304959,6.748258530856019e-8
0.7156109385307796,0.0020116940156364904,0.14193254264700722,0.14044482480657675
0.721090737396156,0.2753748717206152,0.0007465856135523734,0.0027878052696762644
0.87353060381066,0.06468716277908718,0.06160534049582018,0.00017689291443260993
0.50150440940181,0.40917646869054203,0.08931912190764808,0.0
0.2595769043731536,0.2468521577934856,0.24680310986697931,0.24676782796638155
0.6635034380859276,0.2012727796638049,0.13522378225026752,0.0
0.18417842764415784,0.770659134218158,0.0426528905033984,0.0025095476342857906
0.5618796461819985,0.3597445098550296,0.07837584396297205,0.0
0.2288508927606456,0.04992600429534688,0.7115847053085692,0.009638397635438379
0.3486018892761356,0.3887757022079011,0.1313233156283465,0.13129909288761676
0.4431602979975329,0.18407071361830882,0.1887067750668876,0.18406221331727068
0.7438067125435769,0.25619328745642306,0.0,0.0
0.8786295637649909,0.12137043623500905,0.0,0.0
0.8216860609501528,0.12605574454824245,0.0522581945016047,0.0
0.7114028057133955,0.0964652067592655,0.09610396211738628,0.09602802540995266
0.6790019639163705,0.14852758171425987,0.11738182264237312,0.05508863172699654
0.5411688282177738,0.4588311717822261,0.0,0.0
0.39724377541358585,0.23708916039767794,0.3656670641887362,0.0
0.9559586068364394,0.04404139316356065,0.0,0.0
0.7397425644164132,0.26025743558358677,0.0,0.0
0.3113478811707648,0.6886521188292353,0.0,0.0
0.547648623654244,0.4523513763457559,0.0,0.0
0.9343348114916356,0.06566518850836459,0.0,0.0
0.2652850751020564,0.7347149248979435,0.0,0.0
0.952045087485638,0.04795491251436196,0.0,0.0
0.638397388536016,0.36160261146398404,0.0,0.0
0.8089321509888356,0.19106784901116433,0.0,0.0
0.7739698807294445,0.22603011927055558,0.0,0.0
0.6596489803347051,0.34035101966529496,0.0,0.0
0.6062271719067714,0.3937728280932285,0.0,0.0
0.5760564730412907,0.42394352695870935,0.0,0.0
0.8661851987601314,0.13381480123986847,0.0,0.0
0.5622438751623992,0.4377561248376008,0.0,0.0
0.8286851583095002,0.17131484169049976,0.0,0.0
0.5519154915324535,0.44808450846754655,0.0,0.0
0.5286771062240595,0.4713228937759404,0.0,0.0
0.5563855598486633,0.4436144401513366,0.0,0.0
0.5525863846203349,0.4474136153796651,0.0,0.0
0.537664332503027,0.46233566749697297,0.0,0.0
0.5939183815957967,0.40608161840420326,0.0,0.0
0.45326338451768705,0.546736615482313,0.0,0.0
0.4164651825134257,0.5835348174865744,0.0,0.0
0.23821885327506706,0.10354829335813741,0.4547475034950662,0.20348534987172937
0.7370428806689512,0.2629571193310488,0.0,0.0
0.24773875447797514,0.24778457731565698,0.25632360402794946,0.2481530641784184
0.5856044273909708,0.3768614763766569,0.03753401760166965,7.863070262523173e-8
0.8768136295844767,0.12318637041552329,0.0,0.0
0.6131064711522987,0.07405882233988698,0.23949973321657922,0.07333497329123506
0.11510575096775842,0.7914759380212757,0.09341824251601002,6.849495582624533e-8
0.8957643304349456,0.04966212698084187,0.0049601195621116825,0.04961342302210066
0.3292573734790268,0.4690245539453765,0.10086654676926839,0.10085152580632827
0.24356336150436145,0.5115793803773083,0.24485725811833012,0.0
0.487825348793366,0.17087140926863933,0.170501990433321,0.17080125150467376
0.3606779589331083,0.5071109566599765,0.1322110844069152,0.0
0.1160657081808195,0.5558761908928677,0.16615258234393382,0.1619055185823791
0.759238867915562,0.11940723832584214,0.12135389375859569,0.0
0.19163015083162613,0.1914200533764596,0.4255177025386274,0.19143209325328678
0.3625050903420383,0.21261296507491073,0.21238238604890972,0.2124995585341412
0.20792646431881123,0.20765616471638332,0.37677956581407324,0.20763780515073224
0.8585664546804898,0.14143354531951033,0.0,0.0
0.5752770243390535,0.4247229756609466,0.0,0.0
0.31359773413171704,0.2984549967260015,0.38794726914228145,0.0
0.16152728149906198,0.5148821433517301,0.16124406323042859,0.16234651191877938
0.3452409194812797,0.3245351004936542,0.16514454610538187,0.16507943391968413
0.5704781180360917,0.4295218819639082,0.0,0.0
0.28546849563559,0.4216516327024981,0.2928798716619118,0.0
0.9014799730545894,0.04582749942535651,0.006872582168895639,0.04581994535115847
0.8501825780883769,0.14981742191162303,0.0,0.0
0.568098833666391,0.3612327584189774,0.03537018519875143,0.03529822271588012
0.655894592864638,0.17124360042792217,0.0007449301878284839,0.1721168765196113
0.9587655507666631,0.04123444923333683,0.0,0.0
0.14075552155732404,0.006783955032666517,0.15976138993058286,0.6926991334794265
0.9548787359271461,0.018802552511581378,0.01315543793072457,0.013163273630547994
0.5882161866784741,0.18650277787182598,0.22033745305247912,0.0049435823972208874
0.03893979751392435,0.8746174104794175,0.047750449936835984,0.038692342069822194
0.28615486003715895,0.5432955616640675,0.1705495782987735,0.0
0.24977479256039878,0.25044424948388294,0.2499673940386938,0.24981356391702447
0.32177530584713254,0.35764537371076266,0.32057932044210485,0.0
0.7907460118227477,0.08326830839550668,0.06261158558583887,0.06337409419590669
0.7546179341817384,0.05716728614757734,0.18821477967068426,0.0
0.2523921199683076,0.25125105219508376,0.24817364339807144,0.24818318443853707
0.25102456658637906,0.36508672754750515,0.19197666191718377,0.19191204394893205
0.2514876710450906,0.24801322861639835,0.2525369447033124,0.2479621556351987
0.5509305034168769,0.4490694965831232,0.0,0.0
0.6333861119007926,0.3666138880992073,0.0,0.0
0.3101433310603513,0.38892474751006867,0.30093192142958003,0.0
0.09179198695478176,0.2560168119663446,0.6034033806728365,0.04878782040603702
0.2618736749245037,0.24580975804131824,0.24602814328760092,0.24628842374657725
0.4815240280154609,0.5184759719845391,0.0,0.0
0.3350257639102869,0.32901514230608575,0.3359590937836273,0.0
0.5100069253306068,0.45182164752717235,0.0190753683914247,0.01909605875079634
0.23153363938401653,0.7684663606159835,0.0,0.0
0.1968127183487904,0.4091490932568751,0.1966956736462749,0.19734251474805967
0.7889577914282014,0.0007783879556042104,0.11906505544811893,0.09119876516807533
0.9532720615423012,0.046727938457698834,0.0,0.0
0.436644438272937,0.4068737120462959,0.0003283262123618867,0.15615352346840516
0.9333980337891045,0.008848191385976074,0.028881714566016587,0.028872060258902855
0.5237640566174835,0.15947846156171214,0.15835482829389178,0.15840265352691257
0.24117475295448318,0.24304707668783906,0.2614957366233154,0.2542824337343622
0.4242763850615976,0.283661757116463,0.29206185782193933,0.0
0.16675780913219032,0.65308339894431,0.07716597257689924,0.10299281934660041
0.4396330838096911,0.43866468666705194,0.12170222952325686,0.0
0.1745738760292356,0.4818951856316124,0.17169285227579342,0.17183808606335865
0.7451639919439502,0.11735017175432333,0.13748583630172645,0.0
0.3731181636963895,0.20825466510273966,0.2102801112337247,0.20834705996714617
0.1372226361512563,0.40907954695709714,0.1380117574436211,0.31568605944802547
0.2495223276571648,0.24955660975602434,0.25045434928108923,0.25046671330572157
0.3577103040842145,0.6422896959157854,0.0,0.0
0.29419449927547525,0.7058055007245247,0.0,0.0
0.2469477067557129,0.3301024220693901,0.42294987117489696,0.0
0.18512415437268753,0.19647372730261525,0.4340716069915696,0.18433051133312772
0.5332177409008197,0.03591975066403406,0.18764040761682244,0.24322210081832388
0.775158592474303,0.22484140752569703,0.0,0.0
0.3214699959980577,0.32702172965178444,0.3515082743501578,0.0
0.24847660113984174,0.25548925630098995,0.24776238829468467,0.2482717542644836
0.8675836610259507,0.13241633897404914,0.0,0.0
0.4747093200497095,0.17496805845995894,0.17535292660022667,0.17496969489010478
0.8447663315207082,0.077617728636072,8.019576186350892e-8,0.0776158596474579
0.8291453881825865,0.17085461181741343,0.0,0.0
0.9592017240294345,0.03139753857976659,0.0009581942742815923,0.008442543116517435
0.5769232083430818,0.20687508281887101,0.20654431044486316,0.009657398393184163
0.23581720443454623,0.29843694009237337,0.23284291108066565,0.23290294439241474
0.9432777195082973,0.04682017394859864,0.0047677788931558655,0.005134327649948276
0.3582788988929749,0.34741811464699474,0.2943029864600303,0.0
0.28484247865722995,0.36779557582740485,0.17374701321020458,0.1736149323051606
0.2061676262398797,0.6087722729050057,0.18506010085511468,0.0
0.7646145711643768,0.0025277955211359163,0.199126295781997,0.03373133753249035
0.6042880680304429,0.20047894660143753,0.19523298536811953,0.0
0.1789279821338926,0.15583416363557306,0.6621045406894597,0.0031333135410746386
0.7828306416028135,0.050983404123086364,0.01767917066653165,0.14850678360756844
0.20563071361163357,0.20555755422416255,0.38326087040140644,0.20555086176279747
0.45447301393986106,0.5455269860601389,0.0,0.0
0.5080839982824231,0.4919160017175768,0.0,0.0
0.8029842523291693,0.00442545883949399,0.19259028883133683,0.0
0.28291245837583373,0.3066905361737543,0.20575089565129503,0.20464610979911693
0.5373660814605141,0.1542299298251761,0.15421721667163354,0.15418677204267628
0.7569902366046014,0.24300976339539845,0.0,0.0
0.34155609798867226,0.3164746667997937,0.341969235211534,0.0
0.8607002395433704,0.04689313989955943,0.04971297735035292,0.042693643206717195
0.21377334393507832,0.7862266560649216,0.0,0.0
0.10388981846920012,0.6880681337517159,0.10389584391799728,0.10414620386108671
0.8953516143370296,9.65298999178537e-9,0.05498125415726798,0.049667121852712416
0.9340671614275865,0.06593283857241346,0.0,0.0
0.4637514571824111,0.3843812038786078,0.07594480015429159,0.07592253878468945
0.09719431377216939,0.7081036053448462,0.09749161133027316,0.09721046955271131
0.07841504877254216,0.07344277724723737,0.563761630901609,0.2843805430786114
0.9901947453975701,0.005587458076259665,0.001675134428243115,0.002542662097927013
0.6615752365135288,0.2138583874917102,0.12456637599476097,0.0
0.20609460476894356,0.33928340386791517,0.251296879153124,0.20332511221001728
0.3182035186407307,0.3545904321479353,0.327206049211334,0.0
0.8415575110359272,0.000296484988345035,0.08145017069307035,0.0766958332826574
0.4235505642724355,0.31248547463620546,0.263963961091359,0.0
0.09870328258710515,0.8082079716045935,6.258597274676538e-8,0.09308868322232858
0.8660609322270132,2.306706552340491e-8,0.12461846585775918,0.009320578848162217
6.073931143258819e-8,0.8601518953681946,0.09043096577813113,0.04941707811436289
0.2604259592560039,0.739574040743996,0.0,0.0
0.3659278874317196,0.6340721125682804,0.0,0.0
0.21673680640591542,0.4920794968136745,0.29118369678041,0.0
0.20512586272533131,0.38438877472817146,0.20528365103092086,0.20520171151557642
0.9419125968307702,0.013634367990038502,0.013726159136600719,0.030726876042590497
0.6394152317250944,0.36058476827490565,0.0,0.0
0.3306705938795829,0.37254787330204325,0.2967815328183738,0.0
0.30357076451952386,0.36642302691526185,0.3300062085652143,0.0
0.003070220585907274,0.9969297794140927,0.0,0.0
0.3040440891581714,0.39055458240674623,0.3054013284350823,0.0
0.3681899513739672,0.34148412931063993,0.29032591931539287,0.0
0.7438333001784809,0.256166699821519,0.0,0.0
0.06427841098024617,0.877322194619338,0.058399394400415736,0.0
0.46108483659501925,0.482479221729107,0.05643594167587385,0.0
0.2544014691046797,0.5219120071341077,0.22368652376121267,0.0
0.4284769399105726,0.4122868239742682,0.1592362361151592,0.0
0.3104178973862561,0.3564472299348599,0.3331348726788841,0.0
0.929607526500622,0.020806754755615654,0.04958571874376246,0.0
0.7432460246776205,0.1297096121557933,0.1270443631665862,0.0
0.5644195184631517,0.22656815446741618,0.2090123270694322,0.0
0.9090416883033785,0.049558638605943964,0.041399673090677505,0.0
0.6349094365072466,0.35155737463485986,0.013533188857893714,0.0
0.3920088541193361,0.32487577960038067,0.28311536628028305,0.0
0.3558824967246545,0.4527289472649549,0.1913885560103906,0.0
0.46404037213071997,0.53595962786928,0.0,0.0
0.5970118048462587,0.40298819515374135,0.0,0.0
0.3785990167660014,0.30479962495712776,0.3166013582768709,0.0
0.4698700639903621,0.3387079362097678,0.19142199979987023,0.0
0.8469728161229337,0.0979834589266381,0.05504372495042811,0.0
0.45333771712285675,0.5466622828771431,0.0,0.0
0.4347593951951509,0.39380190606812976,0.1714386987367194,0.0
0.24925841986109287,0.2476795384953377,0.25512842888322057,0.24793361276034884
0.5861429076147877,0.41385709238521234,0.0,0.0
0.2482681838719945,0.24969065712655422,0.2537407354238965,0.2483004235775548
0.2639452842857969,0.248257126404657,0.24389782197576862,0.2438997673337774
0.7424540813360596,0.2575459186639404,0.0,0.0
0.18771438576199267,0.4369064165901086,0.18763158216997303,0.18774761547792587
0.2960087147397797,0.2721331685364378,0.2160430508146902,0.21581506590909214
0.18084688528467274,0.4651628557271954,0.17755617567945875,0.17643408330867313
0.3975460524301864,0.21867845026620888,0.19217876854289415,0.1915967287607106
0.2430793044444768,0.41378259955658286,0.2351667149819824,0.10797138101695793
0.8901167024377769,0.045549242801525724,0.06433405476069748,0.0
0.9767932045323254,0.01325740295879659,0.00994939250887798,0.0
0.523380701021835,0.04413789109160435,0.3884190675046278,0.044062340381932845
0.9078586406716834,0.053674877396847516,0.038466481931468996,0.0
0.5169327078376275,0.04321162526429137,0.3970180557121597,0.04283761118592148
0.2497768964926382,0.2503881149723036,0.2500858986880471,0.24974908984701116
0.2673725870228419,0.6311016075438745,0.08856500590291518,0.012960799530368437
0.4486501622302676,0.5513498377697323,0.0,0.0
0.6013688367413538,0.39863116325864634,0.0,0.0
0.3419165690693176,0.3259020932143677,0.33218133771631475,0.0
0.3237740797298112,0.2261340769897353,0.22865402586777656,0.22143781741267696
0.29474360605011807,0.23569364343542726,0.2348951406283973,0.23466760988605737
0.5671569469236049,0.4328430530763951,0.0,0.0
0.5084509194904431,0.24822714269122012,0.2433219378183367,0.0
0.33985826473822567,0.34310183601106076,0.3170398992507137,0.0
0.6258029163757064,0.37419708362429366,0.0,0.0
0.33134337822048693,0.33370402388468656,0.33495259789482656,0.0
0.6719785902177962,0.2057847860389354,0.12223662374326827,0.0
0.5538696855405068,0.4461303144594933,0.0,0.0
0.37560243466378834,0.3950972220774224,0.22930034325878926,0.0
0.3701497674832788,0.561747107077883,0.06810312543883815,0.0
0.44473208927282054,0.5209546590348609,0.03431325169231859,0.0
0.5340623850004449,0.29909360881995,0.16684400617960518,0.0
0.3975913801485004,0.3027575900495438,0.29965102980195596,0.0
0.8401106416031774,0.08235284674517562,0.0775365116516471,0.0
0.8555248816410819,0.07223614820572828,0.07223897015318985,0.0
0.8042158592122333,0.0981452069374585,0.09763893385030822,0.0
0.8966688133980486,0.05177660162020902,0.051554584981742424,0.0
0.8312689203532587,0.12052560965339748,0.04820546999334385,0.0
0.28148714431838345,0.47097854987991816,0.24753430580169838,0.0
0.1341540298997615,0.15688198332729741,0.708963986772941,0.0
0.5824858274198896,0.41751417258011037,0.0,0.0
0.6785269826926682,0.3214730173073317,0.0,0.0
0.6261373143778053,0.11518202307828937,0.2586806625439052,0.0
0.24158379662238888,0.6198650220893227,0.13855118128828844,0.0
0.5943768933598927,0.2342421205969063,0.17138098604320112,0.0
0.8619948805212502,0.13800511947874985,0.0,0.0
0.8104952547824722,0.09475543219519511,0.09474931302233264,0.0
0.24981117045595885,0.2502923868753497,0.24958100202096958,0.2503154406477219
0.3921076349444659,0.607892365055534,0.0,0.0
5.7444570884015204e-8,0.14354876249509047,0.8389385474120781,0.017512632648260702
0.20943688439583036,0.6354808065648113,0.15363119080102206,0.001451118238336316
0.28050667060701123,0.7194933293929888,0.0,0.0
0.09985321162544551,0.6542557287323488,0.1461994887263341,0.09969157091587172
0.1343589159586999,0.5963503978036477,0.13494237987509225,0.13434830636256
0.2473218376756702,0.26113876546313325,0.24564710737830153,0.24589228948289502
0.781876839496136,0.004082996392562264,0.11735280449761211,0.09668735961368971
0.8073619379941225,0.0004161658303194047,0.10187777814343345,0.09034411803212458
0.5263121442388815,0.2458307294414969,0.2278571263196216,0.0
0.27559552244975627,0.2037887580651325,0.316847249741111,0.20376846974400006
0.7033123077098179,0.1484678262407913,0.14821986604939083,0.0
0.15779900199142338,0.3423339642441962,0.4998670337643803,0.0
0.07207812814570247,0.7876906233282934,0.07012422967594673,0.07010701885005752
0.8370012808708358,0.06063225529520812,0.041745172618990196,0.06062129121496594
0.09110815068470829,0.13323245277180645,0.6423830142028297,0.13327638234065556
0.5740876724974331,0.42591232750256697,0.0,0.0
0.776288616646762,0.22371138335323804,0.0,0.0
0.25797146043861263,0.47866780469216896,0.26336073486921835,0.0
0.14737712994752417,0.4628437696809062,5.7242469946551005e-8,0.3897790431290999
0.8422140730748449,0.021603908974968708,0.06809153514583385,0.06809048280435262
0.7636192736593614,0.2363807263406387,0.0,0.0
0.19884096181147973,0.1712933066049344,0.6298657315835858,0.0
0.35822702785506605,0.3122780889773288,0.3294948831676052,0.0
0.6191308796444069,0.3808691203555931,0.0,0.0
0.2695365415156937,0.37588450820520497,0.35457895027910136,0.0
0.3934006082014629,0.3116337152582722,0.2949656765402649,0.0
0.562109245848753,0.43789075415124695,0.0,0.0
0.7829786872167052,0.10777535545206517,0.10924595733122962,0.0
0.48684361435852946,0.21157818872238252,0.30157819691908805,0.0
0.7972960822714685,0.12863785272355222,0.07406606500497925,0.0
0.7488004484550428,0.14435049901231087,0.10684905253264644,0.0
0.5198889988556612,0.27489885277438636,0.20521214836995247,0.0
0.9508885395970722,0.0317862711338091,0.017325189269118677,0.0
0.9209795532972788,0.05154793944433214,0.02747250725838899,0.0
0.8047919069421925,0.09920261616504666,0.09600547689276079,0.0
0.023723813218739016,0.49798441572731866,0.4782917710539423,0.0
0.3690592333007471,0.2253749567883769,0.405565809910876,0.0
0.23257590172500583,0.5831745746061742,0.1842495236688201,0.0
0.1679993632091242,0.4735675829966581,0.35843305379421764,0.0
0.34548262504140087,0.6545173749585991,0.0,0.0
0.61847774194175,0.38152225805825,0.0,0.0
0.3123725172668351,0.3653195033788967,0.32230797935426825,0.0
0.2952944453212853,0.35031175639229095,0.35439379828642376,0.0
0.13131446803969365,0.718037986909849,0.15064754505045738,0.0
0.16239558153947892,0.837604418460521,0.0,0.0
0.45632305666619427,0.2708360750695836,0.2728408682642221,0.0
0.2301803774151017,0.18960608105168836,0.019301420535787317,0.5609121209974225
0.6423187339021681,0.35768126609783185,0.0,0.0
0.8705372919930046,0.057778739328341606,0.014930947023048351,0.05675302165560554
0.004445231809930173,0.053151137501092564,0.7148343170733217,0.22756931361565555
0.6706566249790594,0.3293433750209406,0.0,0.0
0.17953969873071915,0.4644174800025174,0.17804382625254814,0.17799899501421534
0.3364342970973884,0.36119679511060127,0.15097482092476866,0.1513940868672417
0.6620350573569744,0.1580352372862467,0.14000177829018925,0.039927927066589694
0.30059464193907176,0.07967044691592404,0.6162077600534621,0.0035271510915421073
0.008656504797949901,0.09923552437644771,0.8795217300242939,0.012586240801308515
0.35991895415825037,0.4221107979695323,0.21797024787221714,0.0
0.35200628701334863,0.3700125395513173,0.13904734056770834,0.13893383286762562
0.692707217717164,0.15225033561035525,0.15504244667248074,0.0
0.2612636690308874,0.5223400963874607,0.10820002394806401,0.10819621063358788
0.40522736168069334,0.3331131657527439,0.2616594725665627,0.0
0.9283077031936456,0.022834677684753623,0.003892226014325509,0.044965393107275264
0.9194253271626188,0.011853960639987351,0.0004335416109916371,0.06828717058640234
0.4568470640063542,0.5431529359936458,0.0,0.0
0.7352372070022776,0.2647627929977224,0.0,0.0
0.7478169398306148,0.10732928245414824,0.14485377771523697,0.0
0.898880379581236,0.049237190182256675,0.0031373680274719073,0.04874506220903547
0.1513529293669621,0.199895056948824,0.647925787254372,0.00082622642984188
0.5163912057294068,0.4836087942705933,0.0,0.0
0.240503225984322,0.5185531958637495,0.2409435781519284,0.0
0.6025306270670927,0.25612656171221077,0.07166093895609386,0.06968187226460268
0.6550328020890981,0.34496719791090197,0.0,0.0
0.8862920200230442,8.967419697022679e-9,0.05811061762500591,0.05559735338453018
0.7566112712610431,0.04909315559090178,0.04940613847048512,0.14488943467757012
0.757582773076789,0.24241722692321102,0.0,0.0
0.6572451365390943,0.1143765328308254,0.11411194241497058,0.11426638821510969
0.24951324503513694,0.2518625702896759,0.2492879098327004,0.24933627484248683
0.4286823409766352,0.2702692768831072,0.19674261710729482,0.10430576503296278
0.5927214366438642,0.25285278923095617,0.14875413948917285,0.00567163463600671
0.9047884517312021,0.0007932059619160143,0.08414670227300498,0.010271640033876856
0.6007612804239454,0.2156243724895799,0.1836143470864746,0.0
0.5828628042600476,0.13893882394352705,0.13949823495242447,0.13870013684400084
0.4862864279280425,0.26333603030509534,0.2503775417668622,0.0
0.8116009242629342,0.06283472729793085,0.06278270984130518,0.06278163859782979
0.17183201800768957,0.5584771336773593,0.269690848314951,0.0
0.9499007208965244,0.0013994407563079916,0.0376748753329332,0.011024963014234362
0.9287953204516216,0.005362586431263202,0.0008881999899304566,0.06495389312718482
0.7619158280633654,0.2380841719366347,0.0,0.0
0.7592908420523379,0.24070915794766212,0.0,0.0
0.6490751563643569,0.1591332326142803,0.19179161102136275,0.0
0.22732094838668152,0.6618069984548094,0.10517080359373511,0.005701249564774134
0.032367515496065306,0.6706241410766327,0.2103635909404263,0.08664475248687563
0.5319600495070724,0.46803995049292757,0.0,0.0
0.3855263180113298,0.2950575321887907,0.3194161497998795,0.0
0.2431053481120421,0.23233302232604175,0.2306397948157318,0.29392183474618433
0.5307805686308193,0.46921943136918076,0.0,0.0
0.5948917277292193,0.04492692071280917,0.22469266176235883,0.1354886897956127
0.18853166086743894,0.18854204869377336,0.3613350564528897,0.2615912339858979
0.5742381860318482,0.4257618139681518,0.0,0.0
0.17472821432454858,0.18378112580092848,0.17460812433149303,0.46688253554302983
0.27124442834534596,0.2291788599890354,0.2699716813353277,0.22960503033029103
0.2502510188821971,0.24977200512562864,0.24978035845094437,0.2501966175412298
0.1491074158699801,0.14800544927063095,0.5549139384668507,0.1479731963925384
0.010145419647783845,0.09368295042164178,0.8072335653103336,0.08893806462024069
0.292976030618672,0.5025959790170899,0.20442799036423812,0.0
0.71589497861607,0.18546905303050296,0.09318640468679289,0.005449563666634108
0.5270017168269194,0.2420342500389339,0.23096403313414662,0.0
0.09725984044544982,0.13494063576520865,0.6705770622978482,0.09722246149149336
0.3399019774999094,0.3498105172703542,0.3102875052297363,0.0
0.9546610045202409,0.012401522176820988,0.00031621837970393783,0.03262125492323432
0.8874607150940739,0.012371298228900374,0.0010837579561832986,0.09908422872084238
0.8885766460641432,0.11142335393585687,0.0,0.0
0.23888561655643484,0.7611143834435651,0.0,0.0
0.9532016610079419,0.023471354046233246,0.023326984945824896,0.0
0.95576972834244,0.02007593774692139,0.01185005456297961,0.01230427934765898
0.333193100344443,0.13992598939285586,0.5264091331164555,0.00047177714624549374
0.8093849307724372,0.1906150692275627,0.0,0.0
0.19780774912203614,0.6033884774866267,0.1988037733913372,0.0
0.5899151233246374,0.4100848766753627,0.0,0.0
0.48646267020744716,0.5135373297925528,0.0,0.0
0.23908765040979235,0.7609123495902077,0.0,0.0
0.7399823954204259,0.2600176045795741,0.0,0.0
0.5097912110208795,0.4902087889791203,0.0,0.0
0.5367913253893325,0.46320867461066745,0.0,0.0
0.45248689610070786,0.5475131038992922,0.0,0.0
0.5062605377096128,0.4937394622903872,0.0,0.0
0.4473133473070768,0.5526866526929233,0.0,0.0
0.30051914421737635,0.6994808557826235,0.0,0.0
0.447416194454318,0.552583805545682,0.0,0.0
0.5708113330050113,0.4291886669949886,0.0,0.0
0.45688947578356814,0.5431105242164318,0.0,0.0
0.4595271221951646,0.5404728778048353,0.0,0.0
0.5500604528481507,0.44993954715184914,0.0,0.0
0.49466678139966647,0.5053332186003336,0.0,0.0
0.7384829987809858,0.2615170012190142,0.0,0.0
0.8357837661805438,0.16421623381945613,0.0,0.0
0.8137831709179666,0.18621682908203335,0.0,0.0
0.8565243859582311,0.14347561404176884,0.0,0.0
0.8709638698218833,0.12903613017811666,0.0,0.0
0.2005797304502618,0.7994202695497382,0.0,0.0
0.6654889179378679,0.3345110820621322,0.0,0.0
0.5414670572849698,0.4585329427150303,0.0,0.0
0.5171171110601422,0.48288288893985776,0.0,0.0
0.526528649591266,0.4734713504087339,0.0,0.0
0.26581050356548896,0.734189496434511,0.0,0.0
0.7085260595633389,0.29147394043666114,0.0,0.0
0.5189557818773316,0.4810442181226683,0.0,0.0
0.5390351467759207,0.4609648532240793,0.0,0.0
0.5104311747450092,0.4895688252549907,0.0,0.0
0.5620031107729169,0.4379968892270831,0.0,0.0
0.4580564752845207,0.5419435247154794,0.0,0.0
0.40099956028289035,0.5990004397171097,0.0,0.0
0.640809080073305,0.35919091992669505,0.0,0.0
0.82150993628293,0.17849006371707,0.0,0.0
0.5426219874652818,0.4573780125347182,0.0,0.0
0.823709131998542,0.17629086800145807,0.0,0.0
0.5764043258781981,0.42359567412180194,0.0,0.0
0.684933302172945,0.3150666978270551,0.0,0.0
0.6202943966148304,0.37970560338516957,0.0,0.0
0.7170888096756839,0.28291119032431616,0.0,0.0
0.6713880505768678,0.32861194942313215,0.0,0.0
0.85155059512417,0.14844940487582997,0.0,0.0
0.7700172668905995,0.2299827331094005,0.0,0.0
0.8098848270702377,0.1901151729297623,0.0,0.0
0.5990548972969991,0.40094510270300077,0.0,0.0
0.7838670278326823,0.21613297216731775,0.0,0.0
0.6811046789973935,0.20516126194258963,0.11373405906001695,0.0
0.6590196744440119,0.3409803255559881,0.0,0.0
0.9278509583148139,0.05219772833107015,0.019951313354115888,0.0
0.2502059464165217,0.34553812438020803,0.4042559292032703,0.0
0.46672139527107487,0.5332786047289251,0.0,0.0
0.3515384470914358,0.546260876475009,0.10220067643355525,0.0
0.6489358274686862,0.16648804663202804,0.1845761258992857,0.0
0.5774695189317701,0.21566160404767082,0.20686887702055917,0.0
0.20946031129366707,0.657317538140339,0.13322215056599396,0.0
0.2652156558537177,0.47170242319725103,0.26308192094903127,0.0
0.48218546593524864,0.26459312210326535,0.25322141196148606,0.0
0.21648663551636918,0.5677774299639934,0.21573593451963732,0.0
0.30819760743652763,0.38535977147769657,0.30644262108577586,0.0
0.04927864096455229,0.817382117361193,0.13333924167425462,0.0
0.08835591315524456,0.70466045182582,0.20698363501893527,0.0
0.3760441960988657,0.5206784896631157,0.10327731423801868,0.0
0.48719266800157096,0.42811657149766474,0.08469076050076423,0.0
0.82774895957509,0.08625677019460733,0.08599427023030272,0.0
0.7634576466105858,0.2365423533894141,0.0,0.0
0.9387628907339383,0.06123710926606182,0.0,0.0
0.23644121888776928,0.629182116128355,0.13437666498387582,0.0
0.7901519553763469,0.1044819111050892,0.10536613351856386,0.0
0.8850961770987513,0.11490382290124865,0.0,0.0
0.46210015924349634,0.26985824543753956,0.2680415953189641,0.0
0.2503929284527876,0.24978532584623642,0.25050535929938195,0.24931638640159412
0.568459061315894,0.4315409386841059,0.0,0.0
0.9005458190609662,0.035591077778368785,0.03565781422767451,0.028205288932990506
0.2202026747497787,0.33901489047955574,0.22050810026464968,0.22027433450601588
0.4556367367649125,0.5443632632350875,0.0,0.0
0.249770975228196,0.2506919740675307,0.24982388688436322,0.24971316381990993
0.4355085397815681,0.198791923027453,0.1828076658187629,0.18289187137221616
0.38490984271942436,0.2046821857421002,0.20405196323525018,0.2063560083032252
0.3362546698103007,0.3018063842831638,0.28119287878727744,0.08074606711925812
0.010509782251622002,0.3297133975804473,0.08736442228618753,0.5724123978817431
0.4136016175825611,0.43318241911589456,0.1532159633015443,0.0
0.2531113815302634,0.3103531876578467,0.22060242001283883,0.21593301079905117
0.5650352187569871,0.2928939456224482,0.14207083562056463,0.0
0.24600095959091114,0.5237646043340015,0.0015746178626110047,0.2286598182124764
0.17129865103794978,0.4914910332438155,0.3372103157182348,0.0
0.9451934291505583,0.024893993553072542,0.013914412817099502,0.01599816447926975
0.1099089808771691,0.46139934981812286,0.3311991180799547,0.09749255122475337
0.9830384064944024,0.0014808911479404097,0.005533902856518123,0.009946799501139126
0.8997298421042,0.10027015789579986,0.0,0.0
0.8357821705773999,0.16421782942260013,0.0,0.0
0.3506150974065192,0.5324896162866001,0.1168952863068807,0.0
0.8916812552146482,0.025576249273439686,0.002583920446329618,0.08015857506558245
0.817184364283723,0.18281563571627704,0.0,0.0
0.5842414755043863,0.37692262246994207,0.038835902025671595,0.0
0.519662229755414,0.09424640959549184,0.09252141309485674,0.2935699475542375
0.33871816797612375,0.6612818320238762,0.0,0.0
5.673127446646816e-8,0.15360967412698914,0.691343273851779,0.1550469952899574
0.3904502467492378,0.20322621119137418,0.2034387687232495,0.2028847733361386
0.6699088305448707,0.33009116945512934,0.0,0.0
0.36772342358110405,0.36476080278037176,0.13380978836625998,0.13370598527226418
0.24941669799524058,0.24971449947644053,0.25041240416554,0.2504563983627789
0.24774870957265602,0.37422947189865535,0.20815055383033598,0.16987126469835276
0.27615758365776594,0.5272780607065064,0.0982980133899763,0.09826634224575137
0.5709277396452236,0.20439297462166048,0.11232606588220442,0.11235321985091169
0.5710058127497394,0.20592783815258356,0.223066349097677,0.0
0.24937102691502794,0.250212604860585,0.25099994855664864,0.24941641966773836
0.559105418674479,0.2202606923781513,0.22063388894736963,0.0
0.8853228551911346,0.05618172677347552,0.0023069687867739402,0.056188449248615865
0.29091606701288,0.39902770074159316,0.31005623224552686,0.0
0.3139129386226416,0.5815154575937775,5.1653228897751744e-8,0.10457155213035206
0.04226934915347959,0.6783226075639907,0.20285725440540106,0.07655078887712875
0.6042453053596794,0.08752504002425288,0.3082296280310527,2.6585014915036313e-8
0.28118178928763576,0.7188182107123642,0.0,0.0
0.9896755758660757,0.010324424133924252,0.0,0.0
0.2312245066387633,0.39832950275408713,0.37044599060714956,0.0
0.9340946756294124,9.040490842736859e-8,0.05216072969635797,0.013744504269321283
0.7489551371908488,0.2510448628091511,0.0,0.0
0.7858691330977718,0.10705790583017051,0.10707296107205752,0.0
0.30270961537753494,0.6972903846224651,0.0,0.0
0.5838787474376583,0.4161212525623417,0.0,0.0
0.7755100190215775,0.22448998097842257,0.0,0.0
0.45139614929730915,0.5486038507026908,0.0,0.0
0.4766009897814575,0.5233990102185426,0.0,0.0
0.5575917841775769,0.442408215822423,0.0,0.0
0.7130231298246531,0.2869768701753469,0.0,0.0
0.5344577072889868,0.4655422927110132,0.0,0.0
0.5941975225868292,0.4058024774131708,0.0,0.0
0.6684113964945314,0.33158860350546854,0.0,0.0
0.435830362817823,0.5641696371821769,0.0,0.0
0.2527021208911667,0.7472978791088333,0.0,0.0
0.794469236443708,0.20553076355629196,0.0,0.0
0.7318024129594379,0.268197587040562,0.0,0.0
0.260452762628104,0.739547237371896,0.0,0.0
0.5908531150336027,0.4091468849663972,0.0,0.0
0.6226761078214698,0.37732389217853035,0.0,0.0
0.8176230656084006,0.18237693439159952,0.0,0.0
0.608563732536317,0.391436267463683,0.0,0.0
0.6495204537447375,0.35047954625526256,0.0,0.0
0.6899769194732657,0.31002308052673433,0.0,0.0
0.8607934247867789,0.13920657521322108,0.0,0.0
0.8368129458450148,0.16318705415498516,0.0,0.0
0.9839540604003377,0.016045939599662322,0.0,0.0
0.3255860634826572,0.3541702559680368,0.3202436805493061,0.0
0.052612445482899645,0.9473875545171003,0.0,0.0
0.5212245647482305,0.24218878675851488,0.23658664849325464,0.0
0.1500411842435334,0.3409972485555295,0.5089615672009371,0.0
0.8168785294992541,0.18312147050074595,0.0,0.0
0.37853251659028236,0.30982704224598995,0.31164044116372763,0.0
0.36175334012588145,0.33767379161570904,0.30057286825840945,0.0
0.33888507382371624,0.32893340654528747,0.33218151963099635,0.0
0.36989337993141214,0.1005951388401697,0.5295114812284182,0.0
0.3068755877494775,0.5142397360635134,0.1788846761870091,0.0
0.43904773051614643,0.2909043774351058,0.27004789204874785,0.0
0.6395771388739245,0.18486996868604105,0.17555289244003439,0.0
0.6978693123958507,0.1510244616310058,0.15110622597314352,0.0
0.10572964472955529,0.8096082446676511,0.08466211060279362,0.0
0.4573046601724623,0.2772717131345322,0.2654236266930055,0.0
0.2770185980688731,0.443428969791327,0.27955243213979997,0.0
0.24142869983625403,0.5225585310199052,0.23601276914384062,0.0
0.22175769160747727,0.5402578145868991,0.23798449380562353,0.0
0.7918430431228637,0.20815695687713642,0.0,0.0
0.8523574350940049,0.14764256490599512,0.0,0.0
0.2642723339975675,0.6620707997617465,0.07365686624068586,0.0
0.7064120841332879,0.14680934945111157,0.14677856641560053,0.0
0.6919382271804414,0.1540488456878398,0.15401292713171885,0.0
0.9816674239952787,0.018332576004721334,0.0,0.0
