---flow_allocation with alpha---
0.1315856813966728
0.12128781697566575
0.055049070416246446
0.13264367877568625
0.022067483944626237
0.509214972489841
0.2971561685513924
0.0824801015848893
0.3817080161287953
0.3588279056188599
0.395786129989381
0.13151465966727371
0.29046589837672276
0.2057408676632747
0.16114576272251016
0.538638352422201
0.16898972214644561
0.27539535047482133
0.23573311938911048
0.15195358949652982
0.030039975070853306
0.3109008910054074
0.27555881588400144
0.4267298599224063
0.5286940038715947
0.12348661822025675
0.44477785311918466
0.3367667059832367
0.1842240396957531
0.4058664103897167
0.4658425920310895
0.08038084887747418
0.3468507535686647
0.1476720717869238
0.5114438754224374
0.5232948133497684
0.09860644919203065
0.23215327345861858
0.4034851198986391
0.18932862023663757
0.5177243367067179
0.5213221326925422
0.29165164896609663
0.015285060011308657
0.01231364668667081
0.11926455223927958
0.18566636153963872
0.03471138927895843
0.4103741113239694
0.23629467156879658
0.44635425453889443
0.16348965875634217
0.008328860124814493
0.4128424855331411
0.08450533939565273
0.4655789785564648
0.42731099967493535
0.4229232849280976
0.48891315567048577
0.06051895605878805
0.3777584670646443
0.08379103725606905
0.05815675651639036
0.3411714043816304
0.23144685019426933
0.24917454317637722
0.28981098085439455
0.3282028204866286
0.21379606684605157
0.34525800381840027
0.49729751376921894
0.22758509175467856
0.06775868852293444
0.3266137394914421
0.36808936462671465
0.10169031164944402
0.22432028450718453
0.22191997912698333
0.024399468157093
0.09379134774388878
0.0009020410166595919
0.4245137618398503
0.05364546109697959
0.3066096734653026
0.4685168460374155
0.12599853428847535
0.08068689911053101
0.1737478827261412
0.21014247932997637
0.0
0.4464162475515285
0.14671497412073684
0.5292447645424418
0.49010621692546613
0.3238701818068755
0.5388238840509476
0.5266124238258355
0.29036963382275083
0.05589165818308602
0.06579726702896688
0.41793274898103844
0.28732803900310855
0.10929448661039509
0.04328005310535102
0.10429504364186133
0.49698110601420353
0.5202237969040376
0.5288645562418034
0.029864176380883144
0.03053015206790723
0.15812442658944464
0.2601292668754488
0.32836121227598136
0.20145701447787515
0.14594833853219377
0.2567281698509007
0.44440342534483984
0.044250783328516605
0.49704513921258897
0.12426835834190117
0.33636992564746576
0.09575948630336475
0.1082851118128765
0.15464088100565715
0.5005393241861024
0.33507171429267835
0.3072122262200305
0.5013271490722664
0.37549329714587504
0.3523773035807942
0.27293618394607705
0.10952923772037622
---flow_allocation with ell_k_beta---
0.1315856813966728
0.12128781697566575
0.055049070416246446
0.13264367877568625
0.022067483944626237
0.509214972489841
0.2971561685513924
0.0824801015848893
0.3817080161287953
0.3588279056188599
0.395786129989381
0.13151465966727371
0.29046589837672276
0.2057408676632747
0.16114576272251016
0.538638352422201
0.16898972214644561
0.27539535047482133
0.23573311938911048
0.15195358949652982
0.030039975070853306
0.3109008910054074
0.27555881588400144
0.4267298599224063
0.5286940038715947
0.12348661822025675
0.44477785311918466
0.3367667059832367
0.1842240396957531
0.4058664103897167
0.4658425920310895
0.08038084887747418
0.3468507535686647
0.1476720717869238
0.5114438754224374
0.5232948133497684
0.09860644919203065
0.23215327345861858
0.4034851198986391
0.18932862023663757
0.5177243367067179
0.5213221326925422
0.29165164896609663
0.015285060011308657
0.01231364668667081
0.11926455223927958
0.18566636153963872
0.03471138927895843
0.4103741113239694
0.23629467156879658
0.44635425453889443
0.16348965875634217
0.008328860124814493
0.4128424855331411
0.08450533939565273
0.4655789785564648
0.42731099967493535
0.4229232849280976
0.48891315567048577
0.06051895605878805
0.3777584670646443
0.08379103725606905
0.05815675651639036
0.3411714043816304
0.23144685019426933
0.24917454317637722
0.28981098085439455
0.3282028204866286
0.21379606684605157
0.34525800381840027
0.49729751376921894
0.22758509175467856
0.06775868852293444
0.3266137394914421
0.36808936462671465
0.10169031164944402
0.22432028450718453
0.22191997912698333
0.024399468157093
0.09379134774388878
0.0009020410166595919
0.4245137618398503
0.05364546109697959
0.3066096734653026
0.4685168460374155
0.12599853428847535
0.08068689911053101
0.1737478827261412
0.21014247932997637
0.0
0.4464162475515285
0.14671497412073684
0.5292447645424418
0.49010621692546613
0.3238701818068755
0.5388238840509476
0.5266124238258355
0.29036963382275083
0.05589165818308602
0.06579726702896688
0.41793274898103844
0.28732803900310855
0.10929448661039509
0.04328005310535102
0.10429504364186133
0.49698110601420353
0.5202237969040376
0.5288645562418034
0.029864176380883144
0.03053015206790723
0.15812442658944464
0.2601292668754488
0.32836121227598136
0.20145701447787515
0.14594833853219377
0.2567281698509007
0.44440342534483984
0.044250783328516605
0.49704513921258897
0.12426835834190117
0.33636992564746576
0.09575948630336475
0.1082851118128765
0.15464088100565715
0.5005393241861024
0.33507171429267835
0.3072122262200305
0.5013271490722664
0.37549329714587504
0.3523773035807942
0.27293618394607705
0.10952923772037622
---flow_allocation with per_flow_loss---
0.14705296
0.13554463
0.06151983
0.14823532
0.024661413
0.5690708
0.33208548000000004
0.09217525
0.02356319162500009
0.40100644
0.3944512672499998
0.14697359000000002
0.3246088
0.22992474000000002
0.18008769000000002
0.60195276
0.18885367
0.30776677999999996
0.26344244
0.0
0.033571033
0.0
0.30794946
0.47688995
0.5908395000000001
0.13800189000000002
0.4970594
0.37635205
0.20587871000000002
0.0
0.5206002
0.0
0.0
0.16503023
0.5715617
0.58480566
0.11019717400000001
0.2594418
0.4509129
0.21158331000000002
0.5362237288125002
0.5826011
0.32593393
0.017081747
0.013761058
0.13328353999999998
0.20749056999999999
0.03879155
0.45861166
0.26406999999999997
0.4988211
0.0
0.0093078785
0.27340179990624935
0.0
0.5203056
0.4775394
0.47263593
0.5463826
0.067632675
0.4221622
0.09364028
0.06499281000000001
0.2606526607500002
0.25865234
0.27846384
0.32387689999999997
0.36678152
0.23892679
0.38584145999999997
0.5557525000000001
0.25433665
0.07572340400000001
0.36500565
0.41135654
0.11364352999999999
0.25068808000000004
0.24800563
0.027267510999999998
0.10481608
0.0010080717
0.47441336
0.059951233
0.34265019999999996
0.5235888
0.14080906999999998
0.090171265
0.19417113
0.0
0.0
0.0
0.16396063
0.14599905206249908
0.5477159
0.3619396
0.6021601000000001
0.58851324
0.32450122
0.06246146
0.0
0.0
0.3211021
0.12214154
0.0
0.116554436
0.5553988999999993
0.58137366
0.5910301
0.03337457
0.034118828000000004
0.0
0.29070624
0.328010855531251
0.22513734
0.16310388
0.28690536
0.49664096
0.049452255
0.55547046
0.13887552
0.37590863
0.0
0.0
0.0
0.5593753699999999
0.0
0.34332358
0.5602558
0.41963077
0.39379759999999997
0.30501855
0.122403885
---weights per flow per tunnel---
1.0,0.0,0.0,0.0
1.0,0.0,0.0,0.0
0.5,0.5,0.0,0.0
0.5,0.5,0.0,0.0
0.5,0.5,0.0,0.0
0.5,0.5,0.0,0.0
0.5,0.5,0.0,0.0
0.5,0.5,0.0,0.0
0.9476535434741039,0.05234645652589612,0.0,0.0
1.0,0.0,0.0,0.0
0.5285970000170201,0.47140299998297974,0.0,0.0
0.952594163153966,0.047405836846034104,0.0,0.0
0.5,0.5,0.0,0.0
0.5,0.5,0.0,0.0
1.0,0.0,0.0,0.0
0.5,0.5,0.0,0.0
0.5,0.5,0.0,0.0
0.5,0.5,0.0,0.0
0.5,0.5,0.0,0.0
1.0,0.0,0.0,0.0
1.0,0.0,0.0,0.0
0.0,1.0,0.0,0.0
1.0,0.0,0.0,0.0
0.5,0.5,0.0,0.0
0.5,0.5,0.0,0.0
0.5,0.5,0.0,0.0
1.0,0.0,0.0,0.0
0.0,0.5,0.5,0.0
0.5,0.5,0.0,0.0
0.0,1.0,0.0,0.0
0.0,1.0,0.0,0.0
0.0,1.0,0.0,0.0
0.0,1.0,0.0,0.0
0.5,0.5,0.0,0.0
0.5,0.5,0.0,0.0
0.5,0.5,0.0,0.0
0.5,0.454875047572676,0.045124952427324005,0.0
0.2137325338183451,0.2137325338183451,0.0,0.5725349323633099
0.0,0.5,0.5,0.0
0.5,0.44907825757853675,0.05092174242146325,0.0
0.6362135853995889,0.3637864146004111,0.0,0.0
1.0,0.0,0.0,0.0
1.0,0.0,0.0,0.0
0.0,1.0,0.0,0.0
0.9004990042300488,0.09950099576995126,0.0,0.0
0.6025587818479253,0.3974412181520746,0.0,0.0
0.23717082526787273,0.7628291747321272,0.0,0.0
0.5,0.5,0.0,0.0
0.7049073869185328,0.0056730816519623955,0.2894195314295047,0.0
0.5,0.5,0.0,0.0
0.5,0.5,0.0,0.0
0.0,1.0,0.0,0.0
0.5,0.5,0.0,0.0
0.5925866294745129,0.40741337052548704,0.0,0.0
0.0,1.0,0.0,0.0
0.5,0.5,0.0,0.0
0.5,0.5,0.0,0.0
0.5380744286014916,0.46192557139850854,0.0,0.0
0.19000284833622605,0.19000284833622605,0.021873194731986255,0.5981211085955617
0.5,0.5,0.0,0.0
0.5,0.5,0.0,0.0
0.41022956970946894,0.5,0.08977043029053104,0.0
1.0,0.0,0.0,0.0
0.31636482180161485,0.6836351781983852,0.0,0.0
1.0,0.0,0.0,0.0
1.0,0.0,0.0,0.0
0.5,0.5,0.0,0.0
0.5,0.5,0.0,0.0
0.43007861053808644,0.5699213894619136,0.0,0.0
0.5,0.5,0.0,0.0
0.5,0.5,0.0,0.0
0.7145049728961567,0.28549502710384345,0.0,0.0
0.9674452678391047,0.0,0.03255473216089524,0.0
1.0,0.0,0.0,0.0
1.0,0.0,0.0,0.0
1.0,0.0,0.0,0.0
0.4918234740409243,0.5081765259590757,0.0,0.0
0.2931049856093673,0.7068950143906327,0.0,0.0
0.5,0.5,0.0,0.0
0.5,0.5,0.0,0.0
0.998888887588152,0.0,0.001111112411848056,0.0
0.3491546236931294,0.3491546236931294,0.3016907526137412,0.0
0.9536193700626131,0.04638062993738683,0.0,0.0
0.9501068874268381,0.0,0.049893112573161945,0.0
0.0,1.0,0.0,0.0
1.0,0.0,0.0,0.0
1.0,0.0,0.0,0.0
1.0,0.0,0.0,0.0
1.0,0.0,0.0,0.0
0.0,0.0,0.0,0.0
0.0,1.0,0.0,0.0
1.0,0.0,0.0,0.0
0.24684726997404546,0.7531527300259545,0.0,0.0
1.0,0.0,0.0,0.0
1.0,0.0,0.0,0.0
0.0,1.0,0.0,0.0
0.17713855840028114,0.8228614415997189,0.0,0.0
0.15235212535223774,0.8476478746477621,0.0,0.0
0.6574928388220747,0.3425071611779254,0.0,0.0
0.0,1.0,0.0,0.0
1.0,0.0,0.0,0.0
0.0,1.0,0.0,0.0
1.0,0.0,0.0,0.0
0.0,1.0,0.0,0.0
0.0,1.0,0.0,0.0
1.0,0.0,0.0,0.0
1.0,0.0,0.0,0.0
0.7659675381993901,0.23403246180060985,0.0,0.0
0.011131231503817098,0.0,0.988868768496183,0.0
0.024464300279999757,0.9755356997200002,0.0,0.0
0.0,1.0,0.0,0.0
1.0,0.0,0.0,0.0
0.8938635532773989,0.10613644672260113,0.0,0.0
1.0,0.0,0.0,0.0
1.0,0.0,0.0,0.0
1.0,0.0,0.0,0.0
1.0,0.0,0.0,0.0
1.0,0.0,0.0,0.0
0.5,0.5,0.0,0.0
0.0,0.3723787464611821,0.6276212535388179,0.0
0.5,0.5,0.0,0.0
1.0,0.0,0.0,0.0
1.0,0.0,0.0,0.0
0.0,1.0,0.0,0.0
0.32559305256861754,0.6744069474313824,0.0,0.0
0.0,1.0,0.0,0.0
1.0,0.0,0.0,0.0
0.23604684252041705,0.7639531574795829,0.0,0.0
1.0,0.0,0.0,0.0
0.5,0.5,0.0,0.0
0.5,0.5,0.0,0.0
0.8199858036122463,0.1800141963877537,0.0,0.0
