---flow_allocation with alpha---
0.13479239362474382
0.12424357266035488
0.056390603365531186
0.13587617415201883
0.022605263358441572
0.5216244220718023
0.3043977947619823
0.08449012233728018
0.3910101510562502
0.36757245761348306
0.4054313452534329
0.1347196411124381
0.29754448427053587
0.21075472440777038
0.1650728472072296
0.5517648428798777
0.17310796208466306
0.28210667064695555
0.24147788028165468
0.15565666287325156
0.03077204222563942
0.31847747288212236
0.28227411966986116
0.437129166635506
0.5415781528848304
0.12649595817614687
0.45561698519825095
0.3449736317111826
0.18871353638358918
0.41575727972554183
0.47719506686244434
0.08233971133319304
0.35530342517380187
0.15127080558012573
0.5239076428466841
0.5360473853548959
0.10100946525756697
0.23781079434451413
0.4133179577430794
0.19394251435636656
0.5303411575010918
0.5340266309322079
0.2987591313239781
0.015657553342838436
0.012613727371614484
0.1221710014363484
0.19019100727290672
0.03555729770358877
0.4203748322755093
0.2420531173564007
0.4572318031512436
0.16747386343828394
0.008531832494791605
0.42290336018587393
0.08656471471902423
0.4769250291892017
0.43772446862765624
0.4332298263003809
0.5008278547328184
0.06199378883971034
0.38696435240669635
0.08583300520364383
0.059574023047874645
0.3494856715776234
0.23708715571071176
0.2552468684175938
0.296873606561621
0.3362010463313479
0.21900622690747948
0.353671860485269
0.5094165376741512
0.2331312871226713
0.06940995188790149
0.33457323980459475
0.37705961620760764
0.10416848072058789
0.22978691728742673
0.22732811702744762
0.024994077479834693
0.09607702091520387
0.0009240235449076622
0.43485906276186004
0.05495278841598789
0.314081679375901
0.4799344918123869
0.12906908905046252
0.08265321993872878
0.1779820779229558
0.0
0.0
0.37230724097872947
0.15029038366804026
0.42216707136564274
0.5020499906110752
0.33176282226200904
0.5519548958709509
0.5394458452210233
0.2974458737719362
0.057253724798849284
0.44714267518876766
0.4281176721614623
0.2943301559991166
0.11195796764385017
0.04433477785998532
0.10683668942143029
0.509092419136274
0.5329015289578529
0.5417528615763444
0.030591959362780363
0.0312741647212741
0.16197788182043235
0.26646855616676635
0.33636329809149773
0.20636647472385308
0.1495050653498099
0.2629845752045306
0.4552334327067653
0.04532916455126919
0.5091580128087018
0.12729674912141165
0.34456718193158564
0.0
0.24950210535063588
0.15840944304688437
0.5127373502514108
0.3432373334702238
0.31469891620009705
0.5135443742454809
0.3846439808276851
0.36096465591498067
0.2795875748060332
0.11219843958338463
---flow_allocation with ell_k_beta---
0.13479239362474382
0.12424357266035488
0.056390603365531186
0.13587617415201883
0.022605263358441572
0.5216244220718023
0.3043977947619823
0.08449012233728018
0.3910101510562502
0.36757245761348306
0.4054313452534329
0.1347196411124381
0.29754448427053587
0.21075472440777038
0.1650728472072296
0.5517648428798777
0.17310796208466306
0.28210667064695555
0.24147788028165468
0.15565666287325156
0.03077204222563942
0.31847747288212236
0.28227411966986116
0.437129166635506
0.5415781528848304
0.12649595817614687
0.45561698519825095
0.3449736317111826
0.18871353638358918
0.41575727972554183
0.47719506686244434
0.08233971133319304
0.35530342517380187
0.15127080558012573
0.5239076428466841
0.5360473853548959
0.10100946525756697
0.23781079434451413
0.4133179577430794
0.19394251435636656
0.5303411575010918
0.5340266309322079
0.2987591313239781
0.015657553342838436
0.012613727371614484
0.1221710014363484
0.19019100727290672
0.03555729770358877
0.4203748322755093
0.2420531173564007
0.4572318031512436
0.16747386343828394
0.008531832494791605
0.42290336018587393
0.08656471471902423
0.4769250291892017
0.43772446862765624
0.4332298263003809
0.5008278547328184
0.06199378883971034
0.38696435240669635
0.08583300520364383
0.059574023047874645
0.3494856715776234
0.23708715571071176
0.2552468684175938
0.296873606561621
0.3362010463313479
0.21900622690747948
0.353671860485269
0.5094165376741512
0.2331312871226713
0.06940995188790149
0.33457323980459475
0.37705961620760764
0.10416848072058789
0.22978691728742673
0.22732811702744762
0.024994077479834693
0.09607702091520387
0.0009240235449076622
0.43485906276186004
0.05495278841598789
0.314081679375901
0.4799344918123869
0.12906908905046252
0.08265321993872878
0.1779820779229558
0.0
0.0
0.37230724097872947
0.15029038366804026
0.42216707136564274
0.5020499906110752
0.33176282226200904
0.5519548958709509
0.5394458452210233
0.2974458737719362
0.057253724798849284
0.44714267518876766
0.4281176721614623
0.2943301559991166
0.11195796764385017
0.04433477785998532
0.10683668942143029
0.509092419136274
0.5329015289578529
0.5417528615763444
0.030591959362780363
0.0312741647212741
0.16197788182043235
0.26646855616676635
0.33636329809149773
0.20636647472385308
0.1495050653498099
0.2629845752045306
0.4552334327067653
0.04532916455126919
0.5091580128087018
0.12729674912141165
0.34456718193158564
0.0
0.24950210535063588
0.15840944304688437
0.5127373502514108
0.3432373334702238
0.31469891620009705
0.5135443742454809
0.3846439808276851
0.36096465591498067
0.2795875748060332
0.11219843958338463
---flow_allocation with per_flow_loss---
0.14705296
0.13554463
0.06151983
0.14823532
0.024661413
0.5690708
0.33208548000000004
0.09217525
0.0
0.40100644
0.44230893
0.14697359000000002
0.3246088
0.22992474000000002
0.18008769000000002
0.60195276
0.18885367
0.30776677999999996
0.26344244
0.0
0.033571033
0.34744583
0.30794946
0.47688995
0.5908395000000001
0.13800189000000002
0.4970594
0.37635205
0.20587871000000002
0.4535741
0.5206002
0.07460798683333422
0.38762143
0.16503023
0.5715617
0.58480566
0.11019717400000001
0.2594418
0.4509129
0.21158331000000002
0.5785804000000001
0.5826011
0.32593393
0.017081747
0.013761058
0.13328353999999998
0.20749056999999999
0.03879155
0.45861166
0.26406999999999997
0.4988211
0.18270709999999998
0.0093078785
0.46137018
0.094438545
0.5203056
0.4775394
0.47263593
0.5463826
0.067632675
0.4221622
0.09364028
0.06499281000000001
0.3812745
0.25865234
0.27846384
0.32387689999999997
0.36678152
0.23892679
0.38584145999999997
0.5557525000000001
0.25433665
0.07572340400000001
0.36500565
0.41135654
0.11364352999999999
0.25068808000000004
0.24800563
0.027267510999999998
0.10481608
0.0010080717
0.47441336
0.059951233
0.34265019999999996
0.5235888
0.14080906999999998
0.090171265
0.19417113
0.0
0.0
0.4061718939999981
0.16396063
0.4605669191666675
0.5477159
0.3619396
0.6021601000000001
0.58851324
0.32450122
0.06246146
0.07259083033333408
0.46705878
0.3211021
0.12214154
0.04836742
0.116554436
0.5553989
0.58137366
0.5910301
0.03337457
0.034118828000000004
0.0
0.29070624
0.366958529999998
0.22513734
0.10137263733333057
0.28690536
0.49664096
0.049452255
0.55547046
0.13887552
0.37590863
0.0
0.272196539666669
0.14933704624998867
0.5593753699999999
0.37445782000000005
0.34332358
0.5602558
0.41963077
0.39379759999999997
0.30501855
0.122403885
---weights per flow per tunnel---
1.0,0.0,0.0,0.0
1.0,0.0,0.0,0.0
0.5,0.5,0.0,0.0
0.5,0.5,0.0,0.0
0.5,0.5,0.0,0.0
0.5,0.5,0.0,0.0
0.5,0.5,0.0,0.0
1.0,0.0,0.0,0.0
1.0,0.0,0.0,0.0
1.0,0.0,0.0,0.0
1.0,0.0,0.0,0.0
1.0,0.0,0.0,0.0
0.8727440386570726,0.12725596134292738,0.0,0.0
0.5,0.5,0.0,0.0
0.6958492330660765,0.30415076693392346,0.0,0.0
0.5,0.5,0.0,0.0
0.38402382779554267,0.6159761722044574,0.0,0.0
0.5,0.5,0.0,0.0
0.5,0.5,0.0,0.0
1.0,0.0,0.0,0.0
1.0,0.0,0.0,0.0
0.5,0.5,0.0,0.0
1.0,0.0,0.0,0.0
0.5,0.5,0.0,0.0
0.482718083480632,0.5172819165193681,0.0,0.0
0.42695937833469255,0.5730406216653074,0.0,0.0
0.6233778059733185,0.0,0.3766221940266815,0.0
0.0,0.5,0.5,0.0
0.5,0.0,0.5,0.0
0.5488161500282015,0.45118384997179856,0.0,0.0
0.0,1.0,0.0,0.0
0.1694465317380597,0.8305534682619403,0.0,0.0
0.0,1.0,0.0,0.0
0.5,0.5,0.0,0.0
0.4451535530159699,0.5548464469840302,0.0,0.0
0.4846837484082396,0.4846837484082396,0.0306325031835209,0.0
0.42897420159111976,0.14205159681776044,0.42897420159111976,0.0
0.5,0.0,0.0,0.5
0.0,0.7492180429048992,0.25078195709510076,0.0
0.5,0.0,0.5,0.0
1.0,0.0,0.0,0.0
1.0,0.0,0.0,0.0
1.0,0.0,0.0,0.0
1.0,0.0,0.0,0.0
0.5,0.5,0.0,0.0
0.5,0.5,0.0,0.0
0.5,0.5,0.0,0.0
0.5,0.5,0.0,0.0
1.0,0.0,0.0,0.0
0.33333333333333337,0.33333333333333337,0.33333333333333337,0.0
0.5,0.5,0.0,0.0
0.25767893805789116,0.7423210619421088,0.0,0.0
0.0,1.0,0.0,0.0
0.0,1.0,0.0,0.0
0.0,1.0,0.0,0.0
0.5262598774602242,0.47374012253977577,0.0,0.0
0.5,0.5,0.0,0.0
0.9620148656850528,0.037985134314947204,0.0,0.0
0.0,0.5,0.0,0.5
0.5,0.5,0.0,0.0
0.2614797538369806,0.7385202461630194,0.0,0.0
0.5,0.5,0.0,0.0
1.0,0.0,0.0,0.0
0.0,1.0,0.0,0.0
1.0,0.0,0.0,0.0
1.0,0.0,0.0,0.0
0.5,0.5,0.0,0.0
0.5,0.5,0.0,0.0
0.21221879196795515,0.7877812080320448,0.0,0.0
0.30544983242343554,0.6945501675765644,0.0,0.0
0.35564321598053705,0.35564321598053705,0.28871356803892595,0.0
0.166166286705926,0.8338337132940741,0.0,0.0
0.3333333333333333,0.3333333333333333,0.3333333333333333,0.0
0.6825371038777222,0.31746289612227785,0.0,0.0
1.0,0.0,0.0,0.0
1.0,0.0,0.0,0.0
0.0,1.0,0.0,0.0
0.5,0.5,0.0,0.0
0.5,0.5,0.0,0.0
0.5,0.5,0.0,0.0
0.9644146673490032,0.0,0.035585332650996795,0.0
0.5,0.5,0.0,0.0
0.5,0.5,0.0,0.0
0.5138397200499031,0.0,0.4861602799500968,0.0
1.0,0.0,0.0,0.0
1.0,0.0,0.0,0.0
1.0,0.0,0.0,0.0
1.0,0.0,0.0,0.0
0.0,0.0,0.0,0.0
0.0,0.0,0.0,0.0
1.0,0.0,0.0,0.0
1.0,0.0,0.0,0.0
0.0,1.0,0.0,0.0
1.0,0.0,0.0,0.0
0.0,1.0,0.0,0.0
1.0,0.0,0.0,0.0
0.4427986664757172,0.5572013335242827,0.0,0.0
0.0998815676590934,0.9001184323409066,0.0,0.0
0.9288874042869696,0.07111259571303043,0.0,0.0
0.8511916647791328,0.14880833522086725,0.0,0.0
1.0,0.0,0.0,0.0
0.0,1.0,0.0,0.0
1.0,0.0,0.0,0.0
0.0,1.0,0.0,0.0
0.0,1.0,0.0,0.0
1.0,0.0,0.0,0.0
1.0,0.0,0.0,0.0
0.5,0.5,0.0,0.0
0.0,0.6582824120873954,0.3417175879126046,0.0
0.9299708436255941,0.07002915637440588,0.0,0.0
1.0,0.0,0.0,0.0
1.0,0.0,0.0,0.0
1.0,0.0,0.0,0.0
1.0,0.0,0.0,0.0
0.6215219241463206,0.37847807585367943,0.0,0.0
1.0,0.0,0.0,0.0
0.8661873227290905,0.13381267727090948,0.0,0.0
0.0,1.0,0.0,0.0
0.5,0.5,0.0,0.0
0.04911317531356141,0.0,0.9508868246864386,0.0
0.14757962523870025,0.8524203747612997,0.0,0.0
0.0,0.0,0.0,0.0
1.0,0.0,0.0,0.0
0.13587194582937892,0.8641280541706211,0.0,0.0
1.0,0.0,0.0,0.0
0.0,1.0,0.0,0.0
1.0,0.0,0.0,0.0
0.44119977948760847,0.5588002205123915,0.0,0.0
1.0,0.0,0.0,0.0
0.8413373038429307,0.1586626961570693,0.0,0.0
0.5,0.5,0.0,0.0
0.2559126794943891,0.7440873205056109,0.0,0.0
