---flow_allocation with alpha---
0.25305077
0.13017471
0.094644226
0.07954578999999999
0.2299996
0.06618581
0.28869824
0.21738795
0.2931336
0.17709053
0.09290479
0.2532085
0.17294716
0.13593646
0.06111029
0.25528596
0.27970501999999997
0.005709392000000001
0.050237907
0.01381535
0.12886337
0.0077776513
0.24482336000000002
0.19904353
0.27610037
0.060391167
0.1353446
0.09415472
0.047072166000000006
0.14471683999999999
0.24220455999999999
0.10052111999999999
0.12468815999999999
0.06816526
0.18856088
0.06497343
0.013795351
0.09581552
0.040216938
0.082720924
0.012800673
0.031423570000000005
0.01870323
0.06626502000000001
0.025037695
0.19697235000000002
0.16485417000000002
0.2588992
0.24546832000000002
0.29101422000000005
0.24894259999999999
0.2979039
0.26930984
0.11589374
0.17699377000000002
0.008531338999999999
0.2352319
0.059533813000000005
0.29518167
0.036632706
0.06981437
0.008523
0.25538722
0.115269554
0.26466855
0.14983359999999998
0.029055483
0.19795385999999998
0.023736925
0.12619446
0.08012434
0.14489877
0.2575117
0.26268298
0.28838998
0.1602173
0.12737479999999998
0.28084158000000004
0.26050567999999996
0.1784239
0.039329680000000006
0.25401704
0.161528
0.22592914
0.20410677000000002
0.20582887
0.15411906
0.2860744
0.022101961
0.08087557
0.11570323
0.083591
0.022481163
0.28633022999999996
0.2977235
0.10024464999999999
0.01175446
0.10254738999999999
0.30019349999999995
0.005066165
0.26722955000000004
0.16194684
0.23206673
0.28630597
0.22277762999999998
0.003688574
0.07128381
0.29061273
0.0864124
0.12948854
0.19017764
0.105346146
0.0500331
0.22059195
0.1775435
0.12204856
0.00024373074999999998
0.2523862
0.016698929
0.101010025
0.108974236
0.20902472
0.20342375000000001
0.15446709
0.09410110000000001
0.19592888
0.034606045
0.048378383999999997
0.055289715
0.1028985
0.23799875
0.0414627
---flow_allocation with ell_k_beta---
0.25305077
0.13017471
0.094644226
0.07954578999999999
0.2299996
0.06618581
0.28869824
0.21738795
0.2931336
0.17709053
0.09290479
0.2532085
0.17294716
0.13593646
0.06111029
0.25528596
0.27970501999999997
0.005709392000000001
0.050237907
0.01381535
0.12886337
0.0077776513
0.24482336000000002
0.19904353
0.27610037
0.060391167
0.1353446
0.09415472
0.047072166000000006
0.14471683999999999
0.24220455999999999
0.10052111999999999
0.12468815999999999
0.06816526
0.18856088
0.06497343
0.013795351
0.09581552
0.040216938
0.082720924
0.012800673
0.031423570000000005
0.01870323
0.06626502000000001
0.025037695
0.19697235000000002
0.16485417000000002
0.2588992
0.24546832000000002
0.29101422000000005
0.24894259999999999
0.2979039
0.26930984
0.11589374
0.17699377000000002
0.008531338999999999
0.2352319
0.059533813000000005
0.29518167
0.036632706
0.06981437
0.008523
0.25538722
0.115269554
0.26466855
0.14983359999999998
0.029055483
0.19795385999999998
0.023736925
0.12619446
0.08012434
0.14489877
0.2575117
0.26268298
0.28838998
0.1602173
0.12737479999999998
0.28084158000000004
0.26050567999999996
0.1784239
0.039329680000000006
0.25401704
0.161528
0.22592914
0.20410677000000002
0.20582887
0.15411906
0.2860744
0.022101961
0.08087557
0.11570323
0.083591
0.022481163
0.28633022999999996
0.2977235
0.10024464999999999
0.01175446
0.10254738999999999
0.30019349999999995
0.005066165
0.26722955000000004
0.16194684
0.23206673
0.28630597
0.22277762999999998
0.003688574
0.07128381
0.29061273
0.0864124
0.12948854
0.19017764
0.105346146
0.0500331
0.22059195
0.1775435
0.12204856
0.00024373074999999998
0.2523862
0.016698929
0.101010025
0.108974236
0.20902472
0.20342375000000001
0.15446709
0.09410110000000001
0.19592888
0.034606045
0.048378383999999997
0.055289715
0.1028985
0.23799875
0.0414627
---flow_allocation with per_flow_loss---
0.25305077
0.13017471
0.094644226
0.07954578999999999
0.2299996
0.06618581
0.28869824
0.21738795
0.2931336
0.17709053
0.09290479
0.2532085
0.17294716
0.13593646
0.06111029
0.25528596
0.27970501999999997
0.005709392000000001
0.050237907
0.01381535
0.12886337
0.0077776513
0.24482336000000002
0.19904353
0.27610037
0.060391167
0.1353446
0.09415472
0.047072166000000006
0.14471683999999999
0.24220455999999999
0.10052111999999999
0.12468815999999999
0.06816526
0.18856088
0.06497343
0.013795351
0.09581552
0.040216938
0.082720924
0.012800673
0.031423570000000005
0.01870323
0.06626502000000001
0.025037695
0.19697235000000002
0.16485417000000002
0.2588992
0.24546832000000002
0.29101422000000005
0.24894259999999999
0.2979039
0.26930984
0.11589374
0.17699377000000002
0.008531338999999999
0.2352319
0.059533813000000005
0.29518167
0.036632706
0.06981437
0.008523
0.25538722
0.115269554
0.26466855
0.14983359999999998
0.029055483
0.19795385999999998
0.023736925
0.12619446
0.08012434
0.14489877
0.2575117
0.26268298
0.28838998
0.1602173
0.12737479999999998
0.28084158000000004
0.26050567999999996
0.1784239
0.039329680000000006
0.25401704
0.161528
0.22592914
0.20410677000000002
0.20582887
0.15411906
0.2860744
0.022101961
0.08087557
0.11570323
0.083591
0.022481163
0.28633022999999996
0.2977235
0.10024464999999999
0.01175446
0.10254738999999999
0.30019349999999995
0.005066165
0.26722955000000004
0.16194684
0.23206673
0.28630597
0.22277762999999998
0.003688574
0.07128381
0.29061273
0.0864124
0.12948854
0.19017764
0.105346146
0.0500331
0.22059195
0.1775435
0.12204856
0.00024373074999999998
0.2523862
0.016698929
0.101010025
0.108974236
0.20902472
0.20342375000000001
0.15446709
0.09410110000000001
0.19592888
0.034606045
0.048378383999999997
0.055289715
0.1028985
0.23799875
0.0414627
---weights per flow per tunnel---
1.0,0.0,0.0,0.0
1.0,0.0,0.0,0.0
1.0,0.0,0.0,0.0
1.0,0.0,0.0,0.0
0.0,1.0,0.0,0.0
0.0,1.0,0.0,0.0
1.0,0.0,0.0,0.0
0.5,0.5,0.0,0.0
0.5,0.5,0.0,0.0
0.5,0.5,0.0,0.0
0.5,0.5,0.0,0.0
1.0,0.0,0.0,0.0
1.0,0.0,0.0,0.0
0.8752213991706497,0.12477860082935043,0.0,0.0
1.0,0.0,0.0,0.0
1.0,0.0,0.0,0.0
0.5,0.5,0.0,0.0
0.5,0.5,0.0,0.0
0.5,0.5,0.0,0.0
0.5,0.5,0.0,0.0
0.5,0.5,0.0,0.0
0.5,0.5,0.0,0.0
1.0,0.0,0.0,0.0
1.0,0.0,0.0,0.0
1.0,0.0,0.0,0.0
0.01050451521592558,0.9834281188975164,0.006067365886558054,0.0
0.7930496875032635,0.0,0.2069503124967364,0.0
0.0484250955580837,0.0,0.9515749044419164,0.0
0.0,1.0,0.0,0.0
0.5,0.5,0.0,0.0
0.5,0.5,0.0,0.0
0.5,0.5,0.0,0.0
0.5,0.5,0.0,0.0
1.0,0.0,0.0,0.0
0.0,1.0,0.0,0.0
0.5893305821458854,0.4106694178541146,0.0,0.0
0.0,1.0,0.0,0.0
0.0,0.9122079832970537,0.0,0.08779201670294635
1.0,0.0,0.0,0.0
0.48083017633511205,0.519169823664888,0.0,0.0
0.5,0.5,0.0,0.0
0.5,0.5,0.0,0.0
0.5,0.5,0.0,0.0
0.5,0.5,0.0,0.0
1.0,0.0,0.0,0.0
1.0,0.0,0.0,0.0
0.0,0.0,1.0,0.0
0.0,1.0,0.0,0.0
1.0,0.0,0.0,0.0
0.0,1.0,0.0,0.0
0.0,0.0,1.0,0.0
0.4475272198175697,0.5524727801824302,0.0,0.0
0.5,0.5,0.0,0.0
0.5,0.5,0.0,0.0
0.5,0.5,0.0,0.0
0.0,1.0,0.0,0.0
1.0,0.0,0.0,0.0
0.9225114030588418,0.0,0.0774885969411581,0.0
0.0,0.0,0.825897916865901,0.174102083134099
1.0,0.0,0.0,0.0
0.0,1.0,0.0,0.0
1.0,0.0,0.0,0.0
0.5,0.5,0.0,0.0
0.5,0.5,0.0,0.0
0.5,0.5,0.0,0.0
0.6163999384845801,0.38360006151541987,0.0,0.0
1.0,0.0,0.0,0.0
0.5,0.5,0.0,0.0
0.0,1.0,0.0,0.0
0.0,0.06552486368895591,0.9344751363110441,0.0
0.0,0.0,1.0,0.0
0.0,1.0,0.0,0.0
0.0,0.0,1.0,0.0
0.5,0.5,0.0,0.0
0.5,0.5,0.0,0.0
0.5,0.5,0.0,0.0
0.5,0.5,0.0,0.0
1.0,0.0,0.0,0.0
0.8848944540772691,0.11510554592273092,0.0,0.0
0.0,1.0,0.0,0.0
1.0,0.0,0.0,0.0
0.0,1.0,0.0,0.0
1.0,0.0,0.0,0.0
0.0,0.0,1.0,0.0
0.5,0.5,0.0,0.0
0.5,0.5,0.0,0.0
0.5,0.5,0.0,0.0
0.5,0.5,0.0,0.0
0.8506007653813004,0.14939923461869967,0.0,0.0
0.5,0.5,0.0,0.0
0.5,0.5,0.0,0.0
0.5,0.5,0.0,0.0
0.5,0.5,0.0,0.0
0.5,0.5,0.0,0.0
0.5,0.5,0.0,0.0
0.12114417449874718,0.8788558255012527,0.0,0.0
0.01079587564846084,0.9892041243515393,0.0,0.0
0.22714067379189865,0.7728593262081014,0.0,0.0
1.0,0.0,0.0,0.0
0.5,0.5,0.0,0.0
0.5,0.5,0.0,0.0
0.5,0.5,0.0,0.0
0.5,0.5,0.0,0.0
0.5,0.5,0.0,0.0
0.5,0.5,0.0,0.0
0.5,0.5,0.0,0.0
0.5,0.5,0.0,0.0
1.0,0.0,0.0,0.0
0.0,0.3260180746896004,0.6739819253103996,0.0
0.08961837085114391,0.910381629148856,0.0,0.0
0.5,0.5,0.0,0.0
0.5,0.5,0.0,0.0
0.5,0.5,0.0,0.0
0.5,0.5,0.0,0.0
0.5,0.5,0.0,0.0
0.5,0.5,0.0,0.0
0.5,0.5,0.0,0.0
0.5,0.5,0.0,0.0
0.012261354509760906,0.9877386454902392,0.0,0.0
0.0,0.6111787753081097,0.3888212246918902,0.0
1.0,0.0,0.0,0.0
0.5,0.5,0.0,0.0
0.5,0.5,0.0,0.0
0.5,0.5,0.0,0.0
0.5,0.5,0.0,0.0
0.5,0.5,0.0,0.0
0.5,0.5,0.0,0.0
0.07802780297693716,0.9219721970230628,0.0,0.0
0.5,0.5,0.0,0.0
0.6621057838549392,0.33789421614506077,0.0,0.0
1.0,0.0,0.0,0.0
0.04118686029595296,0.9588131397040469,0.0,0.0
