---flow_allocation with alpha---
0.015521963298288548
0.005871037822165461
0.0013840355753654346
0.00015080207089225586
0.012102612327718998
0.018895421878832672
0.008187831706559562
0.01062742049149803
0.024286499690895472
0.011305742773300183
0.0235428267425165
0.013189484188902739
0.020612759005040115
0.01768925562208635
0.013530508699613301
0.001133269406367306
0.027293929346887996
0.008382905023640565
0.005536058714056558
0.028665270286798786
0.019243632001807058
0.019727829796532956
0.013163634219071083
0.006089330768348129
0.012819605886840392
0.02757325570244307
0.003472597115863044
0.025053567430786
0.015287489331163565
0.017129336997474976
0.008703074638124385
0.014954101449700373
0.021627495581016166
0.00924466373888559
0.026593123182651973
0.0058923034746468095
0.016370956377194223
0.0026357327630877527
0.027476104707799053
0.008846037339970293
0.017345069958349776
0.020636505573662273
0.019825103429068743
0.0069609977377370945
0.014523437515216692
0.02758967869117316
0.00943583362096408
0.016178108292386254
0.025587666745038658
0.008608039147113397
0.002214691465552705
0.01421567127119456
0.02951194050721496
0.01236770542637466
0.005986868020016836
0.007849832801731474
0.007159476676799415
0.02697738965263492
0.002205673707732097
0.017882653963750814
0.028300116770882525
0.02751349393505237
0.002715685084336233
0.01917888484275027
0.0054517238631994255
0.020621868902645196
0.013287886574139747
0.02704246680443996
0.03015650106150983
0.021005234145489278
0.009313780679664919
0.016636117249421652
0.004062962936908148
0.004988593644623109
0.020921350634346983
0.02031563240495725
0.00590682743175941
0.00795597670388645
0.0016016704724393699
0.023239803034861624
0.006207380631357714
0.006429276711073707
0.01867070085141632
0.012461481861924419
0.0009674215057232755
0.0033973878150787597
0.023851628953992794
0.014607684905893113
0.029188439498947467
0.027580233153022188
0.02278553372669697
0.009385314071009052
0.024295497439375844
0.017283807490441363
0.02992381502575433
0.015958705876697187
0.004525369672605847
0.010431724303019354
0.007282906067068045
0.02949908773342619
0.021215625096617972
0.008257843419851866
0.005430302573551482
0.007087954581050575
0.011482785092978088
0.003978160529088643
0.025835874542385385
0.01959154601881909
0.02517990785732769
0.018602384284246442
0.02022629634860061
0.0244787781549693
0.02895571796274962
0.011551411482190336
0.005131386105711363
0.023771239815937706
0.0020551875746402304
0.029735402075755955
0.026763325212550773
0.008937301715809358
0.005809580424555391
0.012516900876338473
0.02117373618829624
0.0021809268334637803
0.011118487621819502
0.011818181169919006
0.028300005428586045
0.008198339837496467
0.018729537186821108
0.0011574576327654821
0.026580506809536157
0.022768996975185696
---flow_allocation with ell_k_beta---
0.015521963298288548
0.005871037822165461
0.0013840355753654346
0.00015080207089225586
0.012102612327718998
0.018895421878832672
0.008187831706559562
0.01062742049149803
0.024286499690895472
0.011305742773300183
0.0235428267425165
0.013189484188902739
0.020612759005040115
0.01768925562208635
0.013530508699613301
0.001133269406367306
0.027293929346887996
0.008382905023640565
0.005536058714056558
0.028665270286798786
0.019243632001807058
0.019727829796532956
0.013163634219071083
0.006089330768348129
0.012819605886840392
0.02757325570244307
0.003472597115863044
0.025053567430786
0.015287489331163565
0.017129336997474976
0.008703074638124385
0.014954101449700373
0.021627495581016166
0.00924466373888559
0.026593123182651973
0.0058923034746468095
0.016370956377194223
0.0026357327630877527
0.027476104707799053
0.008846037339970293
0.017345069958349776
0.020636505573662273
0.019825103429068743
0.0069609977377370945
0.014523437515216692
0.02758967869117316
0.00943583362096408
0.016178108292386254
0.025587666745038658
0.008608039147113397
0.002214691465552705
0.01421567127119456
0.02951194050721496
0.01236770542637466
0.005986868020016836
0.007849832801731474
0.007159476676799415
0.02697738965263492
0.002205673707732097
0.017882653963750814
0.028300116770882525
0.02751349393505237
0.002715685084336233
0.01917888484275027
0.0054517238631994255
0.020621868902645196
0.013287886574139747
0.02704246680443996
0.03015650106150983
0.021005234145489278
0.009313780679664919
0.016636117249421652
0.004062962936908148
0.004988593644623109
0.020921350634346983
0.02031563240495725
0.00590682743175941
0.00795597670388645
0.0016016704724393699
0.023239803034861624
0.006207380631357714
0.006429276711073707
0.01867070085141632
0.012461481861924419
0.0009674215057232755
0.0033973878150787597
0.023851628953992794
0.014607684905893113
0.029188439498947467
0.027580233153022188
0.02278553372669697
0.009385314071009052
0.024295497439375844
0.017283807490441363
0.02992381502575433
0.015958705876697187
0.004525369672605847
0.010431724303019354
0.007282906067068045
0.02949908773342619
0.021215625096617972
0.008257843419851866
0.005430302573551482
0.007087954581050575
0.011482785092978088
0.003978160529088643
0.025835874542385385
0.01959154601881909
0.02517990785732769
0.018602384284246442
0.02022629634860061
0.0244787781549693
0.02895571796274962
0.011551411482190336
0.005131386105711363
0.023771239815937706
0.0020551875746402304
0.029735402075755955
0.026763325212550773
0.008937301715809358
0.005809580424555391
0.012516900876338473
0.02117373618829624
0.0021809268334637803
0.011118487621819502
0.011818181169919006
0.028300005428586045
0.008198339837496467
0.018729537186821108
0.0011574576327654821
0.026580506809536157
0.022768996975185696
---flow_allocation with per_flow_loss---
0.019238250000000002
0.0072766886
0.0017154030000000001
0.00018690728
0.015000234000000001
0.023419386
0.010148172
0.0
0.0
0.0
0.0
0.016347326
0.02554789
0.021924437999999997
0.016769998999999997
0.0014045981
0.033828673999999996
0.0
0.0
0.0
0.0
0.0
0.016315287
0.0075472455
0.015888891
0.034174877
0.0043040104
0.031051922000000003
0.018947638000000003
0.021230463
0.010786775
0.01853443
0.0
0.011458032
0.032960079999999996
0.0073030457
0.02029051
0.003266783
0.034054466
0.010963965999999999
0.021497847
0.025577322
0.024571653000000002
0.0
0.018000656
0.034195232
0.011694972
0.02005149
0.031713896
0.010668986
0.0027449355
0.017619204
0.036577724000000006
0.015328796
0.0
0.009729248999999999
0.008873607
0.033436348000000005
0.0027337587
0.02216414
0.035075764
0.034100807000000004
0.0033658776
0.023770716
0.006756982
0.0
0.016469288
0.033517006
0.037376606
0.026034332
0.011543697
0.020619156
0.0050357223
0.0061829686
0.025930364999999997
0.025179625
0.0
0.009860806
0.0
0.028803903999999998
0.007693559
0.0079685817
0.023140861999999998
0.015445024500000001
0.0011990427
0.0042107944000000005
0.029562214
0.0
0.0
0.0
0.028240873
0.011632357000000001
0.030112354
0.021421917000000002
0.037088209999999996
0.019779558000000003
0.005608839
0.0129293
0.0
0.0
0.0
0.010234946
0.006730432000000001
0.008784960999999999
0.014232007
0.0049306164
0.03202153
0.024282177000000002
0.031208511
0.023056189
0.0
0.0
0.03588833
0.014317064000000001
0.0063599486
0.029462578
0.002547243
0.036854687
0.033171031999999996
0.011077080999999999
0.007200517
0.0
0.0
0.0
0.0
0.0
0.0
0.0
0.0
0.0
0.032944443
0.028220376999999998
---weights per flow per tunnel---
0.5,0.5,0.0,0.0
0.5,0.5,0.0,0.0
0.5,0.5,0.0,0.0
0.5,0.5,0.0,0.0
0.5,0.5,0.0,0.0
0.5,0.5,0.0,0.0
0.14847793068613258,0.8515220693138674,0.0,0.0
0.5,0.5,0.0,0.0
0.5,0.5,0.0,0.0
0.5,0.5,0.0,0.0
0.7257841766792886,0.27421582332071137,0.0,0.0
0.5,0.5,0.0,0.0
0.5,0.5,0.0,0.0
0.49462104966208786,0.505378950337912,0.0,0.0
0.5,0.5,0.0,0.0
0.5,0.5,0.0,0.0
0.5,0.5,0.0,0.0
0.5,0.5,0.0,0.0
0.5,0.5,0.0,0.0
0.010756450031631544,0.9892435499683684,0.0,0.0
0.5,0.5,0.0,0.0
0.5,0.5,0.0,0.0
0.5,0.5,0.0,0.0
0.5,0.5,0.0,0.0
0.33333333333333337,0.33333333333333337,0.33333333333333337,0.0
0.008243135344711138,0.9835137293105778,0.008243135344711138,0.0
0.003750398006424652,0.29143808369364016,0.7048115182999353,0.0
0.33333333333333337,0.33333333333333337,0.33333333333333337,0.0
0.3333333333333333,0.3333333333333333,0.3333333333333333,0.0
0.5,0.5,0.0,0.0
0.5,0.5,0.0,0.0
0.5,0.5,0.0,0.0
0.5,0.5,0.0,0.0
0.5,0.5,0.0,0.0
0.5,0.5,0.0,0.0
0.3333333333333333,0.3333333333333333,0.3333333333333333,0.0
0.3333333333333333,0.3333333333333333,0.3333333333333333,0.0
0.0026625130211135693,0.0,0.0026625130211135693,0.9946749739577728
0.25,0.25,0.25,0.25
0.25,0.25,0.25,0.25
0.5,0.5,0.0,0.0
0.5,0.5,0.0,0.0
0.5,0.5,0.0,0.0
0.5,0.5,0.0,0.0
0.5,0.5,0.0,0.0
0.5,0.5,0.0,0.0
0.3333333333333333,0.3333333333333333,0.3333333333333333,0.0
0.33333333333333337,0.33333333333333337,0.33333333333333337,0.0
0.04474049352629044,0.04474049352629044,0.9105190129474191,0.0
0.3333333333333333,0.3333333333333333,0.3333333333333333,0.0
0.0008319489883854497,0.0008319489883854497,0.9983361020232291,0.0
0.5,0.5,0.0,0.0
0.5,0.5,0.0,0.0
0.5,0.5,0.0,0.0
0.9904290252112138,0.009570974788786255,0.0,0.0
0.5,0.5,0.0,0.0
0.5,0.5,0.0,0.0
0.3333333333333333,0.3333333333333333,0.3333333333333333,0.0
0.3333333333333333,0.3333333333333333,0.3333333333333333,0.0
0.3333333333333333,0.3333333333333333,0.3333333333333333,0.0
0.4950188029790832,0.5012236035530546,0.0,0.0037575934678623067
0.19999999999999998,0.39999999999999997,0.19999999999999998,0.19999999999999998
0.5,0.5,0.0,0.0
0.5,0.5,0.0,0.0
0.5,0.5,0.0,0.0
0.5,0.5,0.0,0.0
0.5,0.5,0.0,0.0
0.009186490144754957,0.9908135098552451,0.0,0.0
0.12820928356421046,0.39254788198783014,0.47924283444795945,0.0
0.06762316996503408,0.06762316996503408,0.7971304901048978,0.06762316996503408
0.016412016865076356,0.9671759662698473,0.016412016865076356,0.0
0.3333333333333333,0.0,0.3333333333333333,0.3333333333333333
0.4,0.2,0.2,0.2
0.9365823836897934,0.06341761631020651,0.0,0.0
0.5,0.5,0.0,0.0
0.5,0.5,0.0,0.0
0.04760856387606341,0.9523914361239366,0.0,0.0
0.5,0.5,0.0,0.0
0.9945228254431079,0.005477174556892047,0.0,0.0
0.3333333333333333,0.3333333333333333,0.3333333333333333,0.0
0.09008526266968599,0.09008526266968599,0.729744211990942,0.09008526266968599
0.3333333333333333,0.3333333333333333,0.3333333333333333,0.0
0.38850013103592285,0.0036313405920536204,0.6078685283720235,0.0
0.3333333333333333,0.3333333333333333,0.0,0.3333333333333333
0.5,0.5,0.0,0.0
0.5,0.5,0.0,0.0
0.5,0.5,0.0,0.0
0.5,0.5,0.0,0.0
0.5,0.5,0.0,0.0
0.5,0.5,0.0,0.0
0.03625350060386879,0.9637464993961312,0.0,0.0
0.04636741368539397,0.9536325863146061,0.0,0.0
0.5,0.5,0.0,0.0
0.5,0.5,0.0,0.0
0.5,0.5,0.0,0.0
0.5,0.5,0.0,0.0
0.5,0.5,0.0,0.0
0.0038534138528624373,0.9961465861471375,0.0,0.0
0.018334928471793577,0.9816650715282064,0.0,0.0
0.5,0.5,0.0,0.0
0.5,0.5,0.0,0.0
0.5,0.5,0.0,0.0
0.5,0.5,0.0,0.0
0.5,0.5,0.0,0.0
0.5,0.5,0.0,0.0
0.5,0.5,0.0,0.0
0.5,0.5,0.0,0.0
0.5,0.5,0.0,0.0
0.006479880940391176,0.9870402381192177,0.006479880940391176,0.0
0.01909996655177048,0.9809000334482295,0.0,0.0
0.5,0.5,0.0,0.0
0.5,0.5,0.0,0.0
0.9916301819403052,0.008369818059694932,0.0,0.0
0.5,0.5,0.0,0.0
0.5,0.5,0.0,0.0
0.5,0.5,0.0,0.0
0.5,0.5,0.0,0.0
0.030582446333218404,0.9694175536667816,0.0,0.0
0.20409701432327532,0.7959029856767247,0.0,0.0
0.004168234347264778,0.0,0.9916635313054706,0.004168234347264778
0.5,0.5,0.0,0.0
0.5,0.5,0.0,0.0
0.5,0.5,0.0,0.0
0.5,0.5,0.0,0.0
0.5,0.5,0.0,0.0
0.5,0.5,0.0,0.0
0.5,0.5,0.0,0.0
0.5,0.5,0.0,0.0
0.9894824328831971,0.010517567116802908,0.0,0.0
0.9996991063324582,0.0003008936675417401,0.0,0.0
0.5,0.5,0.0,0.0
0.5,0.5,0.0,0.0
