---flow allocation with alpha---
0.019238250000000002
0.0072766886
0.0017154030000000001
0.00018690728
0.015000234000000001
0.023419386
0.010148172
0.013171849999999999
0.030101202
0.014012577
0.029179478
0.016347326
0.02554789
0.021924437999999997
0.016769998999999997
0.0014045981
0.033828673999999996
0.01038995
0.0068615084
0.035528343
0.023850965
0.02445109
0.016315287
0.0075472455
0.015888891
0.034174877
0.0043040104
0.031051922000000003
0.018947638000000003
0.021230463
0.010786775
0.01853443
0.026805575999999998
0.011458032
0.032960079999999996
0.0073030457
0.02029051
0.003266783
0.034054466
0.010963965999999999
0.021497847
0.025577322
0.024571653000000002
0.008627608
0.018000656
0.034195232
0.011694972
0.02005149
0.031713896
0.010668986
0.0027449355
0.017619204
0.036577724000000006
0.015328796
0.007420251
0.009729248999999999
0.008873607
0.033436348000000005
0.0027337587
0.02216414
0.035075764
0.034100807000000004
0.0033658776
0.023770716
0.006756982
0.025559181
0.016469288
0.033517006
0.037376606
0.026034332
0.011543697
0.020619156
0.0050357223
0.0061829686
0.025930364999999997
0.025179625
0.007321047
0.009860806
0.0019851443
0.028803903999999998
0.007693559
0.0079685817
0.023140861999999998
0.015445024500000001
0.0011990427
0.0042107944000000005
0.029562214
0.018105074
0.03617677
0.034183525000000006
0.028240873
0.011632357000000001
0.030112354
0.021421917000000002
0.037088209999999996
0.019779558000000003
0.005608839
0.0129293
0.009026588
0.036561794
0.026295095
0.010234946
0.006730432000000001
0.008784960999999999
0.014232007
0.0049306164
0.03202153
0.024282177000000002
0.031208511
0.023056189
0.025068899999999998
0.030339516
0.03588833
0.014317064000000001
0.0063599486
0.029462578
0.002547243
0.036854687
0.033171031999999996
0.011077080999999999
0.007200517
0.015513712
0.026243177
0.0027030869000000003
0.013780489
0.014647704
0.035075626
0.010161196
0.023213785
0.0014345775
0.032944443
0.028220376999999998
---weights per flow tunnel---
0.5,0.5,0.0,0.0
0.5,0.5,0.0,0.0
0.5,0.5,0.0,0.0
0.5,0.5,0.0,0.0
0.07646471410188788,0.9235352858981122,0.0,0.0
0.5,0.5,0.0,0.0
0.5,0.5,0.0,0.0
0.9816730273329118,0.01832697266708823,0.0,0.0
0.5,0.5,0.0,0.0
0.5,0.5,0.0,0.0
0.8852507315220088,0.11474926847799112,0.0,0.0
0.5,0.5,0.0,0.0
0.5,0.5,0.0,0.0
0.5,0.5,0.0,0.0
0.5,0.5,0.0,0.0
0.5,0.5,0.0,0.0
0.01375284935190984,0.9862471506480902,0.0,0.0
0.5,0.5,0.0,0.0
0.5,0.5,0.0,0.0
0.5,0.5,0.0,0.0
0.5,0.5,0.0,0.0
0.9883813770919164,0.011618622908083642,0.0,0.0
0.018691346758869198,0.9813086532411308,0.0,0.0
0.5,0.5,0.0,0.0
0.5,0.5,0.0,0.0
0.5,0.0,0.5,0.0
0.0,0.5,0.5,0.0
0.5,0.5,0.0,0.0
0.007907151848176927,0.007907151848176927,0.9841856963036462,0.0
0.5,0.5,0.0,0.0
0.5,0.5,0.0,0.0
0.5,0.5,0.0,0.0
0.5,0.5,0.0,0.0
0.5,0.5,0.0,0.0
0.5,0.5,0.0,0.0
0.5,0.5,0.0,0.0
0.5,0.0,0.5,0.0
0.0,0.0,0.5,0.5
0.25,0.25,0.25,0.25
0.005388039112286585,0.0,0.9946119608877135,0.0
0.5,0.5,0.0,0.0
0.5,0.5,0.0,0.0
0.5,0.5,0.0,0.0
0.0065388276407995416,0.9934611723592004,0.0,0.0
0.5,0.5,0.0,0.0
0.5,0.5,0.0,0.0
0.009607641721551362,0.9903923582784487,0.0,0.0
0.012087093582032686,0.9879129064179674,0.0,0.0
0.5,0.5,0.0,0.0
0.5,0.5,0.0,0.0
0.3333333333333333,0.3333333333333333,0.3333333333333333,0.0
0.5,0.5,0.0,0.0
0.5,0.5,0.0,0.0
0.5,0.5,0.0,0.0
0.5,0.5,0.0,0.0
0.5,0.5,0.0,0.0
0.9952560007863699,0.004743999213630177,0.0,0.0
0.0,0.9526648511563374,0.047335148843662724,0.0
0.0,0.0,0.5,0.5
0.5,0.5,0.0,0.0
0.0,0.33333333333333337,0.33333333333333337,0.33333333333333337
0.017115777892575137,0.017115777892575137,0.9486526663222746,0.017115777892575137
0.5,0.5,0.0,0.0
0.5,0.5,0.0,0.0
0.5,0.5,0.0,0.0
0.009305408289038013,0.9906945917109619,0.0,0.0
0.5,0.5,0.0,0.0
0.03878132475659601,0.9612186752434041,0.0,0.0
0.027374908403263856,0.027374908403263856,0.9452501831934722,0.0
0.0,0.014020851197467222,0.9719582976050655,0.014020851197467222
0.5,0.5,0.0,0.0
0.0,0.3333333333333333,0.3333333333333333,0.3333333333333333
0.5,0.0,0.0,0.5
0.5,0.5,0.0,0.0
0.5,0.5,0.0,0.0
0.5,0.5,0.0,0.0
0.5,0.5,0.0,0.0
0.5,0.5,0.0,0.0
0.5,0.5,0.0,0.0
0.3333333333333333,0.3333333333333333,0.3333333333333333,0.0
0.0,0.3333333333333333,0.3333333333333333,0.3333333333333333
0.5,0.5,0.0,0.0
0.0,0.616532012959489,0.32145836735602556,0.06200961968448537
0.0,0.989498896170208,0.010501103829792,0.0
0.5,0.5,0.0,0.0
0.5,0.5,0.0,0.0
0.9792753209954255,0.020724679004574472,0.0,0.0
0.5,0.5,0.0,0.0
0.5,0.5,0.0,0.0
0.5,0.5,0.0,0.0
0.5,0.5,0.0,0.0
0.5,0.5,0.0,0.0
0.5,0.5,0.0,0.0
0.5,0.5,0.0,0.0
0.5,0.5,0.0,0.0
0.015197514035623562,0.9848024859643765,0.0,0.0
0.5,0.5,0.0,0.0
0.020785150303050854,0.979214849696949,0.0,0.0
0.5,0.5,0.0,0.0
0.5,0.5,0.0,0.0
0.5,0.5,0.0,0.0
0.5,0.5,0.0,0.0
0.5,0.5,0.0,0.0
0.5,0.5,0.0,0.0
0.02696875717005307,0.9730312428299468,0.0,0.0
0.5,0.5,0.0,0.0
0.5,0.5,0.0,0.0
0.5,0.5,0.0,0.0
0.0,0.982438894121933,0.008780552939033539,0.008780552939033539
0.2387792409319756,0.7612207590680244,0.0,0.0
0.5,0.5,0.0,0.0
0.9459730331701688,0.054026966829831324,0.0,0.0
0.5,0.5,0.0,0.0
0.5,0.5,0.0,0.0
0.5,0.5,0.0,0.0
0.5,0.5,0.0,0.0
0.5,0.5,0.0,0.0
0.5,0.5,0.0,0.0
0.02328663926735532,0.9767133607326447,0.0,0.0
0.0,0.9946996663200646,0.0026501668399677588,0.0026501668399677588
0.5,0.5,0.0,0.0
0.8959839282758905,0.10401607172410951,0.0,0.0
0.0206255462967331,0.9793744537032669,0.0,0.0
0.5,0.5,0.0,0.0
0.5,0.5,0.0,0.0
0.005032283370616341,0.9949677166293837,0.0,0.0
0.5,0.5,0.0,0.0
0.5,0.5,0.0,0.0
0.013732789925667396,0.9862672100743326,0.0,0.0
0.5,0.5,0.0,0.0
0.010337850770681688,0.9896621492293184,0.0,0.0
0.04537201410778173,0.9546279858922182,0.0,0.0
