---flow_allocation with alpha---
0.25305077
0.13017471
0.094644226
0.07954578999999999
0.2299996
0.06618581
0.28869824
0.21738795
0.2931336
0.17709053
0.09290479
0.2532085
0.17294716
0.13593646
0.06111029
0.25528596
0.27970501999999997
0.005709392000000001
0.050237907
0.01381535
0.12886337
0.0077776513
0.24482336000000002
0.19904353
0.27610037
0.060391167
0.1353446
0.09415472
0.047072166000000006
0.14471683999999999
0.24220455999999999
0.10052111999999999
0.12468815999999999
0.06816526
0.18856088
0.06497343
0.013795351
0.09581552
0.040216938
0.082720924
0.012800673
0.031423570000000005
0.01870323
0.06626502000000001
0.025037695
0.19697235000000002
0.16485417000000002
0.2588992
0.24546832000000002
0.29101422000000005
0.24894259999999999
0.2979039
0.26930984
0.11589374
0.17699377000000002
0.008531338999999999
0.2352319
0.059533813000000005
0.29518167
0.036632706
0.06981437
0.008523
0.25538722
0.115269554
0.26466855
0.14983359999999998
0.029055483
0.19795385999999998
0.023736925
0.12619446
0.08012434
0.14489877
0.2575117
0.26268298
0.28838998
0.1602173
0.12737479999999998
0.28084158000000004
0.26050567999999996
0.1784239
0.039329680000000006
0.25401704
0.161528
0.22592914
0.20410677000000002
0.20582887
0.15411906
0.2860744
0.022101961
0.08087557
0.11570323
0.083591
0.022481163
0.28633022999999996
0.2977235
0.10024464999999999
0.01175446
0.10254738999999999
0.30019349999999995
0.005066165
0.26722955000000004
0.16194684
0.23206673
0.28630597
0.22277762999999998
0.003688574
0.07128381
0.29061273
0.0864124
0.12948854
0.19017764
0.105346146
0.0500331
0.22059195
0.1775435
0.12204856
0.00024373074999999998
0.2523862
0.016698929
0.101010025
0.108974236
0.20902472
0.20342375000000001
0.15446709
0.09410110000000001
0.19592888
0.034606045
0.048378383999999997
0.055289715
0.1028985
0.23799875
0.0414627
---flow_allocation with ell_k_beta---
0.25305077
0.13017471
0.094644226
0.07954578999999999
0.2299996
0.06618581
0.28869824
0.21738795
0.2931336
0.17709053
0.09290479
0.2532085
0.17294716
0.13593646
0.06111029
0.25528596
0.27970501999999997
0.005709392000000001
0.050237907
0.01381535
0.12886337
0.0077776513
0.24482336000000002
0.19904353
0.27610037
0.060391167
0.1353446
0.09415472
0.047072166000000006
0.14471683999999999
0.24220455999999999
0.10052111999999999
0.12468815999999999
0.06816526
0.18856088
0.06497343
0.013795351
0.09581552
0.040216938
0.082720924
0.012800673
0.031423570000000005
0.01870323
0.06626502000000001
0.025037695
0.19697235000000002
0.16485417000000002
0.2588992
0.24546832000000002
0.29101422000000005
0.24894259999999999
0.2979039
0.26930984
0.11589374
0.17699377000000002
0.008531338999999999
0.2352319
0.059533813000000005
0.29518167
0.036632706
0.06981437
0.008523
0.25538722
0.115269554
0.26466855
0.14983359999999998
0.029055483
0.19795385999999998
0.023736925
0.12619446
0.08012434
0.14489877
0.2575117
0.26268298
0.28838998
0.1602173
0.12737479999999998
0.28084158000000004
0.26050567999999996
0.1784239
0.039329680000000006
0.25401704
0.161528
0.22592914
0.20410677000000002
0.20582887
0.15411906
0.2860744
0.022101961
0.08087557
0.11570323
0.083591
0.022481163
0.28633022999999996
0.2977235
0.10024464999999999
0.01175446
0.10254738999999999
0.30019349999999995
0.005066165
0.26722955000000004
0.16194684
0.23206673
0.28630597
0.22277762999999998
0.003688574
0.07128381
0.29061273
0.0864124
0.12948854
0.19017764
0.105346146
0.0500331
0.22059195
0.1775435
0.12204856
0.00024373074999999998
0.2523862
0.016698929
0.101010025
0.108974236
0.20902472
0.20342375000000001
0.15446709
0.09410110000000001
0.19592888
0.034606045
0.048378383999999997
0.055289715
0.1028985
0.23799875
0.0414627
---flow_allocation with per_flow_loss---
0.25305077
0.13017471
0.094644226
0.07954578999999999
0.2299996
0.06618581
0.28869824
0.21738795
0.2931336
0.17709053
0.09290479
0.2532085
0.17294716
0.13593646
0.06111029
0.25528596
0.27970501999999997
0.005709392000000001
0.050237907
0.01381535
0.12886337
0.0077776513
0.24482336000000002
0.19904353
0.27610037
0.060391167
0.1353446
0.09415472
0.047072166000000006
0.14471683999999999
0.24220455999999999
0.10052111999999999
0.12468815999999999
0.06816526
0.18856088
0.06497343
0.013795351
0.09581552
0.040216938
0.082720924
0.012800673
0.031423570000000005
0.01870323
0.06626502000000001
0.025037695
0.19697235000000002
0.16485417000000002
0.2588992
0.24546832000000002
0.29101422000000005
0.24894259999999999
0.2979039
0.26930984
0.11589374
0.17699377000000002
0.008531338999999999
0.2352319
0.059533813000000005
0.29518167
0.036632706
0.06981437
0.008523
0.25538722
0.115269554
0.26466855
0.14983359999999998
0.029055483
0.19795385999999998
0.023736925
0.12619446
0.08012434
0.14489877
0.2575117
0.26268298
0.28838998
0.1602173
0.12737479999999998
0.28084158000000004
0.26050567999999996
0.1784239
0.039329680000000006
0.25401704
0.161528
0.22592914
0.20410677000000002
0.20582887
0.15411906
0.2860744
0.022101961
0.08087557
0.11570323
0.083591
0.022481163
0.28633022999999996
0.2977235
0.10024464999999999
0.01175446
0.10254738999999999
0.30019349999999995
0.005066165
0.26722955000000004
0.16194684
0.23206673
0.28630597
0.22277762999999998
0.003688574
0.07128381
0.29061273
0.0864124
0.12948854
0.19017764
0.105346146
0.0500331
0.22059195
0.1775435
0.12204856
0.00024373074999999998
0.2523862
0.016698929
0.101010025
0.108974236
0.20902472
0.20342375000000001
0.15446709
0.09410110000000001
0.19592888
0.034606045
0.048378383999999997
0.055289715
0.1028985
0.23799875
0.0414627
---weights per flow per tunnel---
0.8360897423114602,0.16391025768853984,0.0,0.0
0.9196513661188448,0.08034863388115532,0.0,0.0
0.5,0.5,0.0,0.0
0.5,0.5,0.0,0.0
0.5,0.5,0.0,0.0
0.5,0.5,0.0,0.0
0.5,0.5,0.0,0.0
0.5,0.5,0.0,0.0
0.5,0.5,0.0,0.0
0.5,0.5,0.0,0.0
0.5,0.5,0.0,0.0
0.8967748689609442,0.10322513103905581,0.0,0.0
0.5,0.5,0.0,0.0
0.5,0.5,0.0,0.0
0.9691915054689408,0.03080849453105917,0.0,0.0
0.5,0.5,0.0,0.0
0.5,0.5,0.0,0.0
0.5,0.5,0.0,0.0
0.5,0.5,0.0,0.0
0.5,0.5,0.0,0.0
0.5,0.5,0.0,0.0
0.5,0.5,0.0,0.0
0.8841985447023775,0.11580145529762258,0.0,0.0
0.5,0.5,0.0,0.0
0.8053459210918513,0.19465407890814865,0.0,0.0
0.03356862378494752,0.9664313762150525,0.0,0.0
0.33333333333333337,0.33333333333333337,0.33333333333333337,0.0
0.06452930773842447,0.9354706922615755,0.0,0.0
0.5,0.5,0.0,0.0
0.5,0.5,0.0,0.0
0.5,0.5,0.0,0.0
0.5,0.5,0.0,0.0
0.5,0.5,0.0,0.0
0.5,0.5,0.0,0.0
0.5,0.5,0.0,0.0
0.9667221579661659,0.03327784203383411,0.0,0.0
0.9893963349004015,0.010603665099598598,0.0,0.0
0.0,0.0,0.5,0.5
0.297138622031792,0.702861377968208,0.0,0.0
0.5,0.5,0.0,0.0
0.5,0.5,0.0,0.0
0.5,0.5,0.0,0.0
0.5,0.5,0.0,0.0
0.5,0.5,0.0,0.0
0.5,0.5,0.0,0.0
0.8701484548890764,0.12985154511092356,0.0,0.0
0.0,0.5,0.5,0.0
0.822739808511955,0.0,0.17726019148804484,0.0
0.33333333333333337,0.33333333333333337,0.33333333333333337,0.0
0.16335566881174388,0.8366443311882561,0.0,0.0
0.8538167810263854,0.14618321897361475,0.0,0.0
0.5,0.5,0.0,0.0
0.5,0.5,0.0,0.0
0.5,0.5,0.0,0.0
0.5,0.5,0.0,0.0
0.5,0.5,0.0,0.0
0.5,0.5,0.0,0.0
0.5,0.0,0.5,0.0
0.33333333333333337,0.0,0.33333333333333337,0.33333333333333337
0.5,0.0,0.5,0.0
0.5,0.5,0.0,0.0
0.9914103720971147,0.0085896279028854,0.0,0.0
0.5,0.5,0.0,0.0
0.5,0.5,0.0,0.0
0.5,0.5,0.0,0.0
0.5,0.5,0.0,0.0
0.5,0.5,0.0,0.0
0.5,0.5,0.0,0.0
0.9774577485764628,0.022542251423537205,0.0,0.0
0.9293895508432568,0.0,0.07061044915674322,0.0
0.04600667782785834,0.9539933221721416,0.0,0.0
0.5,0.5,0.0,0.0
0.9222991368055065,0.0,0.07770086319449344,0.0
0.5,0.5,0.0,0.0
0.5,0.5,0.0,0.0
0.6072380615217425,0.3927619384782576,0.0,0.0
0.5,0.5,0.0,0.0
0.5,0.5,0.0,0.0
0.5,0.5,0.0,0.0
0.9232810289540301,0.07671897104596995,0.0,0.0
0.976656995663783,0.0,0.023343004336217055,0.0
0.5,0.5,0.0,0.0
0.5,0.5,0.0,0.0
0.6897092087697761,0.31029079123022385,0.0,0.0
0.5,0.5,0.0,0.0
0.579686823970907,0.4203131760290931,0.0,0.0
0.5,0.5,0.0,0.0
0.5,0.5,0.0,0.0
0.5,0.5,0.0,0.0
0.5,0.5,0.0,0.0
0.5,0.5,0.0,0.0
0.5,0.5,0.0,0.0
0.5,0.5,0.0,0.0
0.3978564439097176,0.6021435560902825,0.0,0.0
0.5,0.5,0.0,0.0
0.5,0.5,0.0,0.0
1.0,0.0,0.0,0.0
0.7181765653794584,0.28182343462054166,0.0,0.0
0.5000000000000001,0.49999999999999994,0.0,0.0
0.5,0.5,0.0,0.0
0.5,0.5,0.0,0.0
0.5,0.5,0.0,0.0
0.5,0.5,0.0,0.0
0.5,0.5,0.0,0.0
0.5,0.5,0.0,0.0
0.5,0.5,0.0,0.0
0.8854949782686444,0.11450502173135568,0.0,0.0
1.0,0.0,0.0,0.0
1.0,0.0,0.0,0.0
0.5,0.5,0.0,0.0
0.5,0.5,0.0,0.0
0.5,0.5,0.0,0.0
0.5,0.5,0.0,0.0
0.5,0.5,0.0,0.0
0.5,0.5,0.0,0.0
0.5,0.5,0.0,0.0
0.9996115723158167,0.00038842768418346726,0.0,0.0
0.5,0.5,0.0,0.0
0.0,1.0,0.0,0.0
1.0,0.0,0.0,0.0
0.5,0.5,0.0,0.0
0.5,0.5,0.0,0.0
0.5,0.5,0.0,0.0
0.5,0.5,0.0,0.0
0.5,0.5,0.0,0.0
0.5,0.5,0.0,0.0
0.5,0.5,0.0,0.0
0.5,0.5,0.0,0.0
0.5,0.5,0.0,0.0
0.5225890048924872,0.47741099510751284,0.0,0.0
0.7504867800465937,0.24951321995340628,0.0,0.0
0.8364187304595545,0.16358126954044544,0.0,0.0
