---flow_allocation with alpha---
0.0133827071693212
0.005061884147265881
0.0011932860850844072
0.00013001834345921926
0.010434615367473424
0.016291231526947645
0.007059374640619841
0.009162736289850867
0.02093930434476034
0.009747571358027125
0.02029812531948853
0.011371693208032479
0.017771883131991184
0.015251300591578656
0.011665717300004382
0.000977080818831491
0.02353224633573374
0.007227562712507052
0.00477307227305174
0.024714587375681395
0.016591450901237325
0.01700891595860943
0.011349405912930384
0.005250091690329274
0.011052791989825637
0.02377307558840176
0.0029939994977148648
0.02160065386251882
0.013180548693581944
0.014768550642501708
0.0075036061557758466
0.012893108741194335
0.018646767461332724
0.007970552778590137
0.022928026141535753
0.005080218941289897
0.01411469097481234
0.002272472822357367
0.02368931406368069
0.007626865561700978
0.014954551020590243
0.017792356919233133
0.01709278321911675
0.006001624442747803
0.012521799441408894
0.023787235140566406
0.008135375391701984
0.013948421450941346
0.022061142950440236
0.00742166857336751
0.0019094599558262457
0.012256449920784517
0.02544456846190543
0.010663173008265416
0.005161750484366447
0.006767959161795439
0.006172748769593845
0.02325933253261178
0.0019016850365123751
0.015418044535227412
0.0243997597677657
0.023721550261512278
0.002341406016065787
0.01653562727551093
0.004700360555371424
0.017779737492270773
0.011456533655151356
0.023315440671078796
0.02600029488550641
0.018110266864443923
0.008030143937331702
0.014343307048538834
0.0035030003730547547
0.004301059514815945
0.018037944282282194
0.017515706886453774
0.005092741188717137
0.006859474180421062
0.0013809262721789723
0.020036864713019093
0.005351871775597866
0.0055431858638863565
0.01609748182873559
0.010744025059789305
0.000834090280436747
0.0029291556355394884
0.020564368029254612
0.012594435752778492
0.025165652761653688
0.023779091398134992
0.01964520336127192
0.008091818508440407
0.02094706201244593
0.014901731821579597
0.025799677926229784
0.013759257346827519
0.0039016776420344027
0.008994011191470357
0.006279166969038697
0.025433487073254834
0.01829166147515923
0.007119737253222893
0.004681891574287101
0.006111083937307558
0.009900213486815562
0.003429885537689378
0.02227514244297864
0.01689141497925364
0.021709581895626655
0.016038580735125315
0.01743868323558516
0.02110508275372943
0.02496500519464947
0.009959381702412146
0.004424172142774646
0.02049505822137071
0.0017719390879161689
0.025637232281417944
0.023074770717720315
0.007705551768682267
0.005008896884005519
0.010791806157274405
0.018255545747854676
0.0018803488069823512
0.009586123942513063
0.010189384862702938
0.02439966377080187
0.007068434527988663
0.016148209267817026
0.0009979353940299603
0.02291714857252575
0.019630945725252924
---flow_allocation with ell_k_beta---
0.0133827071693212
0.005061884147265881
0.0011932860850844072
0.00013001834345921926
0.010434615367473424
0.016291231526947645
0.007059374640619841
0.009162736289850867
0.02093930434476034
0.009747571358027125
0.02029812531948853
0.011371693208032479
0.017771883131991184
0.015251300591578656
0.011665717300004382
0.000977080818831491
0.02353224633573374
0.007227562712507052
0.00477307227305174
0.024714587375681395
0.016591450901237325
0.01700891595860943
0.011349405912930384
0.005250091690329274
0.011052791989825637
0.02377307558840176
0.0029939994977148648
0.02160065386251882
0.013180548693581944
0.014768550642501708
0.0075036061557758466
0.012893108741194335
0.018646767461332724
0.007970552778590137
0.022928026141535753
0.005080218941289897
0.01411469097481234
0.002272472822357367
0.02368931406368069
0.007626865561700978
0.014954551020590243
0.017792356919233133
0.01709278321911675
0.006001624442747803
0.012521799441408894
0.023787235140566406
0.008135375391701984
0.013948421450941346
0.022061142950440236
0.00742166857336751
0.0019094599558262457
0.012256449920784517
0.02544456846190543
0.010663173008265416
0.005161750484366447
0.006767959161795439
0.006172748769593845
0.02325933253261178
0.0019016850365123751
0.015418044535227412
0.0243997597677657
0.023721550261512278
0.002341406016065787
0.01653562727551093
0.004700360555371424
0.017779737492270773
0.011456533655151356
0.023315440671078796
0.02600029488550641
0.018110266864443923
0.008030143937331702
0.014343307048538834
0.0035030003730547547
0.004301059514815945
0.018037944282282194
0.017515706886453774
0.005092741188717137
0.006859474180421062
0.0013809262721789723
0.020036864713019093
0.005351871775597866
0.0055431858638863565
0.01609748182873559
0.010744025059789305
0.000834090280436747
0.0029291556355394884
0.020564368029254612
0.012594435752778492
0.025165652761653688
0.023779091398134992
0.01964520336127192
0.008091818508440407
0.02094706201244593
0.014901731821579597
0.025799677926229784
0.013759257346827519
0.0039016776420344027
0.008994011191470357
0.006279166969038697
0.025433487073254834
0.01829166147515923
0.007119737253222893
0.004681891574287101
0.006111083937307558
0.009900213486815562
0.003429885537689378
0.02227514244297864
0.01689141497925364
0.021709581895626655
0.016038580735125315
0.01743868323558516
0.02110508275372943
0.02496500519464947
0.009959381702412146
0.004424172142774646
0.02049505822137071
0.0017719390879161689
0.025637232281417944
0.023074770717720315
0.007705551768682267
0.005008896884005519
0.010791806157274405
0.018255545747854676
0.0018803488069823512
0.009586123942513063
0.010189384862702938
0.02439966377080187
0.007068434527988663
0.016148209267817026
0.0009979353940299603
0.02291714857252575
0.019630945725252924
---flow_allocation with per_flow_loss---
0.0
0.0
0.0
0.0
0.0
0.0
0.0
0.0
0.0
0.0
0.0
0.0
0.0
0.0
0.0
0.0
0.0
0.0
0.0
0.0
0.0
0.0
0.0
0.0
0.015888891
0.034174877
0.0043040104
0.031051922000000003
0.018947638000000003
0.0
0.0
0.0
0.0
0.0
0.0
0.0073030457
0.02029051
0.003266783
0.034054466
0.010963965999999999
0.0
0.0
0.0
0.0
0.0
0.0
0.011694972
0.02005149
0.031713896
0.010668986
0.0027449355
0.0
0.0
0.0
0.0
0.0
0.0
0.033436348000000005
0.0027337587
0.02216414
0.035075764
0.034100807000000004
0.0
0.0
0.0
0.0
0.0
0.0
0.037376606
0.026034332
0.011543697
0.020619156
0.0050357223
0.0
0.025930364999999997
0.025179625
0.0
0.0
0.0
0.028803903999999998
0.007693559
0.0079685817
0.023140861999999998
0.015445024500000001
0.0
0.0042107944000000005
0.029562214
0.018105074
0.0
0.0
0.0
0.0
0.0
0.0
0.0
0.0
0.0
0.0
0.0
0.0
0.0
0.0
0.0
0.0
0.0
0.0049306164
0.03202153
0.0
0.031208511
0.023056189
0.0
0.0
0.0
0.0
0.0
0.0
0.002547243
0.036854687
0.0
0.011077080999999999
0.007200517
0.0
0.0
0.0
0.0
0.0
0.0
0.0
0.023213785
0.0
0.032944443
0.028220376999999998
---weights per flow per tunnel---
0.5,0.5,0.0,0.0
0.5,0.5,0.0,0.0
0.5,0.5,0.0,0.0
0.5,0.5,0.0,0.0
0.5,0.5,0.0,0.0
0.5,0.5,0.0,0.0
0.5,0.5,0.0,0.0
0.5,0.5,0.0,0.0
0.016386759965149593,0.9836132400348504,0.0,0.0
0.5,0.5,0.0,0.0
0.04994947042245882,0.9500505295775412,0.0,0.0
0.5,0.5,0.0,0.0
0.5,0.5,0.0,0.0
0.5,0.5,0.0,0.0
0.5,0.5,0.0,0.0
0.5,0.5,0.0,0.0
0.5,0.5,0.0,0.0
0.5,0.5,0.0,0.0
0.9218293982358686,0.07817060176413143,0.0,0.0
0.5,0.5,0.0,0.0
0.05946659268424379,0.9405334073157562,0.0,0.0
0.5,0.5,0.0,0.0
0.5,0.5,0.0,0.0
0.5,0.5,0.0,0.0
0.058139166339226174,0.8837216673215476,0.058139166339226174,0.0
0.10425963947337803,0.791480721053244,0.10425963947337803,0.0
0.3333333333333333,0.3333333333333333,0.3333333333333333,0.0
0.25051383813745026,0.006957992855765334,0.7425281690067845,0.0
0.9489239170550616,0.025538041472469186,0.025538041472469186,0.0
0.15312859212332575,0.8468714078766743,0.0,0.0
0.5,0.5,0.0,0.0
0.5,0.5,0.0,0.0
0.5,0.5,0.0,0.0
0.5,0.5,0.0,0.0
0.5,0.5,0.0,0.0
0.3333333333333333,0.3333333333333333,0.3333333333333333,0.0
0.3333333333333333,0.3333333333333333,0.3333333333333333,0.0
0.25,0.25,0.25,0.25
0.25,0.25,0.25,0.25
0.007790150961476372,0.9766295471155708,0.007790150961476372,0.007790150961476372
0.5,0.5,0.0,0.0
0.5,0.5,0.0,0.0
0.5,0.5,0.0,0.0
0.5,0.5,0.0,0.0
0.5,0.5,0.0,0.0
0.5,0.5,0.0,0.0
0.3333333333333333,0.3333333333333333,0.3333333333333333,0.0
0.33333333333333337,0.33333333333333337,0.33333333333333337,0.0
0.05259139902753769,0.05259139902753769,0.8948172019449245,0.0
0.3333333333333333,0.3333333333333333,0.3333333333333333,0.0
0.3333333333333333,0.3333333333333333,0.3333333333333333,0.0
0.5,0.5,0.0,0.0
0.5,0.5,0.0,0.0
0.5,0.5,0.0,0.0
0.002946213875125715,0.9970537861248743,0.0,0.0
0.5,0.5,0.0,0.0
0.5,0.5,0.0,0.0
0.08961987501153193,0.8207602499769362,0.08961987501153193,0.0
0.25,0.25,0.25,0.25
0.3333333333333333,0.3333333333333333,0.3333333333333333,0.0
0.7338328997005056,0.25363243130215574,0.0062673344986693465,0.0062673344986693465
0.25,0.25,0.25,0.25
0.5,0.5,0.0,0.0
0.5,0.5,0.0,0.0
0.5,0.5,0.0,0.0
0.5,0.5,0.0,0.0
0.5,0.5,0.0,0.0
0.9122455319472385,0.08775446805276145,0.0,0.0
0.9791425742643838,0.010428712867808118,0.010428712867808118,0.0
0.018954602470172912,0.10547864584938346,0.8566121492102706,0.018954602470172912
0.03876950774186019,0.03876950774186019,0.9224609845162797,0.0
0.004392845452352591,0.004392845452352591,0.4722706751762549,0.51894363391904
0.25,0.25,0.25,0.25
0.5,0.5,0.0,0.0
0.5,0.5,0.0,0.0
0.5,0.5,0.0,0.0
0.5,0.5,0.0,0.0
0.005585038678332122,0.9944149613216678,0.0,0.0
0.5,0.5,0.0,0.0
0.015293225009763508,0.015293225009763508,0.969413549980473,0.0
0.25,0.25,0.25,0.25
0.3333333333333333,0.3333333333333333,0.3333333333333333,0.0
0.04051209261261004,0.04051209261261004,0.04051209261261004,0.87846372216217
0.25,0.25,0.25,0.25
0.5,0.5,0.0,0.0
0.5,0.5,0.0,0.0
0.5,0.5,0.0,0.0
0.5,0.5,0.0,0.0
0.5,0.5,0.0,0.0
0.5,0.5,0.0,0.0
0.5,0.5,0.0,0.0
0.5,0.5,0.0,0.0
0.018957003686177157,0.9810429963138229,0.0,0.0
0.5,0.5,0.0,0.0
0.5,0.5,0.0,0.0
0.5,0.5,0.0,0.0
0.5,0.5,0.0,0.0
0.007124611622385945,0.9928753883776141,0.0,0.0
0.006252544901805663,0.9937474550981943,0.0,0.0
0.041653211679440034,0.95834678832056,0.0,0.0
0.5,0.5,0.0,0.0
0.5,0.5,0.0,0.0
0.5,0.5,0.0,0.0
0.00829295561418369,0.9917070443858164,0.0,0.0
0.5,0.5,0.0,0.0
0.5,0.5,0.0,0.0
0.5,0.5,0.0,0.0
0.5,0.5,0.0,0.0
0.0064381624144705055,0.9806855127565884,0.0064381624144705055,0.0064381624144705055
0.5,0.5,0.0,0.0
0.5,0.5,0.0,0.0
0.3151863071725264,0.6848136928274736,0.0,0.0
0.5,0.5,0.0,0.0
0.5,0.5,0.0,0.0
0.5,0.5,0.0,0.0
0.10857878380920585,0.8914212161907941,0.0,0.0
0.5,0.5,0.0,0.0
0.9810181219822982,0.018981878017701816,0.0,0.0
0.5,0.5,0.0,0.0
0.0022937272268128248,0.0022937272268128248,0.9931188183195616,0.0022937272268128248
0.5,0.5,0.0,0.0
0.5,0.5,0.0,0.0
0.5,0.5,0.0,0.0
0.5,0.5,0.0,0.0
0.5,0.5,0.0,0.0
0.5,0.5,0.0,0.0
0.5,0.5,0.0,0.0
0.5,0.5,0.0,0.0
0.5,0.5,0.0,0.0
0.9996991063324582,0.0003008936675417401,0.0,0.0
0.5,0.5,0.0,0.0
0.5,0.5,0.0,0.0
