---flow_allocation with alpha---
0.14547490231732785
0.2041358754557124
0.05987661035290538
0.2233594109629993
0.22310440557228453
0.04572041370467418
0.08126627440798453
0.18978221071975324
0.22663840644683006
0.19206248765548603
0.024073058226584277
0.07300520801661017
0.05931826855635241
0.23466192985126877
0.16991084957542296
0.2099357250247338
0.22322329683532563
0.22931399483601486
0.18278698894800396
0.1243127365743082
0.08167761901497497
0.13523621670181046
0.17793343877719034
0.11404727048221332
0.018290352474277124
0.23369090202850504
0.07213972513410893
0.06737888060530593
0.017239075045120213
0.02238789234639063
0.06814483098012157
0.02631225579562172
0.0252311693166118
0.04104248565142861
0.05618049337633469
0.05285705938851099
0.2379680092279293
0.016843947238347142
0.10704046300041217
0.2054986775371983
0.0730125027820846
0.1975899253224811
0.012050116572144859
0.08070813222738697
0.14921505058134246
0.14536793211914373
0.00016556703870833952
0.23796899932306814
0.2318076213048879
0.02942301894455361
0.20256473819388607
0.04161197959217832
0.03312510204279953
0.00945136036419661
0.09065431659112569
0.04485476154784275
0.11786910159518094
0.05980458891619412
0.057733757025513754
0.08510508884643828
0.23054764539435177
0.04282844960446514
0.07064297675422501
0.21829939401718793
0.06701001427362636
0.22581664345088232
0.05668608865283062
0.1753425115070132
0.19455359097868266
0.11502470198482656
0.19708995921592767
0.04080387911068252
0.10032095877091086
0.21911340392942766
0.07572293932630077
0.08135235679259474
0.08439962210611131
0.22856721557755663
0.20342920303501474
0.11784301578212819
0.19359949058893752
0.014027109002187869
0.17319493925843574
0.06340847613519186
0.022186594826174143
0.09073377172601634
0.08681289117597521
0.11481056995714115
0.011134812741029032
0.023798333973330463
0.16020208842904668
0.19918065688649025
0.06050931787594992
0.21666101811694194
0.061078138711697996
0.14519294877263297
0.2205280183282993
0.03522590028070577
0.02349944980176169
0.15887919356936592
0.15945720951448392
0.045090714793309554
0.07814313107749823
0.22361442433835227
0.11062713054863259
0.17172844866507259
0.0812089287363149
0.12664775618965216
0.2145879345582846
0.15466728892561618
0.010978257939521544
0.05880262860498034
0.23078282492837546
0.10310770929334336
0.20549336775278446
0.19639821008405633
0.14925872655238576
0.050021457252543346
0.2255049151902787
0.21941123093489653
0.12885387979026994
0.09057950452335782
0.06109097800994984
0.10646824390263923
0.15243337079936736
0.11987607234940713
0.23936328483304098
0.05164295921684678
0.130335205841439
0.16406001010675209
0.09651302891307785
0.21689274828725616
---flow_allocation with ell_k_beta---
0.14547490231732785
0.2041358754557124
0.05987661035290538
0.2233594109629993
0.22310440557228453
0.04572041370467418
0.08126627440798453
0.18978221071975324
0.22663840644683006
0.19206248765548603
0.024073058226584277
0.07300520801661017
0.05931826855635241
0.23466192985126877
0.16991084957542296
0.2099357250247338
0.22322329683532563
0.22931399483601486
0.18278698894800396
0.1243127365743082
0.08167761901497497
0.13523621670181046
0.17793343877719034
0.11404727048221332
0.018290352474277124
0.23369090202850504
0.07213972513410893
0.06737888060530593
0.017239075045120213
0.02238789234639063
0.06814483098012157
0.02631225579562172
0.0252311693166118
0.04104248565142861
0.05618049337633469
0.05285705938851099
0.2379680092279293
0.016843947238347142
0.10704046300041217
0.2054986775371983
0.0730125027820846
0.1975899253224811
0.012050116572144859
0.08070813222738697
0.14921505058134246
0.14536793211914373
0.00016556703870833952
0.23796899932306814
0.2318076213048879
0.02942301894455361
0.20256473819388607
0.04161197959217832
0.03312510204279953
0.00945136036419661
0.09065431659112569
0.04485476154784275
0.11786910159518094
0.05980458891619412
0.057733757025513754
0.08510508884643828
0.23054764539435177
0.04282844960446514
0.07064297675422501
0.21829939401718793
0.06701001427362636
0.22581664345088232
0.05668608865283062
0.1753425115070132
0.19455359097868266
0.11502470198482656
0.19708995921592767
0.04080387911068252
0.10032095877091086
0.21911340392942766
0.07572293932630077
0.08135235679259474
0.08439962210611131
0.22856721557755663
0.20342920303501474
0.11784301578212819
0.19359949058893752
0.014027109002187869
0.17319493925843574
0.06340847613519186
0.022186594826174143
0.09073377172601634
0.08681289117597521
0.11481056995714115
0.011134812741029032
0.023798333973330463
0.16020208842904668
0.19918065688649025
0.06050931787594992
0.21666101811694194
0.061078138711697996
0.14519294877263297
0.2205280183282993
0.03522590028070577
0.02349944980176169
0.15887919356936592
0.15945720951448392
0.045090714793309554
0.07814313107749823
0.22361442433835227
0.11062713054863259
0.17172844866507259
0.0812089287363149
0.12664775618965216
0.2145879345582846
0.15466728892561618
0.010978257939521544
0.05880262860498034
0.23078282492837546
0.10310770929334336
0.20549336775278446
0.19639821008405633
0.14925872655238576
0.050021457252543346
0.2255049151902787
0.21941123093489653
0.12885387979026994
0.09057950452335782
0.06109097800994984
0.10646824390263923
0.15243337079936736
0.11987607234940713
0.23936328483304098
0.05164295921684678
0.130335205841439
0.16406001010675209
0.09651302891307785
0.21689274828725616
---flow_allocation with per_flow_loss---
0.0
0.25566077000000004
0.0
0.0
0.0
0.0
0.0
0.0
0.0
0.0
0.0
0.0
0.0
0.0
0.0
0.0
0.0
0.0
0.0
0.0
0.0
0.0
0.22284471
0.0
0.022906927
0.29267563
0.090348145
0.08438564
0.021590302000000002
0.0
0.0
0.0
0.0
0.0
0.0
0.06619844000000001
0.2980323
0.021095442
0.13405799999999998
0.25736755
0.0
0.0
0.0
0.0
0.0
0.18205950999999998
0.00020735697
0.29803354000000004
0.290317
0.036849533000000004
0.25369307
0.0
0.0
0.0
0.0
0.0
0.0
0.07489955999999999
0.07230604
0.10658603
0.28873899999999997
0.053638559999999995
0.0
0.0
0.08392367
0.0
0.0
0.0
0.24365987
0.1440575
0.1737676870000002
0.051102978
0.12564246
0.0
0.09483578
0.10188609
0.0
0.0
0.0
0.14758717
0.24246494999999998
0.017567620000000003
0.21691019
0.07941308600000001
0.0
0.11363542
0.10872489
0.14378932
0.0
0.0
0.0
0.0
0.0
0.0
0.0
0.0
0.27619036999999996
0.04411709
0.029430826
0.0
0.0
0.0
0.0
0.0
0.0
0.21507355
0.10170646000000001
0.15861427
0.26875098000000003
0.19370607
0.0
0.0
0.0
0.0
0.0
0.24597008
0.18693236
0.062647118
0.28242345999999996
0.27479169999999997
0.16137723
0.0
0.0
0.0
0.0
0.0
0.0
0.0
0.16323245
0.20546956
0.12087339
0.27163754
---weights per flow per tunnel---
0.5,0.5,0.0,0.0
0.5,0.5,0.0,0.0
0.5,0.5,0.0,0.0
0.5,0.5,0.0,0.0
0.5,0.5,0.0,0.0
0.5,0.5,0.0,0.0
0.5,0.5,0.0,0.0
0.5,0.5,0.0,0.0
0.5,0.5,0.0,0.0
0.5,0.5,0.0,0.0
0.5,0.5,0.0,0.0
0.5,0.5,0.0,0.0
0.5,0.5,0.0,0.0
0.5,0.5,0.0,0.0
1.0,0.0,0.0,0.0
0.5,0.5,0.0,0.0
0.5,0.5,0.0,0.0
0.5,0.5,0.0,0.0
0.5,0.5,0.0,0.0
0.5,0.5,0.0,0.0
0.5,0.5,0.0,0.0
0.5,0.5,0.0,0.0
0.5,0.5,0.0,0.0
0.5,0.5,0.0,0.0
0.5,0.5,0.0,0.0
0.3333333333333333,0.3333333333333333,0.3333333333333333,0.0
0.3333333333333333,0.3333333333333333,0.3333333333333333,0.0
0.08271012719189146,0.9172898728081085,0.0,0.0
0.9747703387395618,0.012614830630219166,0.012614830630219166,0.0
0.5,0.5,0.0,0.0
0.5,0.5,0.0,0.0
0.5,0.5,0.0,0.0
0.5,0.5,0.0,0.0
0.5,0.5,0.0,0.0
0.5,0.5,0.0,0.0
0.5546726102235969,0.33801615014744796,0.10731123962895506,0.0
0.2905715271953221,0.4212761274599836,0.2881523453446942,0.0
0.25,0.25,0.25,0.25
0.0639660036508176,0.8081019890475473,0.0639660036508176,0.0639660036508176
0.25,0.25,0.25,0.25
0.5,0.5,0.0,0.0
0.5,0.5,0.0,0.0
0.5,0.5,0.0,0.0
0.5,0.5,0.0,0.0
0.8466068981610314,0.1533931018389686,0.0,0.0
0.7508037903138421,0.24919620968615783,0.0,0.0
0.33333333333333337,0.33333333333333337,0.33333333333333337,0.0
0.3333333333333333,0.3333333333333333,0.3333333333333333,0.0
0.7993264562638464,0.10033677186807685,0.10033677186807685,0.0
0.3333333333333333,0.3333333333333333,0.3333333333333333,0.0
0.3333333333333333,0.3333333333333333,0.3333333333333333,0.0
0.5,0.5,0.0,0.0
0.5,0.5,0.0,0.0
0.5,0.5,0.0,0.0
0.5,0.5,0.0,0.0
0.9322770723037951,0.06772292769620492,0.0,0.0
0.14503048743196267,0.8549695125680373,0.0,0.0
0.06126391288221055,0.8774721742355789,0.06126391288221055,0.0
0.06900774005276485,0.06900774005276485,0.06900774005276485,0.7929767798417056
0.8992195058977412,0.05039024705112939,0.05039024705112939,0.0
0.30661940544910965,0.30661940544910965,0.26235011180600704,0.1244110772957736
0.08791700279691886,0.8241659944061622,0.08791700279691886,0.0
0.5,0.5,0.0,0.0
0.5,0.5,0.0,0.0
0.5,0.5,0.0,0.0
0.5,0.5,0.0,0.0
0.5,0.5,0.0,0.0
0.5,0.5,0.0,0.0
0.7849812053974976,0.21501879460250234,0.0,0.0
0.20004988280263272,0.20004988280263272,0.5999002343947346,0.0
0.36982534415908047,0.36982534415908047,0.26034931168183906,0.0
0.03807393199939166,0.9238521360012165,0.03807393199939166,0.0
0.3333333333333333,0.3333333333333333,0.3333333333333333,0.0
0.5,0.5,0.0,0.0
0.5,0.5,0.0,0.0
0.11752060789504501,0.882479392104955,0.0,0.0
0.5,0.5,0.0,0.0
0.5,0.5,0.0,0.0
0.5,0.5,0.0,0.0
0.3333333333333333,0.3333333333333333,0.3333333333333333,0.0
0.29819064180428834,0.29819064180428834,0.29819064180428834,0.10542807458713496
0.33333333333333337,0.33333333333333337,0.33333333333333337,0.0
0.1310704174986682,0.49181113463920484,0.3771184478621269,0.0
0.11190036545301081,0.7761992690939785,0.11190036545301081,0.0
0.5,0.5,0.0,0.0
0.5,0.5,0.0,0.0
0.5,0.5,0.0,0.0
0.13955489757015146,0.8604451024298485,0.0,0.0
1.0,0.0,0.0,0.0
1.0,0.0,0.0,0.0
0.5,0.5,0.0,0.0
0.5,0.5,0.0,0.0
0.5,0.5,0.0,0.0
0.5,0.5,0.0,0.0
0.5,0.5,0.0,0.0
0.5,0.5,0.0,0.0
0.5,0.5,0.0,0.0
0.9496712977294719,0.050328702270528165,0.0,0.0
0.4320437599642008,0.5679562400357991,0.0,0.0
0.5,0.5,0.0,0.0
0.5679195646014819,0.4320804353985182,0.0,0.0
0.5,0.5,0.0,0.0
0.5,0.5,0.0,0.0
0.5,0.5,0.0,0.0
0.5,0.5,0.0,0.0
0.5,0.5,0.0,0.0
0.5,0.5,0.0,0.0
0.1192327863231059,0.8807672136768941,0.0,0.0
0.33333333333333337,0.33333333333333337,0.33333333333333337,0.0
0.4561033576338761,0.5438966423661239,0.0,0.0
0.5,0.5,0.0,0.0
0.9034782009800696,0.09652179901993044,0.0,0.0
0.5,0.5,0.0,0.0
0.5,0.5,0.0,0.0
0.5,0.5,0.0,0.0
0.5,0.5,0.0,0.0
0.5,0.5,0.0,0.0
0.5,0.5,0.0,0.0
0.41199301856463233,0.5880069814353677,0.0,0.0
0.3333333333333333,0.3333333333333333,0.3333333333333333,0.0
0.5,0.5,0.0,0.0
1.0,0.0,0.0,0.0
0.5,0.5,0.0,0.0
0.5,0.5,0.0,0.0
0.5,0.5,0.0,0.0
0.5,0.5,0.0,0.0
0.5,0.5,0.0,0.0
0.5,0.5,0.0,0.0
0.5,0.5,0.0,0.0
0.4165464115640405,0.5834535884359595,0.0,0.0
0.09595608170685158,0.9040439182931483,0.0,0.0
0.5,0.5,0.0,0.0
