---flow allocation with alpha---
0.25021886023373485
0.1287179152525676
0.09358505551049703
0.0786555872175059
0.22742565757146255
0.0654451197356425
0.285467396776881
0.214955145473567
0.2898531203371227
0.17510869686264158
0.09186508566662133
0.25037482506571174
0.17101169562084867
0.1344151850848298
0.06042640025301249
0.25242903605815875
0.27657482056290134
0.005645497774488512
0.04967569089028408
0.013660741402723768
0.1274212505548909
0.0076906110326454506
0.24208352378375836
0.19681601922609923
0.2730105104659926
0.05971532501136093
0.13382994863359143
0.09310102760812165
0.04654537793049659
0.14309730320689312
0.23949403096703975
0.09939618075779216
0.12329276563687822
0.06740241756520322
0.1864506813327225
0.06424630756933226
0.013640966213002691
0.0947432414732531
0.039766867290902855
0.08179518805954002
0.01265741972760938
0.03107190651850214
0.018493920778385294
0.0655234432907106
0.024757496314988026
0.19476801795371068
0.1630092748667723
0.2560018400237461
0.24272126598899388
0.2877574584744768
0.24615666506615477
0.2945700355592063
0.26629597378632563
0.11459676463748682
0.17501301971091346
0.008435864158198813
0.23259940251758926
0.05886756572299033
0.29187827023521984
0.03622274669465539
0.06903307225398388
0.008427618480560728
0.25252916285005617
0.1139795639488904
0.26170662480384976
0.148156801169652
0.02873032095417319
0.1957385438031598
0.023471283327664433
0.1247822085228654
0.07922766262193257
0.1432771972148913
0.2546298676382272
0.25974327546365883
0.28516258653719806
0.15842429641975156
0.12594933925117055
0.2776986612364044
0.25759034178799006
0.17642714502096907
0.0388895386603942
0.2511743166351442
0.1597203282797153
0.2234007503885008
0.20182259613511186
0.20352542398743773
0.1523943022718113
0.28287292036317285
0.021854616329958054
0.07997048555178726
0.11440838664889928
0.08265552697507356
0.02222957465250476
0.2831258873508393
0.29439165442886567
0.09912280475388267
0.011622914974188884
0.10139977462129161
0.296834012477321
0.005009469175122603
0.26423896446461664
0.16013448101049063
0.2294696541676988
0.2831018988462825
0.2202845091685463
0.0036472948972563427
0.07048606764294024
0.28736046157857625
0.08544535248030107
0.128039424231471
0.18804934805273088
0.10416720953718746
0.04947317590047436
0.21812328927407348
0.17555659764207834
0.12068270559448843
0.000241003141262575
0.2495617274854507
0.01651205005819213
0.09987961438600274
0.10775469731533337
0.20668550899519322
0.2011472198621337
0.15273843744250115
0.09304800767348273
0.19373622550317557
0.03421876620686568
0.04783697794885175
0.05467096373564892
0.1017469553234751
0.2353352884958762
0.04099868787679753
---weights per flow tunnel---
0.5,0.5,0.0,0.0
0.5,0.5,0.0,0.0
0.5,0.5,0.0,0.0
0.5,0.5,0.0,0.0
0.5,0.5,0.0,0.0
0.5,0.5,0.0,0.0
0.5,0.5,0.0,0.0
0.5,0.5,0.0,0.0
0.5,0.5,0.0,0.0
0.5,0.5,0.0,0.0
0.5,0.5,0.0,0.0
0.5,0.5,0.0,0.0
0.5,0.5,0.0,0.0
0.5,0.5,0.0,0.0
0.9465359387054368,0.05346406129456315,0.0,0.0
0.5,0.5,0.0,0.0
0.23530581592314334,0.7646941840768566,0.0,0.0
0.5,0.5,0.0,0.0
0.5,0.5,0.0,0.0
0.5,0.5,0.0,0.0
0.5,0.5,0.0,0.0
0.5,0.5,0.0,0.0
0.5,0.5,0.0,0.0
0.5,0.5,0.0,0.0
0.5,0.5,0.0,0.0
0.03228646801201506,0.9677135319879849,0.0,0.0
0.5,0.5,0.0,0.0
0.5,0.5,0.0,0.0
0.06381070072339688,0.8723785985532062,0.06381070072339688,0.0
0.5,0.5,0.0,0.0
0.5,0.5,0.0,0.0
0.5,0.5,0.0,0.0
0.5,0.5,0.0,0.0
0.5,0.5,0.0,0.0
0.5,0.5,0.0,0.0
0.5,0.0,0.5,0.0
0.030363139405733205,0.9696368605942668,0.0,0.0
0.0,0.0,0.5,0.5
0.014375296893694201,0.8577497958444962,0.12787490726180958,0.0
0.5,0.0,0.5,0.0
0.5,0.5,0.0,0.0
0.5,0.5,0.0,0.0
0.5,0.5,0.0,0.0
0.5,0.5,0.0,0.0
0.5,0.5,0.0,0.0
0.5,0.5,0.0,0.0
0.08061286982522498,0.9193871301747749,0.0,0.0
0.5,0.05129651298652287,0.4487034870134772,0.0
0.3333333333333333,0.3333333333333333,0.3333333333333333,0.0
0.5,0.5,0.0,0.0
0.3333333333333333,0.3333333333333333,0.3333333333333333,0.0
0.5,0.5,0.0,0.0
0.5,0.5,0.0,0.0
0.5,0.5,0.0,0.0
0.5,0.5,0.0,0.0
0.5,0.5,0.0,0.0
0.5,0.5,0.0,0.0
0.05391230052875276,0.9460876994712474,0.0,0.0
0.21267698239596383,0.2309659180084795,0.0,0.5563570995955567
0.3333333333333333,0.3333333333333333,0.3333333333333333,0.0
0.3333333333333333,0.3333333333333333,0.3333333333333333,0.0
0.3333333333333333,0.3333333333333333,0.3333333333333333,0.0
0.5,0.5,0.0,0.0
0.5,0.5,0.0,0.0
0.5000000000000003,0.49999999999999956,0.0,0.0
0.5000000000000004,0.4999999999999996,0.0,0.0
0.5,0.5,0.0,0.0
0.6705226557472626,0.3294773442527374,0.0,0.0
0.3333333333333333,0.3333333333333333,0.3333333333333333,0.0
0.5,0.5,0.0,0.0
0.5,0.5,0.0,0.0
0.3333333333333335,0.3333333333333335,0.333333333333333,0.0
0.5001893887602115,0.06295111112947012,0.43685950011031843,0.0
0.5,0.5,0.0,0.0
0.5,0.5,0.0,0.0
0.5,0.5,0.0,0.0
0.5,0.5,0.0,0.0
0.4999999999999997,0.5000000000000003,0.0,0.0
0.15923953878669284,0.8407604612133073,0.0,0.0
0.5596506789684581,0.220174660515771,0.220174660515771,0.0
0.5,0.5,0.0,0.0
0.44990263619435844,0.5500973638056416,0.0,0.0
0.16835607114392248,0.663287857712155,0.16835607114392248,0.0
0.0,0.5,0.5,0.0
0.5,0.5,0.0,0.0
0.5,0.5,0.0,0.0
0.5,0.5,0.0,0.0
0.5,0.5,0.0,0.0
0.5,0.5,0.0,0.0
0.5,0.5,0.0,0.0
0.5,0.5,0.0,0.0
0.5,0.5,0.0,0.0
0.5,0.5,0.0,0.0
0.5000000000000001,0.5,0.0,0.0
0.5103961587825319,0.489603841217468,0.0,0.0
0.5,0.5,0.0,0.0
0.5,0.5,0.0,0.0
0.5,0.5,0.0,0.0
0.5,0.5,0.0,0.0
0.5,0.5,0.0,0.0
0.5,0.5,0.0,0.0
0.49999999999999967,0.5000000000000004,0.0,0.0
0.5,0.5,0.0,0.0
0.5814669546461979,0.41853304535380215,0.0,0.0
0.5,0.5,0.0,0.0
0.5,0.5,0.0,0.0
0.5,0.5,0.0,0.0
0.5941378502282487,0.40586214977175133,0.0,0.0
0.5,0.5,0.0,0.0
0.5,0.5,0.0,0.0
0.5,0.5,0.0,0.0
0.5,0.5,0.0,0.0
0.5,0.5,0.0,0.0
0.5,0.5,0.0,0.0
0.5,0.5,0.0,0.0
0.5,0.5,0.0,0.0
0.5000000000000004,0.4999999999999996,0.0,0.0
0.7762026886730043,0.2237973113269957,0.0,0.0
0.5,0.5,0.0,0.0
0.5,0.5,0.0,0.0
0.5,0.5,0.0,0.0
0.5,0.5,0.0,0.0
0.5,0.5,0.0,0.0
0.5,0.5,0.0,0.0
0.5,0.5,0.0,0.0
0.5,0.5,0.0,0.0
0.5,0.5,0.0,0.0
0.07767032304224804,0.9223296769577519,0.0,0.0
0.5,0.5,0.0,0.0
0.9189978736868042,0.08100212631319575,0.0,0.0
0.6021514696020406,0.3978485303979594,0.0,0.0
0.940342023561469,0.05965797643853102,0.0,0.0
