---flow_allocation with alpha---
0.25305077
0.13017471
0.094644226
0.07954578999999999
0.2299996
0.06618581
0.28869824
0.21738795
0.2931336
0.17709053
0.09290479
0.2532085
0.17294716
0.13593646
0.06111029
0.25528596
0.27970501999999997
0.005709392000000001
0.050237907
0.01381535
0.12886337
0.0077776513
0.24482336000000002
0.19904353
0.27610037
0.060391167
0.1353446
0.09415472
0.047072166000000006
0.14471683999999999
0.24220455999999999
0.10052111999999999
0.12468815999999999
0.06816526
0.18856088
0.06497343
0.013795351
0.09581552
0.040216938
0.082720924
0.012800673
0.031423570000000005
0.01870323
0.06626502000000001
0.025037695
0.19697235000000002
0.16485417000000002
0.2588992
0.24546832000000002
0.29101422000000005
0.24894259999999999
0.2979039
0.26930984
0.11589374
0.17699377000000002
0.008531338999999999
0.2352319
0.059533813000000005
0.29518167
0.036632706
0.06981437
0.008523
0.25538722
0.115269554
0.26466855
0.14983359999999998
0.029055483
0.19795385999999998
0.023736925
0.12619446
0.08012434
0.14489877
0.2575117
0.26268298
0.28838998
0.1602173
0.12737479999999998
0.28084158000000004
0.26050567999999996
0.1784239
0.039329680000000006
0.25401704
0.161528
0.22592914
0.20410677000000002
0.20582887
0.15411906
0.2860744
0.022101961
0.08087557
0.11570323
0.083591
0.022481163
0.28633022999999996
0.2977235
0.10024464999999999
0.01175446
0.10254738999999999
0.30019349999999995
0.005066165
0.26722955000000004
0.16194684
0.23206673
0.28630597
0.22277762999999998
0.003688574
0.07128381
0.29061273
0.0864124
0.12948854
0.19017764
0.105346146
0.0500331
0.22059195
0.1775435
0.12204856
0.00024373074999999998
0.2523862
0.016698929
0.101010025
0.108974236
0.20902472
0.20342375000000001
0.15446709
0.09410110000000001
0.19592888
0.034606045
0.048378383999999997
0.055289715
0.1028985
0.23799875
0.0414627
---flow_allocation with ell_k_beta---
0.25305077
0.13017471
0.094644226
0.07954578999999999
0.2299996
0.06618581
0.28869824
0.21738795
0.2931336
0.17709053
0.09290479
0.2532085
0.17294716
0.13593646
0.06111029
0.25528596
0.27970501999999997
0.005709392000000001
0.050237907
0.01381535
0.12886337
0.0077776513
0.24482336000000002
0.19904353
0.27610037
0.060391167
0.1353446
0.09415472
0.047072166000000006
0.14471683999999999
0.24220455999999999
0.10052111999999999
0.12468815999999999
0.06816526
0.18856088
0.06497343
0.013795351
0.09581552
0.040216938
0.082720924
0.012800673
0.031423570000000005
0.01870323
0.06626502000000001
0.025037695
0.19697235000000002
0.16485417000000002
0.2588992
0.24546832000000002
0.29101422000000005
0.24894259999999999
0.2979039
0.26930984
0.11589374
0.17699377000000002
0.008531338999999999
0.2352319
0.059533813000000005
0.29518167
0.036632706
0.06981437
0.008523
0.25538722
0.115269554
0.26466855
0.14983359999999998
0.029055483
0.19795385999999998
0.023736925
0.12619446
0.08012434
0.14489877
0.2575117
0.26268298
0.28838998
0.1602173
0.12737479999999998
0.28084158000000004
0.26050567999999996
0.1784239
0.039329680000000006
0.25401704
0.161528
0.22592914
0.20410677000000002
0.20582887
0.15411906
0.2860744
0.022101961
0.08087557
0.11570323
0.083591
0.022481163
0.28633022999999996
0.2977235
0.10024464999999999
0.01175446
0.10254738999999999
0.30019349999999995
0.005066165
0.26722955000000004
0.16194684
0.23206673
0.28630597
0.22277762999999998
0.003688574
0.07128381
0.29061273
0.0864124
0.12948854
0.19017764
0.105346146
0.0500331
0.22059195
0.1775435
0.12204856
0.00024373074999999998
0.2523862
0.016698929
0.101010025
0.108974236
0.20902472
0.20342375000000001
0.15446709
0.09410110000000001
0.19592888
0.034606045
0.048378383999999997
0.055289715
0.1028985
0.23799875
0.0414627
---flow_allocation with per_flow_loss---
0.25305077
0.13017471
0.094644226
0.07954578999999999
0.2299996
0.06618581
0.28869824
0.21738795
0.2931336
0.17709053
0.09290479
0.2532085
0.17294716
0.13593646
0.06111029
0.25528596
0.27970501999999997
0.005709392000000001
0.050237907
0.01381535
0.12886337
0.0077776513
0.24482336000000002
0.19904353
0.27610037
0.060391167
0.1353446
0.09415472
0.047072166000000006
0.14471683999999999
0.24220455999999999
0.10052111999999999
0.12468815999999999
0.06816526
0.18856088
0.06497343
0.013795351
0.09581552
0.040216938
0.082720924
0.012800673
0.031423570000000005
0.01870323
0.06626502000000001
0.025037695
0.19697235000000002
0.16485417000000002
0.2588992
0.24546832000000002
0.29101422000000005
0.24894259999999999
0.2979039
0.26930984
0.11589374
0.17699377000000002
0.008531338999999999
0.2352319
0.059533813000000005
0.29518167
0.036632706
0.06981437
0.008523
0.25538722
0.115269554
0.26466855
0.14983359999999998
0.029055483
0.19795385999999998
0.023736925
0.12619446
0.08012434
0.14489877
0.2575117
0.26268298
0.28838998
0.1602173
0.12737479999999998
0.28084158000000004
0.26050567999999996
0.1784239
0.039329680000000006
0.25401704
0.161528
0.22592914
0.20410677000000002
0.20582887
0.15411906
0.2860744
0.022101961
0.08087557
0.11570323
0.083591
0.022481163
0.28633022999999996
0.2977235
0.10024464999999999
0.01175446
0.10254738999999999
0.30019349999999995
0.005066165
0.26722955000000004
0.16194684
0.23206673
0.28630597
0.22277762999999998
0.003688574
0.07128381
0.29061273
0.0864124
0.12948854
0.19017764
0.105346146
0.0500331
0.22059195
0.1775435
0.12204856
0.00024373074999999998
0.2523862
0.016698929
0.101010025
0.108974236
0.20902472
0.20342375000000001
0.15446709
0.09410110000000001
0.19592888
0.034606045
0.048378383999999997
0.055289715
0.1028985
0.23799875
0.0414627
---weights per flow per tunnel---
0.5,0.5,0.0,0.0
1.0,0.0,0.0,0.0
0.5,0.5,0.0,0.0
0.957193839214913,0.04280616078508701,0.0,0.0
1.0,0.0,0.0,0.0
0.5,0.5,0.0,0.0
0.5,0.5,0.0,0.0
0.5,0.5,0.0,0.0
0.5,0.5,0.0,0.0
0.5,0.5,0.0,0.0
0.5,0.5,0.0,0.0
0.907620000817572,0.09237999918242798,0.0,0.0
0.8232363378384041,0.17676366216159592,0.0,0.0
0.5,0.5,0.0,0.0
1.0,0.0,0.0,0.0
0.5,0.5,0.0,0.0
0.5,0.5,0.0,0.0
0.5,0.5,0.0,0.0
0.5,0.5,0.0,0.0
0.5,0.5,0.0,0.0
0.5,0.5,0.0,0.0
0.5,0.5,0.0,0.0
1.0,0.0,0.0,0.0
0.5,0.5,0.0,0.0
0.8707729475743485,0.12922705242565152,0.0,0.0
0.04192409744889647,0.9580759025511036,0.0,0.0
1.0,0.0,0.0,0.0
0.0,1.0,0.0,0.0
0.836746725239537,0.16325327476046306,0.0,0.0
0.5,0.5,0.0,0.0
0.5,0.5,0.0,0.0
0.5,0.5,0.0,0.0
0.5,0.5,0.0,0.0
0.5,0.5,0.0,0.0
0.5,0.5,0.0,0.0
0.9681918719694529,0.03180812803054702,0.0,0.0
0.9912148270805491,0.008785172919450922,0.0,0.0
0.5,0.0,0.5,0.0
0.29749988858476467,0.7025001114152353,0.0,0.0
0.5,0.5,0.0,0.0
0.5,0.5,0.0,0.0
0.5,0.5,0.0,0.0
0.5,0.5,0.0,0.0
0.5,0.5,0.0,0.0
0.5,0.5,0.0,0.0
1.0,0.0,0.0,0.0
0.5,0.5,0.0,0.0
0.8274142295904987,0.17258577040950127,0.0,0.0
0.5,0.5,0.0,0.0
0.5,0.5,0.0,0.0
0.9116734776499741,0.08832652235002593,0.0,0.0
0.5,0.5,0.0,0.0
0.5,0.5,0.0,0.0
0.5,0.5,0.0,0.0
0.5,0.5,0.0,0.0
1.0,0.0,0.0,0.0
0.5,0.5,0.0,0.0
1.0,0.0,0.0,0.0
0.33333333333333337,0.0,0.33333333333333337,0.33333333333333337
0.5,0.5,0.0,0.0
1.0,0.0,0.0,0.0
0.5,0.0,0.5,0.0
0.5,0.5,0.0,0.0
0.5,0.5,0.0,0.0
1.0,0.0,0.0,0.0
0.5,0.5,0.0,0.0
0.5,0.5,0.0,0.0
0.5,0.5,0.0,0.0
1.0,0.0,0.0,0.0
0.9154000134592286,0.0,0.08459998654077137,0.0
0.036954418856709685,0.9630455811432904,0.0,0.0
1.0,0.0,0.0,0.0
0.9308043808773666,0.0,0.06919561912263328,0.0
0.5,0.5,0.0,0.0
0.5,0.5,0.0,0.0
1.0,0.0,0.0,0.0
0.5,0.5,0.0,0.0
0.5,0.5,0.0,0.0
0.5,0.5,0.0,0.0
0.937074229462039,0.0629257705379611,0.0,0.0
0.9769812917769067,0.0,0.023018708223093303,0.0
0.5,0.5,0.0,0.0
0.5,0.5,0.0,0.0
0.802888702974045,0.19711129702595492,0.0,0.0
0.5,0.5,0.0,0.0
1.0,0.0,0.0,0.0
0.5,0.5,0.0,0.0
1.0,0.0,0.0,0.0
0.5,0.5,0.0,0.0
0.5,0.5,0.0,0.0
0.5,0.5,0.0,0.0
0.5,0.5,0.0,0.0
0.5,0.5,0.0,0.0
0.5,0.5,0.0,0.0
0.5,0.5,0.0,0.0
0.5,0.5,0.0,0.0
0.9542526789915193,0.0457473210084806,0.0,0.0
0.7525451089515192,0.24745489104848079,0.0,0.0
0.5016497109468012,0.4983502890531987,0.0,0.0
0.5,0.5,0.0,0.0
0.5,0.5,0.0,0.0
0.5,0.5,0.0,0.0
0.5,0.5,0.0,0.0
0.5,0.5,0.0,0.0
0.5,0.5,0.0,0.0
0.5,0.5,0.0,0.0
1.0,0.0,0.0,0.0
0.09121790157110625,0.9087820984288938,0.0,0.0
0.5,0.0,0.5,0.0
1.0,0.0,0.0,0.0
0.5,0.5,0.0,0.0
0.5,0.5,0.0,0.0
0.5,0.5,0.0,0.0
0.5,0.5,0.0,0.0
0.5,0.5,0.0,0.0
1.0,0.0,0.0,0.0
1.0,0.0,0.0,0.0
0.5,0.5,0.0,0.0
0.5,0.5,0.0,0.0
0.8453945798504119,0.0,0.15460542014958806,0.0
0.5,0.5,0.0,0.0
0.5,0.5,0.0,0.0
0.5,0.5,0.0,0.0
0.5,0.5,0.0,0.0
0.5,0.5,0.0,0.0
0.5,0.5,0.0,0.0
0.5,0.5,0.0,0.0
0.5,0.5,0.0,0.0
1.0,0.0,0.0,0.0
0.1652269531721624,0.8347730468278376,0.0,0.0
1.0,0.0,0.0,0.0
0.987705096318573,0.012294903681427086,0.0,0.0
