---flow allocation with alpha---
0.18219348
0.25566077000000004
0.07498976
0.27973642
0.27941705
0.05726047
0.10177828
0.23768417
0.28384305
0.24054
0.030149216
0.09143208
0.07429049
0.29389175
0.21279718
0.26292453
0.27956595
0.28719396999999997
0.22892331999999999
0.15568987999999997
0.10229345000000001
0.16937049999999998
0.22284471
0.14283336
0.022906927
0.29267563
0.090348145
0.08438564
0.021590302000000002
0.028038706
0.08534492
0.032953598
0.03159964
0.05140181
0.070360725
0.06619844000000001
0.2980323
0.021095442
0.13405799999999998
0.25736755
0.09144121599999999
0.24746259
0.015091625000000001
0.10107926
0.18687766
0.18205950999999998
0.00020735697
0.29803354000000004
0.290317
0.036849533000000004
0.25369307
0.052115047
0.04148604
0.01183693
0.11353591
0.05617632299999999
0.14761984
0.07489955999999999
0.07230604
0.10658603
0.28873899999999997
0.053638559999999995
0.08847361
0.27339923
0.08392367
0.28281387
0.070993935
0.21959982
0.24365987
0.1440575
0.24683643
0.051102978
0.12564246
0.2744187
0.09483578
0.10188609
0.1057025
0.2862587
0.25477573000000003
0.14758717
0.24246494999999998
0.017567620000000003
0.21691019
0.07941308600000001
0.0277866
0.11363542
0.10872489
0.14378932
0.013945294
0.029805150000000002
0.20063788
0.24945483
0.075782166
0.27134732
0.07649456
0.18184036
0.27619036999999996
0.04411709
0.029430826
0.19898108
0.19970499
0.056471832
0.09786684
0.28005579999999997
0.13854996
0.21507355
0.10170646000000001
0.15861427
0.26875098000000003
0.19370607
0.013749223999999999
0.0736447
0.28903354000000003
0.1291326
0.2573609
0.24597008
0.18693236
0.062647118
0.28242345999999996
0.27479169999999997
0.16137723
0.113442215
0.07651063999999999
0.13334135
0.1909083
0.15013337999999998
0.29977974999999996
0.06467789500000001
0.16323245
0.20546956
0.12087339
0.27163754
---weights per flow tunnel---
0.5,0.5,0.0,0.0
0.5,0.5,0.0,0.0
0.5,0.5,0.0,0.0
0.6595027512239952,0.3404972487760048,0.0,0.0
0.5,0.5,0.0,0.0
0.5,0.5,0.0,0.0
0.5,0.5,0.0,0.0
0.5,0.5,0.0,0.0
0.5,0.5,0.0,0.0
0.5,0.5,0.0,0.0
0.28947110239314605,0.7105288976068539,0.0,0.0
0.5,0.5,0.0,0.0
0.5,0.5,0.0,0.0
0.5,0.5,0.0,0.0
0.5,0.5,0.0,0.0
0.5,0.5,0.0,0.0
0.5,0.5,0.0,0.0
0.5,0.5,0.0,0.0
0.5,0.5,0.0,0.0
0.5,0.5,0.0,0.0
0.5,0.5,0.0,0.0
0.5,0.5,0.0,0.0
0.5,0.5,0.0,0.0
0.5,0.5,0.0,0.0
0.5,0.0,0.5,0.0
0.09372518930865095,0.8535916232396136,0.05268318745173544,0.0
0.5,0.0,0.5,0.0
0.5,0.5,0.0,0.0
0.33333333333333337,0.33333333333333337,0.33333333333333337,0.0
0.5,0.5,0.0,0.0
0.5,0.5,0.0,0.0
0.5,0.5,0.0,0.0
0.13720644504050508,0.862793554959495,0.0,0.0
0.5,0.5,0.0,0.0
0.5,0.5,0.0,0.0
0.5,0.5,0.0,0.0
0.5,0.0,0.5,0.0
0.0,0.0,0.5,0.5
0.3010923219800417,0.19890767801995826,0.3010923219800417,0.19890767801995826
0.583332091296943,0.34629719145302745,0.07037071725002965,0.0
0.5,0.5,0.0,0.0
0.5,0.5,0.0,0.0
0.5,0.5,0.0,0.0
0.5,0.5,0.0,0.0
0.8286948288726032,0.17130517112739688,0.0,0.0
0.7225860207013837,0.27741397929861633,0.0,0.0
0.5,0.5,0.0,0.0
0.22000664391060373,0.7799933560893962,0.0,0.0
0.8109576816205303,0.09885421307697284,0.09018810530249695,0.0
0.5,0.5,0.0,0.0
0.35040534936475437,0.3247973253176229,0.3247973253176229,0.0
0.5,0.5,0.0,0.0
0.5,0.5,0.0,0.0
0.5,0.5,0.0,0.0
0.5,0.5,0.0,0.0
0.6775245884887472,0.32247541151125275,0.0,0.0
0.5,0.5,0.0,0.0
0.5,0.5,0.0,0.0
0.0,0.0,0.5,0.5
0.3433671554738026,0.3433671554738026,0.31326568905239477,0.0
0.4186984644931129,0.5253914272653579,0.05591010824152922,0.0
0.33333333333333337,0.33333333333333337,0.33333333333333337,0.0
0.5,0.5,0.0,0.0
0.5,0.5,0.0,0.0
0.5,0.5,0.0,0.0
0.5,0.5,0.0,0.0
0.5,0.5,0.0,0.0
0.5,0.5,0.0,0.0
0.7096081217202244,0.17396674870186904,0.1164251295779067,0.0
0.3745536816896011,0.3745536816896011,0.12544631831039882,0.12544631831039882
0.5,0.5,0.0,0.0
0.04032608515219499,0.9193478296956099,0.04032608515219499,0.0
0.5,0.0,0.0,0.5
0.5523592261153932,0.44764077388460666,0.0,0.0
0.5,0.5,0.0,0.0
0.5,0.5,0.0,0.0
0.5,0.5,0.0,0.0
0.8133603098391493,0.18663969016085075,0.0,0.0
0.39383349894446323,0.6061665010555368,0.0,0.0
0.3333333333333333,0.3333333333333333,0.3333333333333333,0.0
0.3402099975939283,0.12472046765316439,0.5350695347529073,0.0
0.5,0.5,0.0,0.0
0.25,0.25,0.25,0.25
0.0,0.5,0.5,0.0
0.5,0.5,0.0,0.0
0.5,0.5,0.0,0.0
0.5,0.5,0.0,0.0
0.5,0.5,0.0,0.0
0.5,0.5,0.0,0.0
0.5,0.5,0.0,0.0
0.5,0.5,0.0,0.0
0.5,0.5,0.0,0.0
0.5,0.5,0.0,0.0
0.5,0.5,0.0,0.0
0.5,0.5,0.0,0.0
0.5,0.5,0.0,0.0
0.4662346042477868,0.5337653957522133,0.0,0.0
0.5,0.5,0.0,0.0
0.10688457958873947,0.8931154204112605,0.0,0.0
0.5,0.5,0.0,0.0
0.5,0.5,0.0,0.0
0.5,0.5,0.0,0.0
0.5,0.5,0.0,0.0
0.5,0.5,0.0,0.0
0.5,0.5,0.0,0.0
0.5,0.5,0.0,0.0
0.5,0.5,0.0,0.0
0.5,0.5,0.0,0.0
0.04465310764902334,0.4220048868715606,0.5333420054794161,0.0
0.12425003522293125,0.8757499647770688,0.0,0.0
0.5,0.5,0.0,0.0
0.5,0.5,0.0,0.0
0.5,0.5,0.0,0.0
0.5,0.5,0.0,0.0
0.5,0.5,0.0,0.0
0.5,0.5,0.0,0.0
0.5,0.5,0.0,0.0
0.5,0.5,0.0,0.0
0.39107113533377186,0.6089288646662282,0.0,0.0
0.05257246606840061,0.4756661479381371,0.47176138599346246,0.0
0.5,0.5,0.0,0.0
0.5,0.5,0.0,0.0
0.5,0.5,0.0,0.0
0.5,0.5,0.0,0.0
0.5,0.5,0.0,0.0
0.5,0.5,0.0,0.0
0.5,0.5,0.0,0.0
0.5,0.5,0.0,0.0
0.5,0.5,0.0,0.0
0.5,0.5,0.0,0.0
0.5,0.5,0.0,0.0
0.21099488004177464,0.7890051199582254,0.0,0.0
