---flow_allocation with alpha---
0.129297963546375
0.06651362850324438
0.048359092854065915
0.04064444718222988
0.11751981587126106
0.0338180770944396
0.14751227396550748
0.0
0.0
0.0
0.0
0.1293785567324387
0.08836849454806672
0.06945763274975716
0.031224706602269597
0.13044004865103295
0.14291712876312562
0.002917251580336883
0.0
0.0
0.0
0.0
0.1250941140253438
0.10170260729134237
0.14107530901961157
0.03085726595216069
0.06915521797068118
0.04810897652782936
0.024051834355283384
0.07394402594730924
0.12375602085560063
0.051361930688457444
0.0
0.03482949015570739
0.09634642798562672
0.033198603519850774
0.0070488257779553415
0.04895757326538452
0.02054911029700018
0.04226680288652929
0.006540588479233108
0.016056080795000007
0.009556538993101929
0.03385854996750182
0.012793175754396067
0.10064432418025768
0.08423332781452478
0.1322862575118252
0.12542366060040014
0.14869563925467116
0.12719886693069463
0.0717348738764855
0.1376056428320692
0.059216672487394775
0.0
0.004359144052490997
0.12019329414071545
0.030419195258922577
0.15082502537818043
0.018717723265544987
0.03567211381049398
0.004354883185321879
0.13049178811734127
0.05889774052495041
0.13523414502857245
0.07655846829006738
0.01484609108976953
0.10114583320234205
0.01212853872506706
0.06447989345708958
0.04094006112882943
0.0740369842833301
0.13157730521572827
0.1342196049128527
0.14735476648097068
0.08186408843924335
0.06508299598190041
0.14349786160755948
0.13310709908633603
0.09116687105122051
0.02009575995730262
0.12979168558972606
0.08253379926770768
0.11543998742933624
0.10428970323634404
0.1051696216140799
0.07874815240309913
0.14617160557445094
0.0
0.0
0.05911933014366186
0.04271137396975727
0.011486898830831909
0.14630232360393594
0.1521237902176673
0.051220666514546154
0.006006019031624852
0.05239726673819605
0.15338585304387226
0.0
0.0
0.08274780833415614
0.11857602960807609
0.14628992779658223
0.11382970256398674
0.0018847012660349015
0.03642293389119789
0.1484904952854027
0.04415298694864583
0.0661630254062982
0.0
0.0
0.02556474315376371
0.11271291492107999
0.09071702485195296
0.06236151844852147
0.00012453583772391067
0.1289583971122005
0.008532428149124006
0.05161173992977152
0.0556811061820601
0.0
0.0
0.07892598063200768
0.04808157903441191
0.10011115628663009
0.017682187431771947
0.024719255076222576
0.02825064533318537
0.052576668713462796
0.12160703443653943
0.02118564062513733
---flow_allocation with ell_k_beta---
0.12929796354637502
0.0665136285032444
0.04835909285406593
0.040644447182229884
0.11751981587126109
0.033818077094439604
0.14751227396550753
0.0
0.0
0.0
0.0
0.12937855673243873
0.08836849454806674
0.06945763274975718
0.031224706602269604
0.13044004865103298
0.14291712876312568
0.002917251580336884
0.0
0.0
0.0
0.0
0.12509411402534382
0.1017026072913424
0.1410753090196116
0.030857265952160696
0.0691552179706812
0.04810897652782937
0.02405183435528339
0.07394402594730926
0.12375602085560065
0.05136193068845746
0.0
0.034829490155707396
0.09634642798562675
0.03319860351985078
0.007048825777955343
0.048957573265384524
0.020549110297000184
0.042266802886529294
0.006540588479233109
0.01605608079500001
0.00955653899310193
0.03385854996750183
0.01279317575439607
0.10064432418025769
0.08423332781452479
0.13228625751182524
0.12542366060040017
0.1486956392546712
0.12719886693069465
0.07173487387648551
0.13760564283206922
0.05921667248739479
0.0
0.004359144052490998
0.12019329414071547
0.030419195258922584
0.15082502537818046
0.01871772326554499
0.035672113810494
0.00435488318532188
0.1304917881173413
0.05889774052495042
0.13523414502857248
0.07655846829006739
0.014846091089769534
0.10114583320234206
0.012128538725067061
0.0644798934570896
0.04094006112882944
0.07403698428333011
0.13157730521572833
0.13421960491285273
0.1473547664809707
0.08186408843924338
0.06508299598190043
0.1434978616075595
0.13310709908633606
0.09116687105122054
0.020095759957302624
0.1297916855897261
0.0825337992677077
0.11543998742933627
0.10428970323634407
0.10516962161407992
0.07874815240309914
0.14617160557445097
0.0
0.0
0.05911933014366187
0.04271137396975728
0.011486898830831913
0.146302323603936
0.15212379021766734
0.05122066651454617
0.006006019031624853
0.052397266738196065
0.15338585304387228
0.0
0.0
0.08274780833415615
0.11857602960807612
0.1462899277965823
0.11382970256398675
0.001884701266034902
0.0364229338911979
0.14849049528540273
0.044152986948645834
0.06616302540629822
0.0
0.0
0.025564743153763714
0.11271291492108002
0.09071702485195297
0.06236151844852148
0.0001245358377239107
0.12895839711220053
0.008532428149124008
0.051611739929771534
0.05568110618206011
0.0
0.0
0.07892598063200769
0.048081579034411924
0.1001111562866301
0.01768218743177195
0.024719255076222583
0.028250645333185376
0.05257666871346281
0.12160703443653946
0.021185640625137336
---flow_allocation with per_flow_loss---
0.25305077
0.0
0.0
0.0
0.0
0.0
0.0
0.0
0.0
0.0
0.0
0.2532085
0.0
0.0
0.0
0.0
0.0
0.0
0.0
0.0
0.0
0.0
0.0
0.0
0.27610037
0.060391167
0.1353446
0.09415472
0.047072166000000006
0.0
0.0
0.0
0.0
0.0
0.0
0.06497343
0.013795351
0.09581552
0.040216938
0.082720924
0.0
0.0
0.0
0.0
0.0
0.0
0.16485417000000002
0.2588992
0.24546832000000002
0.29101422000000005
0.24894259999999999
0.0
0.0
0.0
0.0
0.0
0.0
0.059533813000000005
0.29518167
0.036632706
0.06981437
0.008523
0.0
0.0
0.0
0.0
0.0
0.0
0.023736925
0.12619446
0.08012434
0.14489877
0.2575117
0.0
0.0
0.0
0.0
0.0
0.0
0.1784239
0.039329680000000006
0.25401704
0.161528
0.22592914
0.0
0.0
0.0
0.0
0.0
0.0
0.0
0.0
0.0
0.0
0.0
0.0
0.01175446
0.0
0.0
0.0
0.0
0.0
0.0
0.0
0.0
0.0
0.0
0.29061273
0.0864124
0.0
0.0
0.0
0.0
0.0
0.0
0.0
0.0
0.0
0.0
0.101010025
0.0
0.0
0.0
0.0
0.0
0.0
0.0
0.0
0.0
0.0
0.0
0.0
---weights per flow per tunnel---
0.5,0.5,0.0,0.0
0.5,0.5,0.0,0.0
0.5,0.5,0.0,0.0
0.5,0.5,0.0,0.0
0.5,0.5,0.0,0.0
0.5,0.5,0.0,0.0
0.5,0.5,0.0,0.0
0.0,0.0,0.0,0.0
0.0,0.0,0.0,0.0
0.0,0.0,0.0,0.0
0.0,0.0,0.0,0.0
0.5,0.5,0.0,0.0
0.901569827055443,0.098430172944557,0.0,0.0
0.5,0.5,0.0,0.0
0.9704986001886358,0.029501399811364373,0.0,0.0
0.5,0.5,0.0,0.0
0.5,0.5,0.0,0.0
0.5,0.5,0.0,0.0
0.0,0.0,0.0,0.0
0.0,0.0,0.0,0.0
0.0,0.0,0.0,0.0
0.0,0.0,0.0,0.0
0.6610421691024173,0.33895783089758275,0.0,0.0
0.8994672400673983,0.10053275993260166,0.0,0.0
0.7288710851647426,0.13556445741762865,0.13556445741762865,0.0
0.1703760742531663,0.6592478514936673,0.1703760742531663,0.0
0.33333333333333337,0.33333333333333337,0.33333333333333337,0.0
0.33333333333333337,0.33333333333333337,0.33333333333333337,0.0
0.9702090380017677,0.014895480999116145,0.014895480999116145,0.0
1.0,0.0,0.0,0.0
1.0,0.0,0.0,0.0
1.0,0.0,0.0,0.0
0.0,0.0,0.0,0.0
0.5,0.5,0.0,0.0
0.5,0.5,0.0,0.0
0.944699016195217,0.02765049190239151,0.02765049190239151,0.0
0.9886452786093068,0.00567736069534653,0.00567736069534653,0.0
0.3333333333333333,0.0,0.3333333333333333,0.3333333333333333
0.9697684864992158,0.015115756750392144,0.015115756750392144,0.0
0.9474299877504182,0.02628500612479083,0.02628500612479083,0.0
0.5,0.5,0.0,0.0
1.0,0.0,0.0,0.0
0.5,0.5,0.0,0.0
0.5,0.5,0.0,0.0
0.911437238917201,0.08856276108279912,0.0,0.0
0.5,0.5,0.0,0.0
0.3333333333333333,0.3333333333333333,0.3333333333333333,0.0
0.768355431724534,0.11582228413773292,0.11582228413773292,0.0
0.33333333333333337,0.33333333333333337,0.33333333333333337,0.0
0.1046777004500008,0.7906445990999984,0.1046777004500008,0.0
0.5737441863603586,0.21312790681982066,0.21312790681982066,0.0
0.0,1.0,0.0,0.0
1.0,0.0,0.0,0.0
1.0,0.0,0.0,0.0
0.0,0.0,0.0,0.0
0.5,0.5,0.0,0.0
0.8446501661542968,0.1553498338457032,0.0,0.0
0.3333333333333333,0.3333333333333333,0.3333333333333333,0.0
0.33333333333333337,0.0,0.33333333333333337,0.33333333333333337
0.3333333333333333,0.3333333333333333,0.3333333333333333,0.0
0.33333333333333337,0.33333333333333337,0.33333333333333337,0.0
0.3333333333333333,0.3333333333333333,0.3333333333333333,0.0
1.0,0.0,0.0,0.0
1.0,0.0,0.0,0.0
1.0,0.0,0.0,0.0
1.0,0.0,0.0,0.0
0.5,0.5,0.0,0.0
0.5,0.5,0.0,0.0
0.9835501485328627,0.008224925733568606,0.008224925733568606,0.0
0.3333333333333333,0.3333333333333333,0.3333333333333333,0.0
0.33333333333333337,0.33333333333333337,0.33333333333333337,0.0
0.3333333333333333,0.3333333333333333,0.3333333333333333,0.0
0.8642466302187097,0.06787668489064505,0.06787668489064505,0.0
0.8404249828389782,0.15957501716102182,0.0,0.0
0.5,0.5,0.0,0.0
1.0,0.0,0.0,0.0
1.0,0.0,0.0,0.0
0.5,0.5,0.0,0.0
0.5,0.5,0.0,0.0
0.6504581679154987,0.17477091604225067,0.17477091604225067,0.0
0.3333333333333333,0.3333333333333333,0.3333333333333333,0.0
0.09886739633356899,0.8022652073328621,0.09886739633356899,0.0
0.3333333333333333,0.3333333333333333,0.3333333333333333,0.0
0.8690986511390576,0.06545067443047126,0.06545067443047126,0.0
0.9258187934870485,0.07418120651295139,0.0,0.0
1.0,0.0,0.0,0.0
0.5,0.5,0.0,0.0
0.692831927770616,0.307168072229384,0.0,0.0
0.0,0.0,0.0,0.0
0.0,0.0,0.0,0.0
1.0,0.0,0.0,0.0
0.5,0.5,0.0,0.0
0.0,1.0,0.0,0.0
0.30649758171076524,0.6935024182892346,0.0,0.0
0.8717528198441165,0.12824718015588354,0.0,0.0
0.7168834783731721,0.2831165216268278,0.0,0.0
0.5,0.5,0.0,0.0
0.5,0.5,0.0,0.0
0.4455161824908402,0.5544838175091598,0.0,0.0
0.0,0.0,0.0,0.0
0.0,0.0,0.0,0.0
1.0,0.0,0.0,0.0
1.0,0.0,0.0,0.0
0.0,1.0,0.0,0.0
1.0,0.0,0.0,0.0
0.5,0.5,0.0,0.0
1.0,0.0,0.0,0.0
0.5,0.5,0.0,0.0
0.9583142522778098,0.020842873861095026,0.020842873861095026,0.0
0.5,0.5,0.0,0.0
0.0,0.0,0.0,0.0
0.0,0.0,0.0,0.0
1.0,0.0,0.0,0.0
1.0,0.0,0.0,0.0
0.0,1.0,0.0,0.0
1.0,0.0,0.0,0.0
0.5,0.5,0.0,0.0
0.5,0.5,0.0,0.0
0.5,0.5,0.0,0.0
0.9508231349320687,0.0245884325339656,0.0245884325339656,0.0
0.5,0.5,0.0,0.0
0.0,0.0,0.0,0.0
0.0,0.0,0.0,0.0
1.0,0.0,0.0,0.0
0.5,0.5,0.0,0.0
0.0,1.0,0.0,0.0
0.5,0.5,0.0,0.0
0.5,0.5,0.0,0.0
0.5,0.5,0.0,0.0
0.6119636790625125,0.3880363209374875,0.0,0.0
0.9213013449326978,0.07869865506730221,0.0,0.0
0.9761571652305169,0.023842834769483037,0.0,0.0
