---flow_allocation with alpha---
0.014544743252028303
0.005501413455587762
0.0012969005085576445
0.0001413079879684984
0.011340665198255846
0.017705818174217826
0.007672348379786236
0.009958347375890684
0.02275748857964944
0.010593964355608072
0.02206063523128186
0.012359110601390812
0.01931503648622205
0.016575588822008904
0.01267866514842937
0.0010619218866989863
0.025575578749967652
0.007855140418250696
0.005187523709258145
0.026860583842345166
0.018032105947168437
0.018485819982703038
0.012334888074443107
0.005705963279275712
0.012012518818211802
0.02583731948772093
0.003253971968451373
0.02347626384790764
0.014325031119897863
0.016050921131427576
0.008155153035873719
0.01401263242096817
0.020265888042973336
0.008662645178928662
0.024918893411111347
0.005521340281175746
0.015340286065661523
0.002469794289766001
0.025746284852048766
0.00828911519987357
0.016253072139429878
0.019337288036305536
0.01857696953532317
0.00652275249771395
0.01360908190132069
0.0258527085303259
0.008841779531904405
0.0151595791649767
0.023976737740778256
0.008066100717554061
0.0020752605923552263
0.013320691772126365
0.02765395003825991
0.01158906876575148
0.005609951303294543
0.007355628954819336
0.00670873574958227
0.025278967522798075
0.002066810567723086
0.016756811336894495
0.026518419385793263
0.025781320156561514
0.002544713033137277
0.017971435090867474
0.005108498348268512
0.019323572849771677
0.012451317843551812
0.025339947596412987
0.028257930835820334
0.019682802473097318
0.008727410707533656
0.015588753139891562
0.0038071699838609766
0.004674525532330272
0.019604200036717517
0.019036616158296785
0.00553494984996203
0.007455090329321024
0.0015008337120958218
0.021776689061430793
0.005816581048137518
0.006024507161998165
0.01749524496358131
0.011676941295273052
0.0009065153129686326
0.0031834976380428867
0.02234999610627352
0.013688025308381637
0.027350815762227844
0.02584385765723446
0.021351019297396502
0.008794440553633215
0.02276591985467428
0.016195666587722916
0.028039894071826103
0.014953989720925888
0.0042404648654094405
0.009774971680295738
0.006824394365487487
0.027641906439699496
0.0198799477895699
0.0077379523484918875
0.005088425684001162
0.006641716487938445
0.010759860578590545
0.003727706502007203
0.024209319059016375
0.018358116256172306
0.02359465022926207
0.017431229419268342
0.01895290445392758
0.022937661721352236
0.027132745732801316
0.010824166439403654
0.004808328173461559
0.022274668046878353
0.001925798626981473
0.027863343082082055
0.025078379990114214
0.008374633822043112
0.005443825246416127
0.011728871281218951
0.019840696091512185
0.0020436216884810784
0.010418498272576779
0.011074141042543263
0.026518315053301024
0.007682194947749249
0.01755037712540308
0.0010845872890016832
0.024907071330088806
0.021335523654201636
---flow_allocation with ell_k_beta---
0.0145447432520283
0.005501413455587761
0.0012969005085576445
0.00014130798796849837
0.011340665198255844
0.017705818174217822
0.007672348379786235
0.009958347375890683
0.022757488579649435
0.01059396435560807
0.022060635231281857
0.01235911060139081
0.019315036486222046
0.016575588822008904
0.012678665148429368
0.0010619218866989861
0.02557557874996765
0.007855140418250695
0.005187523709258144
0.026860583842345163
0.018032105947168434
0.018485819982703034
0.012334888074443105
0.005705963279275711
0.0120125188182118
0.025837319487720927
0.0032539719684513725
0.023476263847907637
0.014325031119897861
0.016050921131427573
0.008155153035873719
0.014012632420968169
0.020265888042973332
0.008662645178928662
0.024918893411111344
0.0055213402811757455
0.01534028606566152
0.0024697942897660007
0.025746284852048763
0.008289115199873569
0.016253072139429878
0.019337288036305536
0.01857696953532317
0.006522752497713949
0.013609081901320687
0.025852708530325896
0.008841779531904403
0.015159579164976697
0.023976737740778253
0.00806610071755406
0.002075260592355226
0.013320691772126364
0.027653950038259906
0.011589068765751479
0.005609951303294543
0.007355628954819334
0.006708735749582269
0.02527896752279807
0.0020668105677230856
0.016756811336894495
0.02651841938579326
0.02578132015656151
0.0025447130331372764
0.01797143509086747
0.005108498348268511
0.019323572849771674
0.01245131784355181
0.025339947596412983
0.028257930835820327
0.019682802473097314
0.008727410707533655
0.01558875313989156
0.003807169983860976
0.004674525532330272
0.019604200036717517
0.01903661615829678
0.0055349498499620295
0.007455090329321023
0.0015008337120958216
0.02177668906143079
0.005816581048137517
0.006024507161998164
0.017495244963581305
0.01167694129527305
0.0009065153129686324
0.0031834976380428863
0.022349996106273518
0.013688025308381636
0.02735081576222784
0.025843857657234456
0.0213510192973965
0.008794440553633213
0.022765919854674275
0.016195666587722913
0.028039894071826096
0.014953989720925884
0.00424046486540944
0.009774971680295738
0.006824394365487486
0.027641906439699493
0.019879947789569898
0.007737952348491887
0.005088425684001161
0.006641716487938444
0.010759860578590543
0.003727706502007202
0.02420931905901637
0.018358116256172303
0.023594650229262066
0.01743122941926834
0.018952904453927576
0.022937661721352233
0.02713274573280131
0.010824166439403652
0.004808328173461558
0.02227466804687835
0.0019257986269814726
0.02786334308208205
0.02507837999011421
0.00837463382204311
0.0054438252464161264
0.01172887128121895
0.019840696091512185
0.002043621688481078
0.010418498272576779
0.011074141042543261
0.02651831505330102
0.007682194947749247
0.01755037712540308
0.001084587289001683
0.024907071330088803
0.021335523654201632
---flow_allocation with per_flow_loss---
0.0
0.0072766886
0.0
0.0
0.0
0.0
0.0
0.0
0.0
0.0
0.0
0.0
0.0
0.0
0.016769998999999997
0.0
0.0
0.0
0.0
0.0
0.0
0.0
0.016315287
0.0
0.015888891
0.034174877
0.0043040104
0.031051922000000003
0.018947638000000003
0.0
0.0
0.0
0.0
0.0
0.0
0.0073030457
0.02029051
0.003266783
0.034054466
0.010963965999999999
0.0
0.0
0.0
0.0
0.0
0.034195232
0.011694972
0.02005149
0.031713896
0.010668986
0.0027449355
0.0
0.0
0.0
0.0
0.0
0.0
0.033436348000000005
0.0027337587
0.02216414
0.035075764
0.034100807000000004
0.0
0.0
0.006756982
0.0
0.0
0.0
0.037376606
0.026034332
0.011543697
0.020619156
0.0050357223
0.0
0.025930364999999997
0.025179625
0.0
0.0
0.0
0.028803903999999998
0.007693559
0.0079685817
0.023140861999999998
0.015445024500000001
0.0
0.0042107944000000005
0.029562214
0.018105074
0.0
0.0
0.0
0.0
0.0
0.0
0.0
0.0
0.005608839
0.0129293
0.009026588
0.0
0.0
0.0
0.0
0.0
0.0
0.0049306164
0.03202153
0.024282177000000002
0.031208511
0.023056189
0.0
0.0
0.0
0.0
0.0
0.029462578
0.002547243
0.036854687
0.033171031999999996
0.011077080999999999
0.007200517
0.0
0.0
0.0
0.0
0.0
0.0
0.0
0.023213785
0.0014345775
0.032944443
0.028220376999999998
---weights per flow per tunnel---
0.03395949460330581,0.9660405053966942,0.0,0.0
0.5,0.5,0.0,0.0
0.5,0.5,0.0,0.0
0.5,0.5,0.0,0.0
0.5,0.5,0.0,0.0
0.5,0.5,0.0,0.0
0.003952003619350997,0.996047996380649,0.0,0.0
0.9911357635250682,0.008864236474931906,0.0,0.0
0.5,0.5,0.0,0.0
0.5,0.5,0.0,0.0
0.5,0.5,0.0,0.0
0.5,0.5,0.0,0.0
0.5,0.5,0.0,0.0
0.5,0.5,0.0,0.0
0.09833282721483133,0.9016671727851686,0.0,0.0
0.5,0.5,0.0,0.0
0.5,0.5,0.0,0.0
0.025281973689265793,0.9747180263107342,0.0,0.0
0.5,0.5,0.0,0.0
0.04189228283247703,0.958107717167523,0.0,0.0
0.5,0.5,0.0,0.0
0.2771652893167216,0.7228347106832785,0.0,0.0
0.5,0.5,0.0,0.0
0.5,0.5,0.0,0.0
0.33333333333333337,0.33333333333333337,0.33333333333333337,0.0
0.012892086491072862,0.9742158270178544,0.012892086491072862,0.0
0.03337349277598853,0.03337349277598853,0.9332530144480229,0.0
0.33333333333333337,0.33333333333333337,0.33333333333333337,0.0
0.3333333333333333,0.3333333333333333,0.3333333333333333,0.0
0.012216481905940702,0.9877835180940593,0.0,0.0
0.5,0.5,0.0,0.0
0.5,0.5,0.0,0.0
0.5,0.5,0.0,0.0
0.5,0.5,0.0,0.0
0.5,0.5,0.0,0.0
0.3333333333333333,0.3333333333333333,0.3333333333333333,0.0
0.3333333333333333,0.3333333333333333,0.3333333333333333,0.0
0.001273872846972064,0.001273872846972064,0.001273872846972064,0.9961783814590839
0.25,0.25,0.25,0.25
0.25,0.25,0.25,0.25
0.5,0.5,0.0,0.0
0.5,0.5,0.0,0.0
0.5,0.5,0.0,0.0
0.9722357531876801,0.027764246812319853,0.0,0.0
0.5,0.5,0.0,0.0
0.5,0.5,0.0,0.0
0.3333333333333333,0.3333333333333333,0.3333333333333333,0.0
0.33333333333333337,0.33333333333333337,0.33333333333333337,0.0
0.3333333333333333,0.3333333333333333,0.3333333333333333,0.0
0.0055277917276467334,0.0055277917276467334,0.9889444165447066,0.0
0.0015415376790248504,0.9969169246419504,0.0015415376790248504,0.0
0.5,0.5,0.0,0.0
0.5,0.5,0.0,0.0
0.5,0.5,0.0,0.0
0.5,0.5,0.0,0.0
0.5,0.5,0.0,0.0
0.5,0.5,0.0,0.0
0.3333333333333333,0.3333333333333333,0.3333333333333333,0.0
0.057901743731843106,0.057901743731843106,0.057901743731843106,0.8262947688044706
0.3333333333333333,0.3333333333333333,0.3333333333333333,0.0
0.9776616050259316,0.007446131658022787,0.007446131658022787,0.007446131658022787
0.22389309355421338,0.22389309355421338,0.22389309355421338,0.32832071933735985
0.5,0.5,0.0,0.0
0.5,0.5,0.0,0.0
0.5,0.5,0.0,0.0
0.5,0.5,0.0,0.0
0.7002982339696262,0.29970176603037374,0.0,0.0
0.5,0.5,0.0,0.0
0.9830560971935304,0.00847195140323491,0.00847195140323491,0.0
0.060988661825707814,0.060988661825707814,0.8170340145228766,0.060988661825707814
0.3333333333333333,0.3333333333333333,0.3333333333333333,0.0
0.25,0.25,0.25,0.25
0.25,0.25,0.25,0.25
0.007444475089938598,0.9925555249100614,0.0,0.0
0.5,0.5,0.0,0.0
0.5,0.5,0.0,0.0
0.5,0.5,0.0,0.0
0.5,0.5,0.0,0.0
0.5,0.5,0.0,0.0
0.3333333333333333,0.3333333333333333,0.3333333333333333,0.0
0.004289224544735215,0.9871323263657943,0.004289224544735215,0.004289224544735215
0.007547349257055142,0.007547349257055142,0.9849053014858896,0.0
0.010870327235957279,0.010870327235957279,0.9673890182921282,0.010870327235957279
0.25,0.25,0.25,0.25
0.5,0.5,0.0,0.0
0.5,0.5,0.0,0.0
0.5,0.5,0.0,0.0
0.5,0.5,0.0,0.0
0.03151400016798426,0.9684859998320158,0.0,0.0
0.5,0.5,0.0,0.0
0.5,0.5,0.0,0.0
0.5,0.5,0.0,0.0
0.5,0.5,0.0,0.0
0.5,0.5,0.0,0.0
0.5,0.5,0.0,0.0
0.5,0.5,0.0,0.0
0.001533222150295339,0.9984667778497046,0.0,0.0
0.5,0.5,0.0,0.0
0.0018960329937015446,0.9981039670062984,0.0,0.0
0.5,0.5,0.0,0.0
0.5,0.5,0.0,0.0
0.5,0.5,0.0,0.0
0.5,0.5,0.0,0.0
0.5,0.5,0.0,0.0
0.5,0.5,0.0,0.0
0.5,0.5,0.0,0.0
0.5,0.5,0.0,0.0
0.5,0.5,0.0,0.0
0.01676114441379035,0.01676114441379035,0.01676114441379035,0.9497165667586289
0.0051083660821938165,0.9948916339178062,0.0,0.0
0.5,0.5,0.0,0.0
0.5,0.5,0.0,0.0
0.5,0.5,0.0,0.0
0.5,0.5,0.0,0.0
0.5,0.5,0.0,0.0
0.5,0.5,0.0,0.0
0.5,0.5,0.0,0.0
0.5,0.5,0.0,0.0
0.5,0.5,0.0,0.0
0.006094914585566519,0.006094914585566519,0.028860650191817317,0.9589495206370496
0.5,0.5,0.0,0.0
0.7583200520817893,0.24167994791821065,0.0,0.0
0.03317534489746121,0.9668246551025388,0.0,0.0
0.5,0.5,0.0,0.0
0.9843747780145858,0.015625221985414255,0.0,0.0
0.5,0.5,0.0,0.0
0.5,0.5,0.0,0.0
0.5,0.5,0.0,0.0
0.5,0.5,0.0,0.0
0.5944279212260107,0.4055720787739893,0.0,0.0
0.5,0.5,0.0,0.0
0.5,0.5,0.0,0.0
