---flow allocation with alpha---
0.019238250000000002
0.0072766886
0.0017154030000000001
0.00018690728
0.015000234000000001
0.023419386
0.010148172
0.013171849999999999
0.030101202
0.014012577
0.029179478
0.016347326
0.02554789
0.021924437999999997
0.016769998999999997
0.0014045981
0.033828673999999996
0.01038995
0.0068615084
0.035528343
0.023850965
0.02445109
0.016315287
0.0075472455
0.015888891
0.034174877
0.0043040104
0.031051922000000003
0.018947638000000003
0.021230463
0.010786775
0.01853443
0.026805575999999998
0.011458032
0.032960079999999996
0.0073030457
0.02029051
0.003266783
0.034054466
0.010963965999999999
0.021497847
0.025577322
0.024571653000000002
0.008627608
0.018000656
0.034195232
0.011694972
0.02005149
0.031713896
0.010668986
0.0027449355
0.017619204
0.036577724000000006
0.015328796
0.007420251
0.009729248999999999
0.008873607
0.033436348000000005
0.0027337587
0.02216414
0.035075764
0.034100807000000004
0.0033658776
0.023770716
0.006756982
0.025559181
0.016469288
0.033517006
0.037376606
0.026034332
0.011543697
0.020619156
0.0050357223
0.0061829686
0.025930364999999997
0.025179625
0.007321047
0.009860806
0.0019851443
0.028803903999999998
0.007693559
0.0079685817
0.023140861999999998
0.015445024500000001
0.0011990427
0.0042107944000000005
0.029562214
0.018105074
0.03617677
0.034183525000000006
0.028240873
0.011632357000000001
0.030112354
0.021421917000000002
0.037088209999999996
0.019779558000000003
0.005608839
0.0129293
0.009026588
0.036561794
0.026295095
0.010234946
0.006730432000000001
0.008784960999999999
0.014232007
0.0049306164
0.03202153
0.024282177000000002
0.031208511
0.023056189
0.025068899999999998
0.030339516
0.03588833
0.014317064000000001
0.0063599486
0.029462578
0.002547243
0.036854687
0.033171031999999996
0.011077080999999999
0.007200517
0.015513712
0.026243177
0.0027030869000000003
0.013780489
0.014647704
0.035075626
0.010161196
0.023213785
0.0014345775
0.032944443
0.028220376999999998
---weights per flow tunnel---
0.5,0.5,0.0,0.0
0.5,0.5,0.0,0.0
0.5,0.5,0.0,0.0
0.5,0.5,0.0,0.0
0.19218222558584633,0.8078177744141537,0.0,0.0
0.5,0.5,0.0,0.0
0.5,0.5,0.0,0.0
0.9801994113836359,0.01980058861636414,0.0,0.0
0.5,0.5,0.0,0.0
0.5,0.5,0.0,0.0
0.5,0.5,0.0,0.0
0.5,0.5,0.0,0.0
0.058733261986138985,0.941266738013861,0.0,0.0
0.02680140573427367,0.9731985942657263,0.0,0.0
0.5,0.5,0.0,0.0
0.5,0.5,0.0,0.0
0.06309120979164279,0.9369087902083572,0.0,0.0
0.5,0.5,0.0,0.0
0.5,0.5,0.0,0.0
0.5,0.5,0.0,0.0
0.5,0.5,0.0,0.0
0.5,0.5,0.0,0.0
0.032900454238634004,0.967099545761366,0.0,0.0
0.5,0.5,0.0,0.0
0.5,0.5,0.0,0.0
0.5,0.0,0.5,0.0
0.3333333333333333,0.3333333333333333,0.3333333333333333,0.0
0.5,0.5,0.0,0.0
0.004623608649621343,0.004623608649621343,0.9907527827007572,0.0
0.5,0.5,0.0,0.0
0.5,0.5,0.0,0.0
0.5,0.5,0.0,0.0
0.4310728929556129,0.5689271070443871,0.0,0.0
0.5,0.5,0.0,0.0
0.5,0.5,0.0,0.0
0.5,0.5,0.0,0.0
0.5,0.5,0.0,0.0
0.0,0.0,0.5,0.5
0.0,0.33333333333333337,0.33333333333333337,0.33333333333333337
0.0,0.012482565640175863,0.9750348687196482,0.012482565640175863
0.5,0.5,0.0,0.0
0.9540351289773666,0.04596487102263337,0.0,0.0
0.5,0.5,0.0,0.0
0.5,0.5,0.0,0.0
0.5,0.5,0.0,0.0
0.5,0.5,0.0,0.0
0.0027647949380585433,0.9972352050619415,0.0,0.0
0.5,0.5,0.0,0.0
0.3333333333333333,0.3333333333333333,0.3333333333333333,0.0
0.5,0.5,0.0,0.0
0.3333333333333333,0.3333333333333333,0.3333333333333333,0.0
0.5,0.5,0.0,0.0
0.5,0.5,0.0,0.0
0.031990925300129494,0.9680090746998705,0.0,0.0
0.5,0.5,0.0,0.0
0.5,0.5,0.0,0.0
0.9927383835040153,0.0072616164959846555,0.0,0.0
0.010425549311878828,0.9791489013762423,0.010425549311878828,0.0
0.0,0.0,0.5,0.5
0.14517578275000773,0.14517578275000773,0.7096484344999845,0.0
0.0,0.33333333333333337,0.33333333333333337,0.33333333333333337
0.09884550813161405,0.8023089837367718,0.09884550813161405,0.0
0.5,0.5,0.0,0.0
0.5,0.5,0.0,0.0
0.5,0.5,0.0,0.0
0.5,0.5,0.0,0.0
0.5,0.5,0.0,0.0
0.0812638353220823,0.9187361646779176,0.0,0.0
0.33333333333333337,0.33333333333333337,0.33333333333333337,0.0
0.016643928495705573,0.016643928495705573,0.016643928495705573,0.9500682145128834
0.9897894884703278,0.010210511529672244,0.0,0.0
0.0,0.8928510381287548,0.05357448093562271,0.05357448093562271
0.5,0.0,0.0,0.5
0.5,0.5,0.0,0.0
0.5,0.5,0.0,0.0
0.5,0.5,0.0,0.0
0.5,0.5,0.0,0.0
0.5,0.5,0.0,0.0
0.5,0.5,0.0,0.0
0.01064157474765915,0.01064157474765915,0.9787168505046816,0.0
0.0,0.3333333333333333,0.3333333333333333,0.3333333333333333
0.5,0.5,0.0,0.0
0.005265076764731833,0.9894698464705364,0.005265076764731833,0.0
0.0,0.6008248189335759,0.399175181066424,0.0
0.5,0.5,0.0,0.0
0.5,0.5,0.0,0.0
0.940496259422229,0.05950374057777099,0.0,0.0
0.5,0.5,0.0,0.0
0.5,0.5,0.0,0.0
0.5,0.5,0.0,0.0
0.5,0.5,0.0,0.0
0.5,0.5,0.0,0.0
0.5,0.5,0.0,0.0
0.5,0.5,0.0,0.0
0.5,0.5,0.0,0.0
0.012414764773648277,0.9875852352263518,0.0,0.0
0.5,0.5,0.0,0.0
0.02274057874012705,0.9772594212598729,0.0,0.0
0.5,0.5,0.0,0.0
0.5,0.5,0.0,0.0
0.5,0.5,0.0,0.0
0.5,0.5,0.0,0.0
0.5,0.5,0.0,0.0
0.5,0.5,0.0,0.0
0.5,0.5,0.0,0.0
0.5,0.5,0.0,0.0
0.5,0.5,0.0,0.0
0.5,0.5,0.0,0.0
0.009658074660881944,0.990341925339118,0.0,0.0
0.3895426142540037,0.6104573857459963,0.0,0.0
0.5,0.5,0.0,0.0
0.5,0.5,0.0,0.0
0.5,0.5,0.0,0.0
0.5,0.5,0.0,0.0
0.5,0.5,0.0,0.0
0.5,0.5,0.0,0.0
0.5,0.5,0.0,0.0
0.5,0.5,0.0,0.0
0.01932823882958107,0.9806717611704189,0.0,0.0
0.0026235460040126223,0.9973764539959874,0.0,0.0
0.5,0.5,0.0,0.0
0.09782321569889019,0.9021767843011097,0.0,0.0
0.5,0.5,0.0,0.0
0.5,0.5,0.0,0.0
0.5,0.5,0.0,0.0
0.0041041167698649406,0.995895883230135,0.0,0.0
0.5,0.5,0.0,0.0
0.5,0.5,0.0,0.0
0.008901781381378406,0.9910982186186217,0.0,0.0
0.5,0.5,0.0,0.0
0.015160476790054098,0.9848395232099459,0.0,0.0
0.02149680297253174,0.9785031970274682,0.0,0.0
