---flow_allocation with alpha---
0.13862462954710175
0.12777589870240608
0.05799382510593922
0.13973922266369943
0.023247945782479178
0.5364545456009374
0.3130520231824743
0.08689223178276377
0.40212682542183764
0.3780227830232189
0.4169580236033668
0.13854980863328165
0.30600386859080725
0.2167466190834492
0.16976597623225878
0.5674518782883081
0.17802953468165894
0.2901271478275878
0.2483432543757336
0.16008208361826703
0.03164691151499791
0.327531995761495
0.29029935753574787
0.44955703478179476
0.5569755740332927
0.1300923210117626
0.4685704741196958
0.3547814577179699
0.1940787856659614
0.4275775311470104
0.49076203476045005
0.08468068318718436
0.3654049339657483
0.15557153353338143
0.53880267983597
0.5512875631646472
0.10388123042805472
0.24457191078665308
0.4250688576449555
0.1994564269029307
0.5454191035203505
0.5492093573718881
0.30725304885451465
0.01610270782643421
0.012972343891793683
0.12564440292277226
0.1955982620191187
0.03656821493635949
0.4323263637364483
0.24893484581679387
0.4702312024033913
0.17223525492533623
0.008774398073537134
0.43492677934928786
0.08902580618297175
0.4904843197395177
0.4501692615989861
0.4455468336502707
0.5150667182488695
0.0637563128083551
0.397966002070203
0.08827329368743671
0.061267751492218664
0.35942177782926943
0.24382769863313872
0.2625037038510712
0.3053139173897874
0.34575946199738444
0.22523271719677165
0.36372698282586674
0.5238995830643306
0.23975936211349214
0.07138332222313325
0.3440853758662803
0.3877796677419995
0.10713005876709278
0.23631990965618244
0.2337912040964397
0.025704675451935968
0.09880855346658361
0.0009502941387199352
0.4472223903700804
0.05651513213686404
0.3230112269704759
0.49357934335365666
0.13273860767999443
0.08500310504745054
0.1830422248215346
0.0
0.0
0.4702965116248786
0.15456323758501303
0.557555796692437
0.5163236002495797
0.3411950563145834
0.5676473346102368
0.5547826434677996
0.3059024545312285
0.058881485646199265
0.4254544166546219
0.4402893376251746
0.3026981548640464
0.11514100589891227
0.045595244595206245
0.10987412638665267
0.5235662496244061
0.5480522680124404
0.5571552498071886
0.03146170877855036
0.03216330968163635
0.14590690387175254
0.2740444315233835
0.3459263266812108
0.21223360859053697
0.15375559215329593
0.27046139870341857
0.4681760169799845
0.04661790235058043
0.5236337081678478
0.1309158789674218
0.3543634523052684
0.10088197418993917
0.0
0.1629131271329094
0.5273148085154012
0.3529957953822576
0.32364601224133643
0.5281447767295206
0.3955796608093782
0.37122711720007373
0.2875364324440945
0.11538831461298736
---flow_allocation with ell_k_beta---
0.13862462954710175
0.12777589870240608
0.05799382510593922
0.13973922266369943
0.023247945782479178
0.5364545456009374
0.3130520231824743
0.08689223178276377
0.40212682542183764
0.3780227830232189
0.4169580236033668
0.13854980863328165
0.30600386859080725
0.2167466190834492
0.16976597623225878
0.5674518782883081
0.17802953468165894
0.2901271478275878
0.2483432543757336
0.16008208361826703
0.03164691151499791
0.327531995761495
0.29029935753574787
0.44955703478179476
0.5569755740332927
0.1300923210117626
0.4685704741196958
0.3547814577179699
0.1940787856659614
0.4275775311470104
0.49076203476045005
0.08468068318718436
0.3654049339657483
0.15557153353338143
0.53880267983597
0.5512875631646472
0.10388123042805472
0.24457191078665308
0.4250688576449555
0.1994564269029307
0.5454191035203505
0.5492093573718881
0.30725304885451465
0.01610270782643421
0.012972343891793683
0.12564440292277226
0.1955982620191187
0.03656821493635949
0.4323263637364483
0.24893484581679387
0.4702312024033913
0.17223525492533623
0.008774398073537134
0.43492677934928786
0.08902580618297175
0.4904843197395177
0.4501692615989861
0.4455468336502707
0.5150667182488695
0.0637563128083551
0.397966002070203
0.08827329368743671
0.061267751492218664
0.35942177782926943
0.24382769863313872
0.2625037038510712
0.3053139173897874
0.34575946199738444
0.22523271719677165
0.36372698282586674
0.5238995830643306
0.23975936211349214
0.07138332222313325
0.3440853758662803
0.3877796677419995
0.10713005876709278
0.23631990965618244
0.2337912040964397
0.025704675451935968
0.09880855346658361
0.0009502941387199352
0.4472223903700804
0.05651513213686404
0.3230112269704759
0.49357934335365666
0.13273860767999443
0.08500310504745054
0.1830422248215346
0.0
0.0
0.4702965116248786
0.15456323758501303
0.557555796692437
0.5163236002495797
0.3411950563145834
0.5676473346102368
0.5547826434677996
0.3059024545312285
0.058881485646199265
0.4254544166546219
0.4402893376251746
0.3026981548640464
0.11514100589891227
0.045595244595206245
0.10987412638665267
0.5235662496244061
0.5480522680124404
0.5571552498071886
0.03146170877855036
0.03216330968163635
0.14590690387175254
0.2740444315233835
0.3459263266812108
0.21223360859053697
0.15375559215329593
0.27046139870341857
0.4681760169799845
0.04661790235058043
0.5236337081678478
0.1309158789674218
0.3543634523052684
0.10088197418993917
0.0
0.1629131271329094
0.5273148085154012
0.3529957953822576
0.32364601224133643
0.5281447767295206
0.3955796608093782
0.37122711720007373
0.2875364324440945
0.11538831461298736
---flow_allocation with per_flow_loss---
0.14705296
0.13554463
0.06151983
0.14823532
0.024661413
0.5690708
0.33208548000000004
0.09217525
0.426576
0.40100644
0.44230893
0.14697359000000002
0.3246088
0.22992474000000002
0.18008769000000002
0.60195276
0.18885367
0.30776677999999996
0.26344244
0.16981502
0.033571033
0.34744583
0.30794946
0.47688995
0.5908395000000001
0.13800189000000002
0.4970594
0.37635205
0.20587871000000002
0.4535741
0.5206002
0.08982924
0.38762143
0.16503023
0.5715617
0.58480566
0.11019717400000001
0.2594418
0.4509129
0.21158331000000002
0.5785804000000001
0.5826011
0.32593393
0.017081747
0.013761058
0.13328353999999998
0.20749056999999999
0.03879155
0.45861166
0.26406999999999997
0.4988211
0.18270709999999998
0.0093078785
0.46137018
0.094438545
0.5203056
0.4775394
0.47263593
0.5463826
0.067632675
0.4221622
0.09364028
0.06499281000000001
0.3812745
0.25865234
0.27846384
0.32387689999999997
0.36678152
0.23892679
0.38584145999999997
0.5557525000000001
0.25433665
0.07572340400000001
0.36500565
0.41135654
0.11364352999999999
0.25068808000000004
0.24800563
0.027267510999999998
0.10481608
0.0010080717
0.47441336
0.059951233
0.34265019999999996
0.5235888
0.14080906999999998
0.090171265
0.19417113
0.0
0.0
0.49889037999999997
0.16396063
0.5914550000000001
0.5477159
0.3619396
0.6021601000000001
0.58851324
0.32450122
0.06246146
0.4513219008666667
0.46705878
0.3211021
0.12214154
0.04836742
0.116554436
0.5553989
0.58137366
0.5910301
0.03337457
0.034118828000000004
0.15477799413333226
0.29070624
0.36695853
0.22513734
0.16310388
0.28690536
0.49664096
0.049452255
0.55547046
0.13887552
0.37590863
0.107015564
0.0
0.17281818999999998
0.5593753699999999
0.37445782000000005
0.34332358
0.5602558
0.41963077
0.39379759999999997
0.30501855
0.122403885
---weights per flow per tunnel---
1.0,0.0,0.0,0.0
1.0,0.0,0.0,0.0
0.5,0.5,0.0,0.0
0.6840437834528078,0.31595621654719225,0.0,0.0
0.5,0.5,0.0,0.0
0.5,0.5,0.0,0.0
0.5,0.5,0.0,0.0
0.5,0.5,0.0,0.0
1.0,0.0,0.0,0.0
1.0,0.0,0.0,0.0
0.8101152875962361,0.18988471240376392,0.0,0.0
1.0,0.0,0.0,0.0
0.5,0.5,0.0,0.0
0.5,0.5,0.0,0.0
1.0,0.0,0.0,0.0
0.5,0.5,0.0,0.0
0.5,0.5,0.0,0.0
0.5,0.5,0.0,0.0
0.5,0.5,0.0,0.0
1.0,0.0,0.0,0.0
1.0,0.0,0.0,0.0
0.49179242982040317,0.5082075701795968,0.0,0.0
1.0,0.0,0.0,0.0
0.5,0.5,0.0,0.0
0.5,0.5,0.0,0.0
0.0,0.7767211018290497,0.22327889817095015,0.0
0.98422701174964,0.0,0.015772988250359964,0.0
0.0,0.5,0.5,0.0
0.5,0.0,0.5,0.0
0.5,0.5,0.0,0.0
0.7925011350479018,0.2074988649520983,0.0,0.0
1.0,0.0,0.0,0.0
0.0,1.0,0.0,0.0
0.5,0.5,0.0,0.0
0.5,0.5,0.0,0.0
0.39116846940826616,0.39116846940826616,0.2176630611834677,0.0
0.3333333333333333,0.3333333333333333,0.3333333333333333,0.0
0.5,0.0,0.0,0.5
0.0,0.619656493445542,0.38034350655445803,0.0
0.5,0.0,0.5,0.0
0.5191576028154402,0.48084239718455984,0.0,0.0
1.0,0.0,0.0,0.0
1.0,0.0,0.0,0.0
0.0,1.0,0.0,0.0
0.5,0.5,0.0,0.0
1.0,0.0,0.0,0.0
0.1944755520465384,0.8055244479534616,0.0,0.0
0.5,0.5,0.0,0.0
1.0,0.0,0.0,0.0
0.4597435827082845,0.5402564172917155,0.0,0.0
0.5,0.5,0.0,0.0
0.45191896022451633,0.5480810397754836,0.0,0.0
0.0,1.0,0.0,0.0
0.9709282181320562,0.029071781867943795,0.0,0.0
0.0,1.0,0.0,0.0
0.5,0.5,0.0,0.0
0.5,0.5,0.0,0.0
0.5383077864687813,0.0,0.46169221353121875,0.0
0.0,0.5,0.0,0.5
1.0,0.0,0.0,0.0
0.20781668249807705,0.7921833175019231,0.0,0.0
0.08238774479222363,0.9176122552077763,0.0,0.0
1.0,0.0,0.0,0.0
0.16479883565952677,0.8352011643404732,0.0,0.0
1.0,0.0,0.0,0.0
1.0,0.0,0.0,0.0
0.5,0.5,0.0,0.0
0.5,0.5,0.0,0.0
0.863991515048311,0.13600848495168902,0.0,0.0
0.5725081623827261,0.21374591880863697,0.21374591880863697,0.0
0.5,0.5,0.0,0.0
0.10894673515572732,0.8910532648442727,0.0,0.0
1.0,0.0,0.0,0.0
0.3530949574798854,0.6469050425201146,0.0,0.0
1.0,0.0,0.0,0.0
1.0,0.0,0.0,0.0
0.0,1.0,0.0,0.0
0.3101999814748776,0.6898000185251224,0.0,0.0
0.5,0.5,0.0,0.0
0.5,0.5,0.0,0.0
0.9994188250394149,0.0005811749605849965,0.0,0.0
0.5,0.5,0.0,0.0
0.890404267487069,0.10959573251293094,0.0,0.0
1.0,0.0,0.0,0.0
0.0,1.0,0.0,0.0
1.0,0.0,0.0,0.0
1.0,0.0,0.0,0.0
1.0,0.0,0.0,0.0
0.0,0.0,0.0,0.0
0.0,0.0,0.0,0.0
1.0,0.0,0.0,0.0
1.0,0.0,0.0,0.0
0.977443656744809,0.02255634325519094,0.0,0.0
1.0,0.0,0.0,0.0
1.0,0.0,0.0,0.0
0.9818857972600117,0.018114202739988275,0.0,0.0
0.5,0.5,0.0,0.0
0.4163689836725041,0.583631016327496,0.0,0.0
0.36080099908308055,0.6391990009169195,0.0,0.0
0.0,1.0,0.0,0.0
1.0,0.0,0.0,0.0
1.0,0.0,0.0,0.0
1.0,0.0,0.0,0.0
0.0,1.0,0.0,0.0
0.0,1.0,0.0,0.0
1.0,0.0,0.0,0.0
1.0,0.0,0.0,0.0
0.7695703600233631,0.23042963997663687,0.0,0.0
0.0,0.5,0.5,0.0
0.01875077608800492,0.9812492239119951,0.0,0.0
0.0,1.0,0.0,0.0
1.0,0.0,0.0,0.0
1.0,0.0,0.0,0.0
1.0,0.0,0.0,0.0
1.0,0.0,0.0,0.0
1.0,0.0,0.0,0.0
1.0,0.0,0.0,0.0
1.0,0.0,0.0,0.0
0.45589484274363024,0.5441051572563698,0.0,0.0
0.5,0.0,0.5,0.0
0.5,0.5,0.0,0.0
1.0,0.0,0.0,0.0
0.0,0.0,0.0,0.0
0.0,1.0,0.0,0.0
0.0,1.0,0.0,0.0
0.0,1.0,0.0,0.0
1.0,0.0,0.0,0.0
0.0,1.0,0.0,0.0
1.0,0.0,0.0,0.0
0.6949039481157837,0.3050960518842163,0.0,0.0
0.1040984386319254,0.8959015613680746,0.0,0.0
0.07367594362657683,0.9263240563734232,0.0,0.0
