---flow_allocation with alpha---
0.19056734146582796
0.09803190249444858
0.07127462419462702
0.059904301911822055
0.17320797842347546
0.04984317516387092
0.21741271952131802
0.16371040364036965
0.22075289810936927
0.13336324367191002
0.06996469064188598
0.19068612469169766
0.13024295676027853
0.1023709581696822
0.046020905217975715
0.1922506171814917
0.21064011010931222
0.004299625939989302
0.03783313671717936
0.010404056549284267
0.09704435925339147
0.005857189571441497
0.18437144784792134
0.14989559742526679
0.207925522173402
0.04547934844540818
0.10192524055056582
0.07090598727227514
0.03544908214133527
0.10898328214585394
0.1823992833141769
0.0757003924531329
0.09390009429121987
0.05133385833414752
0.1420013288481873
0.04893015666783417
0.010388995712828504
0.07215670166728151
0.030286550626010874
0.06229543016319138
0.009639924125041804
0.023664445653594927
0.014085018662159844
0.04990282658922525
0.018855374249927212
0.14833583427458683
0.12414829208563823
0.19497167407010732
0.18485715398725378
0.21915683652790938
0.18747356295177853
0.22434531313736716
0.20281171339406517
0.08727719707919437
0.13329037570173854
0.006424776310199472
0.17714831616973742
0.044833692743688355
0.22229525759334126
0.02758733906685716
0.05257576923007054
0.006418496380442754
0.19232687400930865
0.08680713541291218
0.19931645314936433
0.1128366090893708
0.021881087934707964
0.1490749893118235
0.017875791058939473
0.09503445790706652
0.06033999604310274
0.10912028989506127
0.19392677629610003
0.19782116113268997
0.21718057524181136
0.12065636045222468
0.0959233477366678
0.21149603011942092
0.19618148118793596
0.13436737725384018
0.029618374835617956
0.19129501957183886
0.12164342172241667
0.1701425985364947
0.15370861955518736
0.15500549772211925
0.11606390106385542
0.21543675946701077
0.016644533225294723
0.060905731938430664
0.08713372790807644
0.06295066654201457
0.016930102469041836
0.21562941978955077
0.22420945759975927
0.0754921885701925
0.008852042586420174
0.07722633480451149
0.22606956390736146
0.0038152248873900936
0.2012450896893519
0.12195884153046369
0.17476469160227454
0.21561115008144455
0.1677692610346844
0.0027777893779180165
0.053682374336403736
0.21885448264878415
0.06507540497775097
0.09751516194987879
0.14321887762303712
0.07933402050857609
0.037678900768782164
0.1661232702839152
0.1337043660824989
0.09191226570435883
0.00018354862568081636
0.19006686743795626
0.012575620713806237
0.07606857677471925
0.08206626062742163
0.15741222676792915
0.15319425121096936
0.1163259953141529
0.07086560715073116
0.14755001843296994
0.026061102261403155
0.036432768109312404
0.04163754964252159
0.07749074853959742
0.17923197412001643
0.031224708421140886
---flow_allocation with ell_k_beta---
0.19056734146582796
0.09803190249444858
0.07127462419462702
0.059904301911822055
0.17320797842347546
0.04984317516387092
0.21741271952131802
0.16371040364036965
0.22075289810936927
0.13336324367191002
0.06996469064188598
0.19068612469169766
0.13024295676027853
0.1023709581696822
0.046020905217975715
0.1922506171814917
0.21064011010931222
0.004299625939989302
0.03783313671717936
0.010404056549284267
0.09704435925339147
0.005857189571441497
0.18437144784792134
0.14989559742526679
0.207925522173402
0.04547934844540818
0.10192524055056582
0.07090598727227514
0.03544908214133527
0.10898328214585394
0.1823992833141769
0.0757003924531329
0.09390009429121987
0.05133385833414752
0.1420013288481873
0.04893015666783417
0.010388995712828504
0.07215670166728151
0.030286550626010874
0.06229543016319138
0.009639924125041804
0.023664445653594927
0.014085018662159844
0.04990282658922525
0.018855374249927212
0.14833583427458683
0.12414829208563823
0.19497167407010732
0.18485715398725378
0.21915683652790938
0.18747356295177853
0.22434531313736716
0.20281171339406517
0.08727719707919437
0.13329037570173854
0.006424776310199472
0.17714831616973742
0.044833692743688355
0.22229525759334126
0.02758733906685716
0.05257576923007054
0.006418496380442754
0.19232687400930865
0.08680713541291218
0.19931645314936433
0.1128366090893708
0.021881087934707964
0.1490749893118235
0.017875791058939473
0.09503445790706652
0.06033999604310274
0.10912028989506127
0.19392677629610003
0.19782116113268997
0.21718057524181136
0.12065636045222468
0.0959233477366678
0.21149603011942092
0.19618148118793596
0.13436737725384018
0.029618374835617956
0.19129501957183886
0.12164342172241667
0.1701425985364947
0.15370861955518736
0.15500549772211925
0.11606390106385542
0.21543675946701077
0.016644533225294723
0.060905731938430664
0.08713372790807644
0.06295066654201457
0.016930102469041836
0.21562941978955077
0.22420945759975927
0.0754921885701925
0.008852042586420174
0.07722633480451149
0.22606956390736146
0.0038152248873900936
0.2012450896893519
0.12195884153046369
0.17476469160227454
0.21561115008144455
0.1677692610346844
0.0027777893779180165
0.053682374336403736
0.21885448264878415
0.06507540497775097
0.09751516194987879
0.14321887762303712
0.07933402050857609
0.037678900768782164
0.1661232702839152
0.1337043660824989
0.09191226570435883
0.00018354862568081636
0.19006686743795626
0.012575620713806237
0.07606857677471925
0.08206626062742163
0.15741222676792915
0.15319425121096936
0.1163259953141529
0.07086560715073116
0.14755001843296994
0.026061102261403155
0.036432768109312404
0.04163754964252159
0.07749074853959742
0.17923197412001643
0.031224708421140886
---flow_allocation with per_flow_loss---
0.0
0.0
0.0
0.0
0.0
0.0
0.0
0.0
0.0
0.0
0.0
0.0
0.0
0.0
0.0
0.0
0.0
0.0
0.0
0.0
0.0
0.0
0.0
0.0
0.05869669930000232
0.060391167
0.1353446
0.09415472
0.047072166000000006
0.0
0.0
0.0
0.0
0.0
0.0
0.06497343
0.013795351
0.09581552
0.040216938
0.082720924
0.0
0.0
0.0
0.0
0.0
0.0
0.16485417000000002
0.2588992
0.24546832000000002
0.29101422000000005
0.24894259999999999
0.0
0.0
0.0
0.0
0.0
0.0
0.059533813000000005
0.29518167
0.036632706
0.06981437
0.008523
0.0
0.0
0.0
0.0
0.0
0.0
0.023736925
0.12619446
0.08012434
0.14489877
0.2575117
0.0
0.28838998
0.1602173
0.0
0.0
0.0
0.1784239
0.039329680000000006
0.25401704
0.161528
0.22592914
0.0
0.1630555646999982
0.15411906
0.2860744
0.0
0.0
0.0
0.0
0.0
0.0
0.0
0.0
0.0
0.0
0.0
0.0
0.0
0.0
0.0
0.0
0.0
0.003688574
0.07128381
0.0
0.0864124
0.12948854
0.0
0.0
0.0
0.0
0.0
0.0
0.00024373074999999998
0.2523862
0.0
0.101010025
0.108974236
0.0
0.0
0.0
0.0
0.0
0.0
0.0
0.055289715
0.0
0.23799875
0.0414627
---weights per flow per tunnel---
0.7277174668613343,0.2722825331386657,0.0,0.0
0.8346155866071037,0.1653844133928963,0.0,0.0
0.5,0.5,0.0,0.0
0.5,0.5,0.0,0.0
0.5,0.5,0.0,0.0
0.5,0.5,0.0,0.0
0.5,0.5,0.0,0.0
0.5,0.5,0.0,0.0
0.5,0.5,0.0,0.0
0.5,0.5,0.0,0.0
0.5,0.5,0.0,0.0
0.8436939945431231,0.15630600545687687,0.0,0.0
0.5,0.5,0.0,0.0
0.5,0.5,0.0,0.0
0.5,0.5,0.0,0.0
0.8506921679775165,0.14930783202248357,0.0,0.0
0.5,0.5,0.0,0.0
0.5,0.5,0.0,0.0
0.5,0.5,0.0,0.0
1.0,0.0,0.0,0.0
0.8007858049895391,0.1992141950104609,0.0,0.0
0.5,0.5,0.0,0.0
0.8367513250920027,0.16324867490799724,0.0,0.0
0.5,0.5,0.0,0.0
0.5867595015507868,0.34079107908371226,0.07244941936550092,0.0
0.09436343912685041,0.8112731217462991,0.09436343912685041,0.0
0.33333333333333337,0.33333333333333337,0.33333333333333337,0.0
0.05636733650380211,0.8872653269923959,0.05636733650380211,0.0
0.8871680673061045,0.056415966346947795,0.056415966346947795,0.0
0.5,0.5,0.0,0.0
0.5,0.5,0.0,0.0
0.5,0.5,0.0,0.0
0.5,0.5,0.0,0.0
0.5,0.5,0.0,0.0
0.5,0.5,0.0,0.0
0.8990941781610567,0.0504529109194716,0.0504529109194716,0.0
0.9514733070467932,0.024263346476603484,0.024263346476603484,0.0
0.25,0.25,0.25,0.25
0.8905571020351553,0.03648096598828167,0.03648096598828167,0.03648096598828167
0.9268820544306604,0.03655897278466971,0.03655897278466971,0.0
0.5,0.5,0.0,0.0
0.5,0.5,0.0,0.0
0.5,0.5,0.0,0.0
0.5,0.5,0.0,0.0
0.5,0.5,0.0,0.0
0.7421778903818195,0.2578221096181807,0.0,0.0
0.3333333333333333,0.3333333333333333,0.3333333333333333,0.0
0.3333333333333333,0.3333333333333333,0.3333333333333333,0.0
0.33333333333333337,0.33333333333333337,0.33333333333333337,0.0
0.24525767158521203,0.5094846568295759,0.24525767158521203,0.0
0.33333333333333337,0.33333333333333337,0.33333333333333337,0.0
0.5,0.5,0.0,0.0
0.5,0.5,0.0,0.0
0.5,0.5,0.0,0.0
0.5,0.5,0.0,0.0
0.5,0.5,0.0,0.0
0.5,0.5,0.0,0.0
0.8961240131239889,0.05193799343800549,0.05193799343800549,0.0
0.25,0.25,0.25,0.25
0.3333333333333333,0.3333333333333333,0.3333333333333333,0.0
0.33333333333333337,0.33333333333333337,0.33333333333333337,0.0
0.9862769244114521,0.006861537794273894,0.006861537794273894,0.0
0.5,0.5,0.0,0.0
0.5,0.5,0.0,0.0
0.5,0.5,0.0,0.0
0.5,0.5,0.0,0.0
0.5,0.5,0.0,0.0
0.5,0.5,0.0,0.0
0.3333333333333333,0.3333333333333333,0.3333333333333333,0.0
0.6545295630538724,0.1727352184730638,0.1727352184730638,0.0
0.03191407175749089,0.9361718564850183,0.03191407175749089,0.0
0.3333333333333333,0.3333333333333333,0.3333333333333333,0.0
0.8500633830432441,0.07496830847837786,0.07496830847837786,0.0
0.5,0.5,0.0,0.0
0.5,0.5,0.0,0.0
0.5,0.5,0.0,0.0
0.5,0.5,0.0,0.0
0.5,0.5,0.0,0.0
0.5,0.5,0.0,0.0
0.8504327461044624,0.07478362694776884,0.07478362694776884,0.0
0.9319862825989509,0.03400685870052452,0.03400685870052452,0.0
0.3333333333333333,0.3333333333333333,0.3333333333333333,0.0
0.3333333333333333,0.3333333333333333,0.3333333333333333,0.0
0.8572764866504259,0.07136175667478713,0.07136175667478713,0.0
0.5,0.5,0.0,0.0
0.5579765656618013,0.44202343433819874,0.0,0.0
0.5,0.5,0.0,0.0
0.5,0.5,0.0,0.0
0.5,0.5,0.0,0.0
0.5,0.5,0.0,0.0
0.5,0.5,0.0,0.0
0.5,0.5,0.0,0.0
0.5,0.5,0.0,0.0
0.5,0.5,0.0,0.0
0.5,0.5,0.0,0.0
0.5,0.5,0.0,0.0
0.9246185744121413,0.07538142558785871,0.0,0.0
0.8764446640543792,0.12355533594562085,0.0,0.0
0.46490784923414336,0.5350921507658567,0.0,0.0
0.5,0.5,0.0,0.0
0.5,0.5,0.0,0.0
0.5,0.5,0.0,0.0
0.5,0.5,0.0,0.0
0.5,0.5,0.0,0.0
0.5,0.5,0.0,0.0
0.5,0.5,0.0,0.0
0.907370756890212,0.09262924310978803,0.0,0.0
0.1110544858969835,0.8889455141030166,0.0,0.0
0.3333333333333333,0.3333333333333333,0.3333333333333333,0.0
0.5,0.5,0.0,0.0
0.5,0.5,0.0,0.0
0.5,0.5,0.0,0.0
0.5,0.5,0.0,0.0
0.5,0.5,0.0,0.0
0.5,0.5,0.0,0.0
0.5,0.5,0.0,0.0
0.9995849720355422,0.00041502796445792254,0.0,0.0
0.5,0.5,0.0,0.0
0.5,0.5,0.0,0.0
0.7597143803170917,0.036482922932185635,0.20380269675072274,0.0
0.5,0.5,0.0,0.0
0.5,0.5,0.0,0.0
0.5,0.5,0.0,0.0
0.5,0.5,0.0,0.0
0.5,0.5,0.0,0.0
0.5,0.5,0.0,0.0
0.5,0.5,0.0,0.0
0.5,0.5,0.0,0.0
0.5,0.5,0.0,0.0
0.26003318361395167,0.7399668163860483,0.0,0.0
0.5,0.5,0.0,0.0
0.984119995480217,0.0158800045197831,0.0,0.0
