---flow_allocation with alpha---
0.09876229623350817
0.09103318220130528
0.04131735719359245
0.09955638149758345
0.01656286127285632
0.38219386354031554
0.22303205967840944
0.0
0.0
0.16097354697520241
0.0
0.09870899051662867
0.21801064368648956
0.15441984495444597
0.1209487642260869
0.4042777296131805
0.126836087497492
0.20669936801811356
0.0
0.0
0.02254665466108862
0.0
0.20682205780467713
0.32028424665972655
0.39681394869887593
0.09268350355520902
0.3338302588975416
0.2527619481456754
0.13827028129996513
0.3046250794818877
0.34964050483324915
0.06033025116468857
0.2603305808745098
0.11083601760035286
0.3838667778678343
0.3927615590461576
0.0740095673197156
0.17424380921645222
0.30283778990446875
0.1421015499469456
0.3885806097320425
0.3912809536385239
0.21890061476635025
0.01147227881301974
0.009242069569238778
0.0895146106581638
0.13935282322776407
0.02605280813427315
0.30800835713242986
0.17735215643658242
0.3350134349266033
0.12270798720518919
0.00625126793586815
0.30986100783327986
0.06342590830644614
0.3494426484115193
0.3207204240293548
0.3174272026163882
0.36695623262554117
0.045422807425396824
0.28352852098311737
0.06288978523620777
0.04364984665570902
0.25606791672389806
0.17371359967572275
0.1870192089734217
0.21751909203997183
0.2463342807327129
0.16046571529128822
0.2591351345235709
0.37324915484538873
0.17081513741945817
0.05085662510742808
0.24514158798438468
0.2762713274256496
0.07632417582673325
0.1683647198884633
0.1665631585901965
0.01831314377440918
0.0703955686644804
0.0006770314304453046
0.31862094307692923
0.04026387114621882
0.23012743542782693
0.35164767965328314
0.0945688348177744
0.06055995870929879
0.13040734889698938
0.0
0.0
0.3350599640946191
0.11011766312417394
0.39722732489566737
0.36785169076231133
0.24308239693942543
0.40441698131203146
0.3952516083064339
0.21793839184042813
0.04194976568779997
0.0
0.12598288285549256
0.21565550752192653
0.08203152766116974
0.032484061946733395
0.07827917054890611
0.37301167341048136
0.39045659217793954
0.3969419576397507
0.022414708068480598
0.022914559476233005
0.0
0.0
0.24645316248834906
0.151204577359776
0.10954226092011048
0.19268862153676677
0.3335492302447627
0.03321264840724719
0.3730597338501928
0.09327024254270358
0.25246414266528344
0.0
0.0
0.11606649247535511
0.3756823119892876
0.25148976359125097
0.23057968443415583
0.3762736179274535
0.2818283862863769
0.26447856083444055
0.20485362818820593
0.08220772128967868
---flow_allocation with ell_k_beta---
0.09876229623350816
0.09103318220130527
0.04131735719359244
0.09955638149758342
0.016562861272856316
0.3821938635403155
0.2230320596784094
0.0
0.0
0.1609735469752024
0.0
0.09870899051662865
0.21801064368648954
0.15441984495444594
0.12094876422608689
0.40427772961318037
0.126836087497492
0.20669936801811353
0.0
0.0
0.022546654661088617
0.0
0.2068220578046771
0.3202842466597265
0.3968139486988759
0.092683503555209
0.33383025889754153
0.2527619481456753
0.1382702812999651
0.30462507948188766
0.3496405048332491
0.060330251164688556
0.2603305808745097
0.11083601760035285
0.3838667778678342
0.39276155904615756
0.07400956731971559
0.1742438092164522
0.3028377899044687
0.14210154994694557
0.38858060973204245
0.39128095363852383
0.2189006147663502
0.011472278813019739
0.009242069569238778
0.08951461065816378
0.13935282322776404
0.02605280813427314
0.3080083571324298
0.1773521564365824
0.33501343492660324
0.12270798720518918
0.006251267935868149
0.3098610078332798
0.06342590830644612
0.34944264841151923
0.32072042402935474
0.3174272026163881
0.3669562326255411
0.04542280742539682
0.2835285209831173
0.06288978523620775
0.043649846655709014
0.256067916723898
0.17371359967572272
0.18701920897342167
0.2175190920399718
0.24633428073271288
0.1604657152912882
0.25913513452357084
0.3732491548453887
0.17081513741945814
0.050856625107428076
0.24514158798438465
0.2762713274256495
0.07632417582673323
0.16836471988846327
0.16656315859019646
0.018313143774409176
0.07039556866448039
0.0006770314304453045
0.3186209430769292
0.040263871146218815
0.23012743542782688
0.3516476796532831
0.09456883481777438
0.060559958709298777
0.13040734889698935
0.0
0.0
0.335059964094619
0.11011766312417393
0.3972273248956673
0.3678516907623113
0.24308239693942538
0.40441698131203135
0.39525160830643385
0.21793839184042807
0.04194976568779996
0.0
0.12598288285549253
0.2156555075219265
0.08203152766116972
0.03248406194673339
0.0782791705489061
0.3730116734104813
0.3904565921779395
0.39694195763975065
0.022414708068480595
0.022914559476233002
0.0
0.0
0.246453162488349
0.15120457735977597
0.10954226092011045
0.19268862153676675
0.33354923024476263
0.03321264840724719
0.37305973385019275
0.09327024254270357
0.2524641426652834
0.0
0.0
0.1160664924753551
0.37568231198928753
0.2514897635912509
0.2305796844341558
0.3762736179274534
0.28182838628637685
0.2644785608344405
0.2048536281882059
0.08220772128967867
---flow_allocation with per_flow_loss---
0.0
0.0
0.0
0.0
0.0
0.0
0.0
0.0
0.0
0.0
0.0
0.0
0.0
0.0
0.0
0.0
0.0
0.0
0.0
0.0
0.0
0.0
0.0
0.0
0.08673627550000262
0.11708034929998412
0.0
0.37635205
0.20587871000000002
0.0
0.0
0.0
0.0
0.0
0.0
0.35884087419999794
0.0
0.2594417999999994
0.4509129
0.21158331000000002
0.0
0.0
0.0
0.0
0.0
0.0
0.20749056999999915
0.0
0.14598374699999334
0.26406999999999997
0.4988211
0.0
0.0
0.0
0.0
0.0
0.0
0.01714368550001666
0.5463826
0.0
0.03262545529999222
0.09364028
0.0
0.0
0.0
0.0
0.0
0.0
0.23892679
0.38584145999999997
0.21792425620000877
0.25433665
0.0
0.0
0.41135654
0.11364352999999999
0.0
0.0
0.0
0.10481608
0.0010080717
0.0
0.059951233
0.0
0.0
0.14080906999999998
0.090171265
0.19417113
0.0
0.0
0.0
0.0
0.0
0.0
0.0
0.0
0.0
0.0
0.0
0.0
0.0
0.0
0.0
0.0
0.0
0.2000241228999755
0.0
0.0
0.03337457
0.034118828000000004
0.0
0.0
0.0
0.0
0.0
0.0
0.0
0.049452255
0.0
0.13887552
0.37590863
0.0
0.0
0.0
0.0
0.0
0.0
0.0
0.21920201150000906
0.0
0.30501855
0.122403885
---weights per flow per tunnel---
1.0,0.0,0.0,0.0
0.5,0.5,0.0,0.0
0.5,0.5,0.0,0.0
0.5,0.5,0.0,0.0
0.5000000000000745,0.4999999999999255,0.0,0.0
0.5,0.5,0.0,0.0
0.5,0.5,0.0,0.0
0.0,0.0,0.0,0.0
0.0,0.0,0.0,0.0
1.0,0.0,0.0,0.0
0.0,0.0,0.0,0.0
1.0,0.0,0.0,0.0
0.5,0.5,0.0,0.0
0.5000000000000016,0.4999999999999985,0.0,0.0
1.0,0.0,0.0,0.0
0.6153635675931816,0.38463643240681844,0.0,0.0
0.49999999999999706,0.5000000000000029,0.0,0.0
0.5,0.5,0.0,0.0
0.0,0.0,0.0,0.0
0.0,0.0,0.0,0.0
1.0,0.0,0.0,0.0
0.0,0.0,0.0,0.0
1.0,0.0,0.0,0.0
0.7872059670969349,0.21279403290306503,0.0,0.0
0.4658091962564028,0.4658091962564028,0.06838160748719431,0.0
0.3510746929563345,0.3510746929563345,0.29785061408733104,0.0
0.5000000000000004,0.0,0.49999999999999956,0.0
0.3333333333333333,0.3333333333333333,0.3333333333333333,0.0
0.33333333333333315,0.33333333333333315,0.3333333333333337,0.0
0.0,1.0,0.0,0.0
0.2671057302687272,0.7328942697312728,0.0,0.0
0.0,1.0,0.0,0.0
0.0,1.0,0.0,0.0
0.5000000000000081,0.49999999999999184,0.0,0.0
0.5,0.5,0.0,0.0
0.44123652352904325,0.2880176361654272,0.2707458403055296,0.0
0.5,0.5,0.0,0.0
0.33333333333333354,0.33333333333333276,0.0,0.33333333333333354
0.2906990810236982,0.5200661017775753,0.18923481719872662,0.0
0.3333333333333333,0.3333333333333333,0.3333333333333333,0.0
0.10296001765703051,0.8970399823429694,0.0,0.0
1.0,0.0,0.0,0.0
0.5,0.5,0.0,0.0
0.0,1.0,0.0,0.0
0.5,0.5,0.0,0.0
1.0,0.0,0.0,0.0
0.33333333333333376,0.33333333333333376,0.3333333333333324,0.0
0.5,0.5,0.0,0.0
0.5,0.3408416534808629,0.15915834651913707,0.0
0.33333333333333337,0.33333333333333337,0.33333333333333337,0.0
0.34457298176361606,0.327713509118192,0.327713509118192,0.0
1.0,0.0,0.0,0.0
0.5,0.5,0.0,0.0
0.6540164068238026,0.34598359317619737,0.0,0.0
1.0,0.0,0.0,0.0
0.5,0.5,0.0,0.0
0.5,0.5,0.0,0.0
0.697681081315737,0.2915066355150563,0.010812283169206587,0.0
0.31967087944672645,0.31967087944672623,0.04098736165982117,0.31967087944672623
0.5,0.5,0.0,0.0
0.28413937836107883,0.6939018186298244,0.02195880300909685,0.0
0.33333333333333337,0.33333333333333337,0.33333333333333337,0.0
1.0,0.0,0.0,0.0
0.5,0.5,0.0,0.0
0.8475925969240693,0.1524074030759307,0.0,0.0
0.8023254314661633,0.19767456853383672,0.0,0.0
0.5,0.5,0.0,0.0
0.5,0.5,0.0,0.0
0.33333333333333337,0.33333333333333337,0.33333333333333337,0.0
0.3333333333333333,0.3333333333333333,0.3333333333333333,0.0
0.3281211848703732,0.5432144093800501,0.12866440574957672,0.0
0.4396733431101261,0.280163328444937,0.280163328444937,0.0
0.9573680370215097,0.0,0.04263196297849015,0.0
1.0,0.0,0.0,0.0
0.5,0.5,0.0,0.0
0.5,0.5,0.0,0.0
0.5,0.5,0.0,0.0
0.5,0.5,0.0,0.0
0.49999999999983535,0.5000000000001648,0.0,0.0
0.3333333333333333,0.3333333333333333,0.3333333333333333,0.0
0.9988740278542391,0.0005629860728804116,0.0005629860728804116,0.0
0.5,0.5,0.0,0.0
0.9414920080870082,0.02925399595649596,0.02925399595649596,0.0
0.9049764901548105,0.0,0.09502350984518948,0.0
0.48035737596015743,0.5196426240398425,0.0,0.0
0.5,0.5,0.0,0.0
0.5,0.5,0.0,0.0
0.4999999999999978,0.5000000000000023,0.0,0.0
0.0,0.0,0.0,0.0
0.0,0.0,0.0,0.0
0.48587991694688615,0.5141200830531139,0.0,0.0
1.0,0.0,0.0,0.0
0.46887587948364967,0.5311241205163504,0.0,0.0
1.0,0.0,0.0,0.0
1.0,0.0,0.0,0.0
0.7538587551715963,0.24614124482840366,0.0,0.0
0.35689760521663694,0.643102394783363,0.0,0.0
0.36100350827037364,0.6389964917296264,0.0,0.0
0.4076669244831709,0.5923330755168291,0.0,0.0
0.0,0.0,0.0,0.0
1.0,0.0,0.0,0.0
0.7980220440558703,0.20197795594412973,0.0,0.0
1.0,0.0,0.0,0.0
0.5,0.5,0.0,0.0
0.5,0.5,0.0,0.0
0.7352157442433941,0.26478425575660597,0.0,0.0
1.0,0.0,0.0,0.0
0.17871976275059262,0.8212802372494075,0.0,0.0
0.3333333333333333,0.3333333333333333,0.3333333333333333,0.0
0.5,0.5,0.0,0.0
0.0,0.0,0.0,0.0
0.0,0.0,0.0,0.0
0.921003026037945,0.07899697396205499,0.0,0.0
0.8030276865569947,0.1969723134430053,0.0,0.0
1.0,0.0,0.0,0.0
1.0,0.0,0.0,0.0
1.0,0.0,0.0,0.0
0.49999999999999184,0.5000000000000081,0.0,0.0
0.5,0.5,0.0,0.0
0.33333333333333337,0.33333333333333337,0.33333333333333337,0.0
0.6180189449817842,0.3819810550182158,0.0,0.0
0.0,0.0,0.0,0.0
0.0,0.0,0.0,0.0
0.0,1.0,0.0,0.0
0.15328031070650333,0.8467196892934966,0.0,0.0
0.0,1.0,0.0,0.0
1.0,0.0,0.0,0.0
0.5955245703279924,0.4044754296720076,0.0,0.0
0.6568710657187746,0.3431289342812255,0.0,0.0
0.1428182751183625,0.8571817248816375,0.0,0.0
0.5,0.5,0.0,0.0
0.914172074888725,0.08582792511127499,0.0,0.0
