---flow_allocation with alpha---
0.16967371741690054
0.23809256644950857
0.06983669968541789
0.2605138135475287
0.260216389648872
0.05332571070017934
0.09478439689443431
0.22135126182918594
0.26433824885748475
0.22401084817887695
0.0280774567559997
0.08514915519896454
0.06918548131921667
0.27369643381672265
0.19817442746268044
0.24485718372134604
0.26035505770946
0.26745890418042295
0.21319242987080927
0.14499136140212673
0.09526416603327323
0.15773189224860928
0.20753152282063633
0.1330183009970852
0.021332835064611363
0.27256388175599555
0.08413970480102337
0.0785869243806326
0.020106684391195246
0.026111974361429143
0.07948028567788476
0.03068913045034399
0.029428212183200995
0.047869639378188576
0.06552575740305443
0.06164949152955225
0.27755245825102487
0.019645829613071857
0.12484595612024563
0.23968206189914162
0.08515766340179551
0.23045773957945323
0.014054576023312315
0.09413341134901984
0.1740360153084052
0.16954895341369722
0.00019310805157355095
0.27755361304212717
0.2703673293869919
0.03431734905764329
0.23626008060116077
0.048533864976103916
0.03863524988768112
0.011023533421193957
0.10573407956207134
0.052316062870211
0.13747586915452775
0.06975269794555868
0.06733739647815667
0.0992617734444135
0.26889776458102915
0.04995268695723614
0.08239398194706564
0.25461209530120504
0.07815669950521399
0.26337979086825747
0.06611545520456497
0.20450961144977428
0.22691633053070132
0.13415832194865124
0.229874607324129
0.0475913421728049
0.11700870554535887
0.255561510531075
0.08831896364640132
0.09488479853051215
0.09843895684554645
0.26658790299153023
0.23726834361308954
0.13744544413411533
0.22580352167269058
0.016360428438863404
0.2020048043591143
0.07395606864289557
0.025877192292372092
0.10582675154802909
0.10125365771620146
0.13390857043428933
0.012987017282131055
0.02775703388874472
0.18685067629338875
0.2323130791162283
0.07057465403879792
0.25270118609904857
0.07123809456502035
0.16934486271203264
0.25721143694411674
0.041085502411589966
0.027408432256027872
0.18530772637544263
0.18598189155838588
0.0525912654216972
0.09114173874194081
0.2608112467590169
0.12902924276523436
0.20029437248001208
0.09471751213881693
0.14771479652437597
0.25028325841317206
0.1803951984621972
0.012804420595499173
0.06858406797571688
0.26917206471914595
0.12025901410802213
0.2396758688662141
0.22906779016972736
0.17408695649654599
0.05834220520138934
0.26301620861483793
0.2559088791449052
0.15028789460820532
0.10564682298761337
0.07125306959802406
0.12417855205294959
0.17778968241202087
0.13981668659583288
0.27917982898624627
0.06023343359680031
0.15201562972817878
0.19135033844907562
0.11256735102750555
0.25297146309397034
---flow_allocation with ell_k_beta---
0.16967371741690054
0.23809256644950857
0.06983669968541789
0.2605138135475287
0.260216389648872
0.05332571070017934
0.09478439689443431
0.22135126182918594
0.26433824885748475
0.22401084817887695
0.0280774567559997
0.08514915519896454
0.06918548131921667
0.27369643381672265
0.19817442746268044
0.24485718372134604
0.26035505770946
0.26745890418042295
0.21319242987080927
0.14499136140212673
0.09526416603327323
0.15773189224860928
0.20753152282063633
0.1330183009970852
0.021332835064611363
0.27256388175599555
0.08413970480102337
0.0785869243806326
0.020106684391195246
0.026111974361429143
0.07948028567788476
0.03068913045034399
0.029428212183200995
0.047869639378188576
0.06552575740305443
0.06164949152955225
0.27755245825102487
0.019645829613071857
0.12484595612024563
0.23968206189914162
0.08515766340179551
0.23045773957945323
0.014054576023312315
0.09413341134901984
0.1740360153084052
0.16954895341369722
0.00019310805157355095
0.27755361304212717
0.2703673293869919
0.03431734905764329
0.23626008060116077
0.048533864976103916
0.03863524988768112
0.011023533421193957
0.10573407956207134
0.052316062870211
0.13747586915452775
0.06975269794555868
0.06733739647815667
0.0992617734444135
0.26889776458102915
0.04995268695723614
0.08239398194706564
0.25461209530120504
0.07815669950521399
0.26337979086825747
0.06611545520456497
0.20450961144977428
0.22691633053070132
0.13415832194865124
0.229874607324129
0.0475913421728049
0.11700870554535887
0.255561510531075
0.08831896364640132
0.09488479853051215
0.09843895684554645
0.26658790299153023
0.23726834361308954
0.13744544413411533
0.22580352167269058
0.016360428438863404
0.2020048043591143
0.07395606864289557
0.025877192292372092
0.10582675154802909
0.10125365771620146
0.13390857043428933
0.012987017282131055
0.02775703388874472
0.18685067629338875
0.2323130791162283
0.07057465403879792
0.25270118609904857
0.07123809456502035
0.16934486271203264
0.25721143694411674
0.041085502411589966
0.027408432256027872
0.18530772637544263
0.18598189155838588
0.0525912654216972
0.09114173874194081
0.2608112467590169
0.12902924276523436
0.20029437248001208
0.09471751213881693
0.14771479652437597
0.25028325841317206
0.1803951984621972
0.012804420595499173
0.06858406797571688
0.26917206471914595
0.12025901410802213
0.2396758688662141
0.22906779016972736
0.17408695649654599
0.05834220520138934
0.26301620861483793
0.2559088791449052
0.15028789460820532
0.10564682298761337
0.07125306959802406
0.12417855205294959
0.17778968241202087
0.13981668659583288
0.27917982898624627
0.06023343359680031
0.15201562972817878
0.19135033844907562
0.11256735102750555
0.25297146309397034
---flow_allocation with per_flow_loss---
0.18219348
0.25566077000000004
0.07498976
0.27973642
0.27941705
0.05726047
0.10177828
0.23768417
0.28384305
0.24054
0.030149216
0.09143208
0.07429049
0.29389175
0.21279718
0.26292453
0.27956595
0.28719396999999997
0.0
0.15568987999999997
0.10229345000000001
0.16937049999999998
0.22284471
0.14283336
0.022906927
0.29267563
0.090348145
0.08438564
0.021590302000000002
0.028038706
0.08534492
0.032953598
0.03159964
0.05140181
0.070360725
0.06619844000000001
0.2980323
0.021095442
0.13405799999999998
0.25736755
0.09144121599999999
0.24746259
0.015091625000000001
0.10107926
0.18687766
0.18205950999999998
0.00020735697
0.29803354000000004
0.290317
0.036849533000000004
0.25369307
0.052115047
0.04148604
0.01183693
0.11353591
0.05617632299999999
0.14761984
0.07489955999999999
0.07230604
0.10658603
0.28873899999999997
0.053638559999999995
0.08847361
0.27339923
0.08392367
0.28281387
0.070993935
0.21959982
0.24365987
0.1440575
0.24683643
0.051102978
0.12564246
0.2744187
0.09483578
0.10188609
0.1057025
0.2862587
0.25477573000000003
0.14758717
0.24246494999999998
0.017567620000000003
0.21691019
0.07941308600000001
0.0277866
0.11363542
0.10872489
0.14378932
0.0
0.0
0.20063788
0.24945483
0.075782166
0.27134732
0.07649456
0.18184036
0.27619036999999996
0.04411709
0.029430826
0.19898108
0.19970499
0.056471832
0.09786684
0.28005579999999997
0.13854996
0.21507355
0.10170646000000001
0.15861427
0.26875098000000003
0.19370607
0.013749223999999999
0.0736447
0.28903354000000003
0.1291326
0.2573609
0.24597008
0.18693236
0.062647118
0.28242345999999996
0.27479169999999997
0.16137723
0.113442215
0.07651063999999999
0.13334135
0.1909083
0.15013337999999998
0.29977974999999996
0.06467789500000001
0.16323245
0.20546956
0.12087339
0.27163754
---weights per flow per tunnel---
0.5,0.5,0.0,0.0
0.5,0.5,0.0,0.0
0.5,0.5,0.0,0.0
0.5,0.5,0.0,0.0
0.5,0.5,0.0,0.0
0.5,0.5,0.0,0.0
0.5,0.5,0.0,0.0
0.5,0.5,0.0,0.0
0.5,0.5,0.0,0.0
0.5,0.5,0.0,0.0
0.5,0.5,0.0,0.0
0.5,0.5,0.0,0.0
0.5,0.5,0.0,0.0
0.5,0.5,0.0,0.0
0.5132136095267561,0.48678639047324385,0.0,0.0
0.5,0.5,0.0,0.0
0.5,0.5,0.0,0.0
0.5,0.5,0.0,0.0
0.5,0.5,0.0,0.0
0.5,0.5,0.0,0.0
0.5,0.5,0.0,0.0
0.5,0.5,0.0,0.0
0.5,0.5,0.0,0.0
0.5,0.5,0.0,0.0
0.5,0.5,0.0,0.0
0.12102282961114293,0.7579543407777141,0.12102282961114293,0.0
0.6988142106058652,0.28949322092796986,0.011692568466165055,0.0
0.068722946859845,0.8625541062803099,0.068722946859845,0.0
0.33333333333333337,0.33333333333333337,0.33333333333333337,0.0
0.5,0.5,0.0,0.0
0.5,0.5,0.0,0.0
0.5,0.5,0.0,0.0
0.5,0.5,0.0,0.0
0.5,0.5,0.0,0.0
0.5,0.5,0.0,0.0
0.20362568911658252,0.7963743108834175,0.0,0.0
0.3333333333333333,0.3333333333333333,0.3333333333333333,0.0
0.2,0.2,0.4,0.2
0.33333333333333337,0.33333333333333337,0.33333333333333337,0.0
0.32712031626352017,0.26978191612662084,0.26978191612662084,0.1333158514832382
0.5,0.5,0.0,0.0
0.5,0.5,0.0,0.0
0.017376073429233137,0.9826239265707668,0.0,0.0
0.5,0.5,0.0,0.0
0.8286948288726035,0.1713051711273966,0.0,0.0
0.5,0.5,0.0,0.0
0.0001470389806963532,0.9997059220386072,0.0001470389806963532,0.0
0.36124117618080587,0.36124117618080587,0.2775176476383884,0.0
0.725915834183197,0.13704208290840145,0.13704208290840145,0.0
0.5,0.5,0.0,0.0
0.3333333333333333,0.3333333333333333,0.3333333333333333,0.0
0.5,0.5,0.0,0.0
0.5,0.5,0.0,0.0
0.5,0.5,0.0,0.0
0.5,0.5,0.0,0.0
0.5,0.5,0.0,0.0
0.7624144610056949,0.2375855389943052,0.0,0.0
0.5,0.5,0.0,0.0
0.32834271883168575,0.007485921752471342,0.3358286405841571,0.32834271883168575
0.3333333333333333,0.3333333333333333,0.3333333333333333,0.0
0.08474404342818395,0.830511913143632,0.08474404342818395,0.0
0.06612610845075469,0.8250873132096278,0.06612610845075469,0.042660469888862865
0.5,0.5,0.0,0.0
0.19737960352817654,0.8026203964718235,0.0,0.0
0.5,0.5,0.0,0.0
0.5,0.5,0.0,0.0
0.5,0.5,0.0,0.0
0.21561846916858826,0.7843815308314117,0.0,0.0
0.30103099078883355,0.6989690092111664,0.0,0.0
0.2858428140245302,0.4283143719509396,0.2858428140245302,0.0
0.27555988176751106,0.5278691610220821,0.1965709572104067,0.0
0.02835160100752036,0.9432967979849592,0.02835160100752036,0.0
0.11182264933294701,0.776354701334106,0.11182264933294701,0.0
0.5,0.5,0.0,0.0
0.5,0.5,0.0,0.0
0.5,0.5,0.0,0.0
0.5,0.5,0.0,0.0
0.7780367395371935,0.22196326046280634,0.0,0.0
0.6610966524144416,0.3389033475855585,0.0,0.0
0.3333333333333333,0.3333333333333333,0.3333333333333333,0.0
0.16896601680683018,0.08426035734609943,0.5778076090402402,0.16896601680683018
0.33333333333333337,0.33333333333333337,0.33333333333333337,0.0
0.3333333333333333,0.3333333333333333,0.3333333333333333,0.0
0.137304713132683,0.725390573734634,0.137304713132683,0.0
0.5,0.5,0.0,0.0
0.5,0.5,0.0,0.0
0.5,0.5,0.0,0.0
0.5,0.5,0.0,0.0
0.5,0.5,0.0,0.0
0.5,0.5,0.0,0.0
0.5,0.5,0.0,0.0
0.5,0.5,0.0,0.0
0.5,0.5,0.0,0.0
0.5,0.5,0.0,0.0
0.5,0.5,0.0,0.0
0.5,0.5,0.0,0.0
0.5,0.5,0.0,0.0
0.5000000000000009,0.49999999999999917,0.0,0.0
0.5,0.5,0.0,0.0
0.5,0.5,0.0,0.0
0.5,0.5,0.0,0.0
0.5,0.5,0.0,0.0
0.5,0.5,0.0,0.0
0.5,0.5,0.0,0.0
0.5,0.5,0.0,0.0
0.5,0.5,0.0,0.0
0.5,0.5,0.0,0.0
0.5,0.5,0.0,0.0
0.04151677450346259,0.5135874829403463,0.44489574255619113,0.0
0.4765670510079154,0.5234329489920846,0.0,0.0
0.5,0.5,0.0,0.0
0.5,0.5,0.0,0.0
0.5,0.5,0.0,0.0
0.5,0.5,0.0,0.0
0.5,0.5,0.0,0.0
0.5,0.5,0.0,0.0
0.5,0.5,0.0,0.0
0.5,0.5,0.0,0.0
0.5,0.5,0.0,0.0
0.04303161578867393,0.5206248874059152,0.43634349680541096,0.0
0.5,0.5,0.0,0.0
0.5,0.5,0.0,0.0
0.5,0.5,0.0,0.0
0.5,0.5,0.0,0.0
0.5,0.5,0.0,0.0
0.5,0.5,0.0,0.0
0.5,0.5,0.0,0.0
0.5,0.5,0.0,0.0
0.5,0.5,0.0,0.0
0.5,0.5,0.0,0.0
0.5469880931930988,0.4530119068069012,0.0,0.0
0.5,0.5,0.0,0.0
