---flow_allocation with alpha---
0.129297963546375
0.06651362850324438
0.048359092854065915
0.04064444718222988
0.11751981587126106
0.0338180770944396
0.14751227396550748
0.0
0.0
0.0
0.0
0.1293785567324387
0.08836849454806672
0.06945763274975716
0.031224706602269597
0.13044004865103295
0.14291712876312562
0.002917251580336883
0.0
0.0
0.0
0.0
0.1250941140253438
0.10170260729134237
0.14107530901961157
0.03085726595216069
0.06915521797068118
0.04810897652782936
0.024051834355283384
0.07394402594730924
0.12375602085560063
0.051361930688457444
0.0
0.03482949015570739
0.09634642798562672
0.033198603519850774
0.0070488257779553415
0.04895757326538452
0.02054911029700018
0.04226680288652929
0.006540588479233108
0.016056080795000007
0.009556538993101929
0.03385854996750182
0.012793175754396067
0.10064432418025768
0.08423332781452478
0.1322862575118252
0.12542366060040014
0.14869563925467116
0.12719886693069463
0.15221596679007515
0.1376056428320692
0.059216672487394775
0.0
0.004359144052490997
0.12019329414071545
0.030419195258922577
0.15082502537818043
0.018717723265544987
0.03567211381049398
0.004354883185321879
0.13049178811734127
0.05889774052495041
0.13523414502857245
0.07655846829006738
0.01484609108976953
0.10114583320234205
0.01212853872506706
0.06447989345708958
0.04094006112882943
0.0740369842833301
0.13157730521572827
0.1342196049128527
0.14735476648097068
0.08186408843924335
0.06508299598190041
0.14349786160755948
0.13310709908633603
0.09116687105122051
0.02009575995730262
0.12979168558972606
0.08253379926770768
0.11543998742933624
0.10428970323634404
0.1051696216140799
0.07874815240309913
0.14617160557445094
0.0
0.0
0.05911933014366186
0.04271137396975727
0.011486898830831909
0.14630232360393594
0.1521237902176673
0.051220666514546154
0.006006019031624852
0.05239726673819605
0.15338585304387226
0.0
0.0
0.08274780833415614
0.11857602960807609
0.14628992779658223
0.11382970256398674
0.0018847012660349015
0.03642293389119789
0.1484904952854027
0.04415298694864583
0.0661630254062982
0.0
0.0
0.02556474315376371
0.11271291492107999
0.09071702485195296
0.06236151844852147
0.00012453583772391067
0.1289583971122005
0.008532428149124006
0.05161173992977152
0.0556811061820601
0.0
0.0
0.07892598063200768
0.04808157903441191
0.10011115628663009
0.017682187431771947
0.024719255076222576
0.02825064533318537
0.052576668713462796
0.12160703443653943
0.02118564062513733
---flow_allocation with ell_k_beta---
0.12929796354637502
0.0665136285032444
0.04835909285406593
0.040644447182229884
0.11751981587126109
0.033818077094439604
0.14751227396550753
0.0
0.0
0.0
0.0
0.12937855673243873
0.08836849454806674
0.06945763274975718
0.031224706602269604
0.13044004865103298
0.14291712876312568
0.002917251580336884
0.0
0.0
0.0
0.0
0.12509411402534382
0.1017026072913424
0.1410753090196116
0.030857265952160696
0.0691552179706812
0.04810897652782937
0.02405183435528339
0.07394402594730926
0.12375602085560065
0.05136193068845746
0.0
0.034829490155707396
0.09634642798562675
0.03319860351985078
0.007048825777955343
0.048957573265384524
0.020549110297000184
0.042266802886529294
0.006540588479233109
0.01605608079500001
0.00955653899310193
0.03385854996750183
0.01279317575439607
0.10064432418025769
0.08423332781452479
0.13228625751182524
0.12542366060040017
0.1486956392546712
0.12719886693069465
0.15221596679007518
0.13760564283206922
0.05921667248739479
0.0
0.004359144052490998
0.12019329414071547
0.030419195258922584
0.15082502537818046
0.01871772326554499
0.035672113810494
0.00435488318532188
0.1304917881173413
0.05889774052495042
0.13523414502857248
0.07655846829006739
0.014846091089769534
0.10114583320234206
0.012128538725067061
0.0644798934570896
0.04094006112882944
0.07403698428333011
0.13157730521572833
0.13421960491285273
0.1473547664809707
0.08186408843924338
0.06508299598190043
0.1434978616075595
0.13310709908633606
0.09116687105122054
0.020095759957302624
0.1297916855897261
0.0825337992677077
0.11543998742933627
0.10428970323634407
0.10516962161407992
0.07874815240309914
0.14617160557445097
0.0
0.0
0.05911933014366187
0.04271137396975728
0.011486898830831913
0.146302323603936
0.15212379021766734
0.05122066651454617
0.006006019031624853
0.052397266738196065
0.15338585304387228
0.0
0.0
0.08274780833415615
0.11857602960807612
0.1462899277965823
0.11382970256398675
0.001884701266034902
0.0364229338911979
0.14849049528540273
0.044152986948645834
0.06616302540629822
0.0
0.0
0.025564743153763714
0.11271291492108002
0.09071702485195297
0.06236151844852148
0.0001245358377239107
0.12895839711220053
0.008532428149124008
0.051611739929771534
0.05568110618206011
0.0
0.0
0.07892598063200769
0.048081579034411924
0.1001111562866301
0.01768218743177195
0.024719255076222583
0.028250645333185376
0.05257666871346281
0.12160703443653946
0.021185640625137336
---flow_allocation with per_flow_loss---
0.0
0.0
0.0
0.0
0.0
0.0
0.0
0.0
0.0
0.0
0.0
0.0
0.0
0.0
0.0
0.0
0.0
0.0
0.0
0.0
0.0
0.0
0.0
0.0
0.27610037
0.060391167
0.1353446
0.09415472
0.047072166000000006
0.0
0.0
0.0
0.0
0.0
0.0
0.06497343
0.013795351
0.09581552
0.040216938
0.082720924
0.0
0.0
0.0
0.0
0.0
0.0
0.16485417000000002
0.2588992
0.24546832000000002
0.0
0.24894259999999999
0.0
0.0
0.0
0.0
0.0
0.0
0.059533813000000005
0.29518167
0.036632706
0.06981437
0.008523
0.0
0.0
0.0
0.0
0.0
0.0
0.023736925
0.12619446
0.0
0.14489877
0.2575117
0.0
0.0
0.0
0.0
0.0
0.0
0.1784239
0.039329680000000006
0.25401704
0.161528
0.22592914
0.0
0.0
0.0
0.0
0.0
0.0
0.0
0.0
0.0
0.0
0.0
0.0
0.01175446
0.10254738999999999
0.0
0.0
0.0
0.0
0.0
0.0
0.0
0.0
0.0
0.29061273
0.0864124
0.0
0.0
0.0
0.0
0.0
0.0
0.0
0.0
0.0
0.016698929
0.101010025
0.0
0.0
0.0
0.0
0.0
0.0
0.0
0.0
0.0
0.0
0.0
0.0
---weights per flow per tunnel---
0.5,0.5,0.0,0.0
0.5,0.5,0.0,0.0
0.5,0.5,0.0,0.0
0.9663404886691328,0.03365951133086716,0.0,0.0
0.9091682195284988,0.09083178047150109,0.0,0.0
0.5,0.5,0.0,0.0
0.5,0.5,0.0,0.0
0.0,0.0,0.0,0.0
0.0,0.0,0.0,0.0
0.0,0.0,0.0,0.0
0.0,0.0,0.0,0.0
0.9099287648451773,0.09007123515482277,0.0,0.0
0.5,0.5,0.0,0.0
0.5,0.5,0.0,0.0
0.5,0.5,0.0,0.0
0.7092375652085712,0.2907624347914289,0.0,0.0
0.5,0.5,0.0,0.0
0.5,0.5,0.0,0.0
0.0,0.0,0.0,0.0
0.0,0.0,0.0,0.0
0.0,0.0,0.0,0.0
0.0,0.0,0.0,0.0
0.5,0.5,0.0,0.0
0.5,0.5,0.0,0.0
0.8938291411100386,0.10617085888996138,0.0,0.0
0.3333333333333333,0.3333333333333333,0.3333333333333333,0.0
0.5,0.5,0.0,0.0
0.5,0.5,0.0,0.0
0.9253728547103879,0.03731357264480608,0.03731357264480608,0.0
0.0,1.0,0.0,0.0
1.0,0.0,0.0,0.0
0.0,1.0,0.0,0.0
0.0,0.0,0.0,0.0
0.9735087479456614,0.026491252054338426,0.0,0.0
0.5,0.5,0.0,0.0
0.6724128447115654,0.3275871552884346,0.0,0.0
0.9886355871715388,0.0056822064142305366,0.0056822064142305366,0.0
0.3333333333333333,0.0,0.3333333333333333,0.3333333333333333
0.9696054076674048,0.015197296166297638,0.015197296166297638,0.0
0.9532751568708291,0.023362421564585376,0.023362421564585376,0.0
0.5,0.5,0.0,0.0
0.5,0.5,0.0,0.0
0.5,0.5,0.0,0.0
0.5,0.5,0.0,0.0
0.5,0.5,0.0,0.0
0.8903180763576931,0.10968192364230685,0.0,0.0
0.3333333333333333,0.3333333333333333,0.3333333333333333,0.0
0.7513332049921204,0.12433339750393978,0.12433339750393978,0.0
0.5,0.5,0.0,0.0
0.24186633817049377,0.7581336618295061,0.0,0.0
0.8134333718915826,0.09328331405420873,0.09328331405420873,0.0
1.0,0.0,0.0,0.0
1.0,0.0,0.0,0.0
1.0,0.0,0.0,0.0
0.0,0.0,0.0,0.0
0.5,0.5,0.0,0.0
0.766154198364611,0.23384580163538912,0.0,0.0
0.9153467238181262,0.08465327618187374,0.0,0.0
0.0,0.33333333333333337,0.33333333333333337,0.33333333333333337
0.5,0.5,0.0,0.0
0.9668681419617563,0.0331318580382437,0.0,0.0
0.5,0.5,0.0,0.0
0.5,0.5,0.0,0.0
0.5,0.5,0.0,0.0
0.6453433965223254,0.3546566034776746,0.0,0.0
0.0,1.0,0.0,0.0
0.5,0.5,0.0,0.0
0.5,0.5,0.0,0.0
0.3333333333333333,0.3333333333333333,0.3333333333333333,0.0
0.8878949902768021,0.056052504861598934,0.056052504861598934,0.0
0.028048148916005343,0.9719518510839947,0.0,0.0
0.5,0.5,0.0,0.0
0.9273634621081845,0.07263653789181539,0.0,0.0
0.9216869055685849,0.07831309443141506,0.0,0.0
0.5,0.5,0.0,0.0
0.6922695547038878,0.30773044529611215,0.0,0.0
1.0,0.0,0.0,0.0
0.5,0.5,0.0,0.0
0.5,0.5,0.0,0.0
0.8925685763044446,0.05371571184777772,0.05371571184777772,0.0
0.9715797858812826,0.014210107059358794,0.014210107059358794,0.0
0.3333333333333333,0.3333333333333333,0.3333333333333333,0.0
0.5,0.5,0.0,0.0
0.9432117107818054,0.05678828921819464,0.0,0.0
1.0,0.0,0.0,0.0
1.0,0.0,0.0,0.0
0.5,0.5,0.0,0.0
1.0,0.0,0.0,0.0
0.0,0.0,0.0,0.0
0.0,0.0,0.0,0.0
0.0,1.0,0.0,0.0
0.5,0.5,0.0,0.0
0.0,1.0,0.0,0.0
1.0,0.0,0.0,0.0
0.8951041524969434,0.10489584750305657,0.0,0.0
0.5,0.5,0.0,0.0
0.9941397344658832,0.005860265534116661,0.0,0.0
0.5,0.5,0.0,0.0
0.45086204180387673,0.5491379581961233,0.0,0.0
0.0,0.0,0.0,0.0
0.0,0.0,0.0,0.0
1.0,0.0,0.0,0.0
0.5,0.5,0.0,0.0
0.0,1.0,0.0,0.0
0.5076447419025412,0.4923552580974588,0.0,0.0
0.5,0.5,0.0,0.0
1.0,0.0,0.0,0.0
0.5,0.5,0.0,0.0
1.0,0.0,0.0,0.0
0.5,0.5,0.0,0.0
0.0,0.0,0.0,0.0
0.0,0.0,0.0,0.0
1.0,0.0,0.0,0.0
0.5,0.5,0.0,0.0
1.0,0.0,0.0,0.0
0.5,0.5,0.0,0.0
0.5,0.5,0.0,0.0
0.5,0.5,0.0,0.0
0.5,0.5,0.0,0.0
1.0,0.0,0.0,0.0
0.9625629677304512,0.037437032269548746,0.0,0.0
0.0,0.0,0.0,0.0
0.0,0.0,0.0,0.0
0.0,1.0,0.0,0.0
0.5,0.5,0.0,0.0
1.0,0.0,0.0,0.0
0.5,0.5,0.0,0.0
0.5,0.5,0.0,0.0
0.5,0.5,0.0,0.0
0.21349250204455616,0.7865074979554438,0.0,0.0
0.7612132197173447,0.23878678028265526,0.0,0.0
0.9875865631183639,0.012413436881636158,0.0,0.0
