---flow_allocation with alpha---
0.07254712884486185
0.06686960763550169
0.030350201951215374
0.07313043450059982
0.012166465104866646
0.28074547189970606
0.1638310993880558
0.0
0.0
0.0
0.0
0.07250797243742593
0.16014255298074914
0.11343110493934538
0.08884448738606512
0.2969674628667127
0.09316909724438746
0.151833708364852
0.0
0.0
0.0
0.0
0.15192383174283353
0.23526895784668136
0.2914848455490712
0.06808187264414434
0.24521935726659103
0.1856695755214848
0.10156823297391597
0.0
0.0
0.0
0.0
0.0814160378621905
0.2819743328708804
0.2885081100388898
0.054364689976438826
0.12799305564704633
0.22245343619135788
0.10438254117422965
0.2854369393578457
0.28742051208529384
0.1607962928092177
0.008427111569221948
0.006788882371137696
0.06575412116341824
0.1023634282226201
0.019137428963972573
0.22625154357842214
0.13027633251355608
0.2460884746028622
0.09013674749947947
0.004591950143756503
0.22761243223963054
0.0
0.2566876409825627
0.23558935760489294
0.2331702789962276
0.26955247198553917
0.03336591379967915
0.2082695616384079
0.04619650946318211
0.03206356241356601
0.18809801772613266
0.1276035833349088
0.1373773916493418
0.15978147732745013
0.18094804884821272
0.11787217760607639
0.19035108244206445
0.27417501982519826
0.12547448019761404
0.03735739523066742
0.18007194088206416
0.20293869574986156
0.05606491575072628
0.12367449413892134
0.12235113386266508
0.013452157874249436
0.05170998027359223
0.0004973222402647244
0.23404715657300487
0.029576350077273744
0.16904309990167948
0.25830737535189086
0.06946676723688641
0.044485105094512756
0.0957924137403451
0.0
0.0
0.0
0.0808883612413835
0.0
0.27021024240300545
0.17855933532557083
0.2970697520127095
0.29033720809963365
0.16008947944777757
0.030814745833461523
0.0
0.0
0.0
0.06025732524996332
0.0
0.057500982543514954
0.2740005747493593
0.286814966655747
0.2915788761810138
0.016465015256624964
0.01683218760745571
0.0
0.0
0.0
0.11106928832149633
0.0
0.1415419323636972
0.2450129240156463
0.024396782731568024
0.2740358781702502
0.06851286939642146
0.18545081863367796
0.0
0.0
0.0
0.2759623270421232
0.0
0.1693753052895993
0.27639667850739724
0.2070207055910917
0.1942761657160615
0.15047789617375218
0.060386750570723985
---flow_allocation with ell_k_beta---
0.07254712884486185
0.06686960763550169
0.030350201951215374
0.07313043450059982
0.012166465104866646
0.28074547189970606
0.1638310993880558
0.0
0.0
0.0
0.0
0.07250797243742593
0.16014255298074914
0.11343110493934538
0.08884448738606512
0.2969674628667127
0.09316909724438746
0.151833708364852
0.0
0.0
0.0
0.0
0.15192383174283353
0.23526895784668136
0.2914848455490712
0.06808187264414434
0.24521935726659103
0.1856695755214848
0.10156823297391597
0.0
0.0
0.0
0.0
0.0814160378621905
0.2819743328708804
0.2885081100388898
0.054364689976438826
0.12799305564704633
0.22245343619135788
0.10438254117422965
0.2854369393578457
0.28742051208529384
0.1607962928092177
0.008427111569221948
0.006788882371137696
0.06575412116341824
0.1023634282226201
0.019137428963972573
0.22625154357842214
0.13027633251355608
0.2460884746028622
0.09013674749947947
0.004591950143756503
0.22761243223963054
0.0
0.2566876409825627
0.23558935760489294
0.2331702789962276
0.26955247198553917
0.03336591379967915
0.2082695616384079
0.04619650946318211
0.03206356241356601
0.18809801772613266
0.1276035833349088
0.1373773916493418
0.15978147732745013
0.18094804884821272
0.11787217760607639
0.19035108244206445
0.27417501982519826
0.12547448019761404
0.03735739523066742
0.18007194088206416
0.20293869574986156
0.05606491575072628
0.12367449413892134
0.12235113386266508
0.013452157874249436
0.05170998027359223
0.0004973222402647244
0.23404715657300487
0.029576350077273744
0.16904309990167948
0.25830737535189086
0.06946676723688641
0.044485105094512756
0.0957924137403451
0.0
0.0
0.0
0.0808883612413835
0.0
0.27021024240300545
0.17855933532557083
0.2970697520127095
0.29033720809963365
0.16008947944777757
0.030814745833461523
0.0
0.0
0.0
0.06025732524996332
0.0
0.057500982543514954
0.2740005747493593
0.286814966655747
0.2915788761810138
0.016465015256624964
0.01683218760745571
0.0
0.0
0.0
0.11106928832149633
0.0
0.1415419323636972
0.2450129240156463
0.024396782731568024
0.2740358781702502
0.06851286939642146
0.18545081863367796
0.0
0.0
0.0
0.2759623270421232
0.0
0.1693753052895993
0.27639667850739724
0.2070207055910917
0.1942761657160615
0.15047789617375218
0.060386750570723985
---flow_allocation with per_flow_loss---
0.14705296
0.0
0.0
0.0
0.0
0.0
0.0
0.0
0.0
0.0
0.0
0.14697359000000002
0.0
0.0
0.0
0.0
0.0
0.0
0.0
0.0
0.0
0.0
0.0
0.0
0.04025827700000073
0.13800189000000002
0.4970594
0.37635205
0.20587871000000002
0.0
0.0
0.0
0.0
0.0
0.0
0.30508658100000036
0.11019717400000001
0.2594418
0.4509129
0.21158331000000002
0.0
0.0
0.0
0.0
0.0
0.0
0.20749056999999999
0.03879155
0.45861166
0.26406999999999997
0.0
0.0
0.0
0.0
0.0
0.0
0.0
0.47263593
0.5463826
0.067632675
0.4221622
0.09364028
0.0
0.0
0.0
0.0
0.0
0.0
0.23892679
0.38584145999999997
0.5557525000000001
0.25433665
0.07572340400000001
0.0
0.0
0.0
0.0
0.0
0.0
0.10481608
0.0010080717
0.0
0.059951233
0.34265019999999996
0.0
0.0
0.0
0.0
0.0
0.0
0.0
0.0
0.0
0.0
0.0
0.0
0.58851324
0.0
0.0
0.0
0.0
0.0
0.0
0.0
0.0
0.0
0.0
0.5910301
0.03337457
0.0
0.0
0.0
0.0
0.0
0.0
0.0
0.0
0.0
0.0
0.13887552
0.0
0.0
0.0
0.0
0.0
0.0
0.0
0.0
0.0
0.0
0.0
0.0
---weights per flow per tunnel---
1.0,0.0,0.0,0.0
0.8132670651062007,0.18673293489379916,0.0,0.0
0.5,0.5,0.0,0.0
0.5,0.5,0.0,0.0
0.5,0.5,0.0,0.0
0.5,0.5,0.0,0.0
0.5,0.5,0.0,0.0
0.0,0.0,0.0,0.0
0.0,0.0,0.0,0.0
0.0,0.0,0.0,0.0
0.0,0.0,0.0,0.0
1.0,0.0,0.0,0.0
0.5,0.5,0.0,0.0
0.5,0.5,0.0,0.0
0.7972250281558386,0.2027749718441614,0.0,0.0
0.4713578346525974,0.5286421653474025,0.0,0.0
0.5,0.5,0.0,0.0
0.5,0.5,0.0,0.0
0.0,0.0,0.0,0.0
0.0,0.0,0.0,0.0
0.0,0.0,0.0,0.0
0.0,0.0,0.0,0.0
0.5,0.5,0.0,0.0
0.5,0.5,0.0,0.0
0.4835268643662139,0.4835268643662139,0.03294627126757236,0.0
0.3333333333333333,0.3333333333333333,0.3333333333333333,0.0
0.6703447164018485,0.16482764179907577,0.16482764179907577,0.0
0.3333333333333333,0.3333333333333333,0.3333333333333333,0.0
0.3333333333333333,0.3333333333333333,0.3333333333333333,0.0
0.0,0.0,0.0,0.0
0.0,0.0,0.0,0.0
0.0,0.0,0.0,0.0
0.0,0.0,0.0,0.0
0.5,0.5,0.0,0.0
0.5,0.5,0.0,0.0
0.6243798546074314,0.24684425474791502,0.12877589064465364,0.0
0.3333333333333333,0.3333333333333333,0.3333333333333333,0.0
0.1718302495650014,0.16591162867845324,0.005918620886548164,0.6563395008699972
0.25813470652088666,0.4837305869582266,0.25813470652088666,0.0
0.3333333333333333,0.3333333333333333,0.3333333333333333,0.0
0.0,1.0,0.0,0.0
1.0,0.0,0.0,0.0
0.7124051245600637,0.2875948754399363,0.0,0.0
0.0,1.0,0.0,0.0
0.5,0.5,0.0,0.0
0.5,0.5,0.0,0.0
0.33333333333333337,0.33333333333333337,0.33333333333333337,0.0
0.9115523774686985,0.04422381126565071,0.04422381126565071,0.0
0.5,0.5,0.0,0.0
0.5,0.5,0.0,0.0
0.5424804437202022,0.45751955627979785,0.0,0.0
0.0,1.0,0.0,0.0
0.0,1.0,0.0,0.0
0.0,1.0,0.0,0.0
0.0,0.0,0.0,0.0
0.5,0.4999999999999999,0.0,0.0
0.5,0.5,0.0,0.0
0.6321935297955626,0.1839032351022187,0.1839032351022187,0.0
0.2513199357496151,0.2513199357496151,0.12302009637557731,0.3743400321251924
0.5,0.5,0.0,0.0
0.5,0.5,0.0,0.0
0.8364718264997566,0.08176408675012167,0.08176408675012167,0.0
0.5,0.5,0.0,0.0
0.5349816248700224,0.4650183751299775,0.0,0.0
0.5,0.5,0.0,0.0
1.0,0.0,0.0,0.0
0.5,0.5000000000000001,0.0,0.0
0.5,0.5,0.0,0.0
0.33333333333333337,0.33333333333333337,0.33333333333333337,0.0
0.5422269182565925,0.22888654087170374,0.22888654087170374,0.0
0.5,0.5,0.0,0.0
0.5,0.5,0.0,0.0
0.8897520137537042,0.05512399312314785,0.05512399312314785,0.0
0.6404772166581347,0.3595227833418652,0.0,0.0
0.5,0.5,0.0,0.0
1.0,0.0,0.0,0.0
0.8568773965232891,0.143122603476711,0.0,0.0
0.5,0.5,0.0,0.0
0.5,0.5,0.0,0.0
0.3333333333333333,0.3333333333333333,0.3333333333333333,0.0
0.9990463462615309,0.0004768268692346586,0.0004768268692346586,0.0
0.26257216012693124,0.7374278398730688,0.0,0.0
0.8626510888309403,0.0686744555845298,0.0686744555845298,0.0
0.33333333333333337,0.33333333333333337,0.33333333333333337,0.0
0.44160582321587777,0.5583941767841222,0.0,0.0
0.5,0.5,0.0,0.0
0.5,0.5,0.0,0.0
0.5,0.5,0.0,0.0
0.0,0.0,0.0,0.0
0.0,0.0,0.0,0.0
0.0,0.0,0.0,0.0
0.5,0.5,0.0,0.0
0.0,0.0,0.0,0.0
0.8178734144836789,0.18212658551632108,0.0,0.0
0.5,0.5,0.0,0.0
0.6524558663431872,0.3475441336568128,0.0,0.0
0.5,0.5,0.0,0.0
0.5,0.5,0.0,0.0
0.5305794389232146,0.46942056107678537,0.0,0.0
0.0,0.0,0.0,0.0
0.0,0.0,0.0,0.0
0.0,0.0,0.0,0.0
0.5,0.5,0.0,0.0
0.0,0.0,0.0,0.0
1.0,0.0,0.0,0.0
0.5749675903538862,0.42503240964611383,0.0,0.0
1.0,0.0,0.0,0.0
0.5,0.5,0.0,0.0
0.9739063040943641,0.013046847952818007,0.013046847952818007,0.0
0.9826886467789188,0.017311353221081207,0.0,0.0
0.0,0.0,0.0,0.0
0.0,0.0,0.0,0.0
0.0,0.0,0.0,0.0
1.0,0.0,0.0,0.0
0.0,0.0,0.0,0.0
1.0,0.0,0.0,0.0
0.5,0.5,0.0,0.0
0.0,1.0,0.0,0.0
0.20510875941450904,0.794891240585491,0.0,0.0
0.33333333333333337,0.33333333333333337,0.33333333333333337,0.0
0.5,0.5,0.0,0.0
0.0,0.0,0.0,0.0
0.0,0.0,0.0,0.0
0.0,0.0,0.0,0.0
0.5,0.5,0.0,0.0
0.0,0.0,0.0,0.0
0.5,0.5,0.0,0.0
1.0,0.0,0.0,0.0
0.5,0.5,0.0,0.0
0.8524815538450551,0.14751844615494492,0.0,0.0
0.908337099986114,0.09166290001388609,0.0,0.0
0.8043861574081018,0.19561384259189826,0.0,0.0
