---flow_allocation with alpha---
0.12197519767188389
0.1124294474426925
0.051028509898683384
0.12295592321946436
0.02045576454593615
0.4720239791113154
0.2754530889209061
0.07645608996381517
0.35382961296448256
0.332620572797028
0.3668795185679326
0.1219093630811404
0.2692514489067953
0.1907143903200351
0.14937633071801443
0.4992983948785259
0.15664739920441403
0.2552815926135672
0.21851612979543839
0.1408555164898069
0.027845977301132443
0.2881939526720289
0.255433119173187
0.3955632441467674
0.4900803411563905
0.11446765717496321
0.4122930852236364
0.31217063357968944
0.17076906407516354
0.37622357622958985
0.43181934116132226
0.07451015814788835
0.3215181832865404
0.13688670344402765
0.4740900920265596
0.4850754855810894
0.09140463464001666
0.21519774127191565
0.37401620552420306
0.17550082678595172
0.47991185392716784
0.48324688150688694
0.27035059708913006
0.014168701309420155
0.01141430794541136
0.11055395374502111
0.1721060445896625
0.032176210388752235
0.3804020529959465
0.21903666848470355
0.4137543526863149
0.15154903810543258
0.007720554009544439
0.3826901471783543
0.0783334126305251
0.4315749809441996
0.3961019398121114
0.39203468592937313
0.45320492453520056
0.056098897310215855
0.35016852292260814
0.07767128021802863
0.053909223228156666
0.31625363069705426
0.2145429122936071
0.2309758465825635
0.2686443639003048
0.30423221949693524
0.1981812704712553
0.3200417615089711
0.4609769231720576
0.21096320100564275
0.06280986911985943
0.3027591985234739
0.3412056124550108
0.09426326430886305
0.2079368420192633
0.20571184519502428
0.02261743010304089
0.08694120864477665
0.0008361596045052885
0.3935090008673243
0.049727414503238615
0.284216148231974
0.4342982785166954
0.11679611309588146
0.07479385571496708
0.16105804306096974
0.32763026125817324
0.12371883970589663
0.4138118179810951
0.13599950830406007
0.49059087650479183
0.4543108494418187
0.30021601914903706
0.49947037603065847
0.48815079126269095
0.26916221512486027
0.05180955847726199
0.4214186287793914
0.041947962506500895
0.2663427660371952
0.1013120612155533
0.04011905381149097
0.09667775725585488
0.46068362455435696
0.48222876370340734
0.49023843707418946
0.027683018233459058
0.028300353761209616
0.14657566070474054
0.24113048175602939
0.304379042993313
0.18674341237212858
0.1352888646651603
0.23797778704436148
0.41194600413316523
0.041018885841845064
0.460742981028007
0.11519230217321476
0.3118028324680922
0.0
0.0
0.1433465391417295
0.463981964922931
0.2282206208510123
0.28477469298080665
0.4647122502792153
0.34806879181456013
0.32664109653225243
0.253002033620006
0.10152966705791942
---flow_allocation with ell_k_beta---
0.12197519767188389
0.1124294474426925
0.051028509898683384
0.12295592321946436
0.02045576454593615
0.4720239791113154
0.2754530889209061
0.07645608996381517
0.35382961296448256
0.332620572797028
0.3668795185679326
0.1219093630811404
0.2692514489067953
0.1907143903200351
0.14937633071801443
0.4992983948785259
0.15664739920441403
0.2552815926135672
0.21851612979543839
0.1408555164898069
0.027845977301132443
0.2881939526720289
0.255433119173187
0.3955632441467674
0.4900803411563905
0.11446765717496321
0.4122930852236364
0.31217063357968944
0.17076906407516354
0.37622357622958985
0.43181934116132226
0.07451015814788835
0.3215181832865404
0.13688670344402765
0.4740900920265596
0.4850754855810894
0.09140463464001666
0.21519774127191565
0.37401620552420306
0.17550082678595172
0.47991185392716784
0.48324688150688694
0.27035059708913006
0.014168701309420155
0.01141430794541136
0.11055395374502111
0.1721060445896625
0.032176210388752235
0.3804020529959465
0.21903666848470355
0.4137543526863149
0.15154903810543258
0.007720554009544439
0.3826901471783543
0.0783334126305251
0.4315749809441996
0.3961019398121114
0.39203468592937313
0.45320492453520056
0.056098897310215855
0.35016852292260814
0.07767128021802863
0.053909223228156666
0.31625363069705426
0.2145429122936071
0.2309758465825635
0.2686443639003048
0.30423221949693524
0.1981812704712553
0.3200417615089711
0.4609769231720576
0.21096320100564275
0.06280986911985943
0.3027591985234739
0.3412056124550108
0.09426326430886305
0.2079368420192633
0.20571184519502428
0.02261743010304089
0.08694120864477665
0.0008361596045052885
0.3935090008673243
0.049727414503238615
0.284216148231974
0.4342982785166954
0.11679611309588146
0.07479385571496708
0.16105804306096974
0.32763026125817324
0.12371883970589663
0.4138118179810951
0.13599950830406007
0.49059087650479183
0.4543108494418187
0.30021601914903706
0.49947037603065847
0.48815079126269095
0.26916221512486027
0.05180955847726199
0.4214186287793914
0.041947962506500895
0.2663427660371952
0.1013120612155533
0.04011905381149097
0.09667775725585488
0.46068362455435696
0.48222876370340734
0.49023843707418946
0.027683018233459058
0.028300353761209616
0.14657566070474054
0.24113048175602939
0.304379042993313
0.18674341237212858
0.1352888646651603
0.23797778704436148
0.41194600413316523
0.041018885841845064
0.460742981028007
0.11519230217321476
0.3118028324680922
0.0
0.0
0.1433465391417295
0.463981964922931
0.2282206208510123
0.28477469298080665
0.4647122502792153
0.34806879181456013
0.32664109653225243
0.253002033620006
0.10152966705791942
---flow_allocation with per_flow_loss---
0.14705296
0.13554463
0.06151983
0.14823532
0.024661413
0.5690708
0.33208548000000004
0.0
0.0
0.0
0.0
0.14697359000000002
0.3246088
0.22992474000000002
0.18008769000000002
0.60195276
0.18885367
0.30776677999999996
0.0
0.0
0.0
0.0
0.30794946
0.47688995
0.5908395000000001
0.13800189000000002
0.4970594
0.37635205
0.20587871000000002
0.4535741
0.5206002
0.08982924
0.0
0.16503023
0.5715617
0.58480566
0.11019717400000001
0.2594418
0.4509129
0.21158331000000002
0.5785804000000001
0.5826011
0.26586529175000084
0.0
0.013761058
0.13328353999999998
0.20749056999999999
0.03879155
0.45861166
0.26406999999999997
0.4988211
0.18270709999999998
0.0093078785
0.46137018
0.094438545
0.5203056
0.4775394
0.47263593
0.5463826
0.067632675
0.4221622
0.09364028
0.06499281000000001
0.3228140382499993
0.25865234
0.0
0.32387689999999997
0.36678152
0.23892679
0.38584145999999997
0.5557525000000001
0.25433665
0.07572340400000001
0.36500565
0.41135654
0.11364352999999999
0.0
0.24800563
0.027267510999999998
0.10481608
0.0010080717
0.47441336
0.059951233
0.34265019999999996
0.5235888
0.14080906999999998
0.090171265
0.0
0.0
0.0
0.49889037999999997
0.16396063
0.5914550000000001
0.5477159
0.3619396
0.6021601000000001
0.58851324
0.32450122
0.06246146
0.0
0.0
0.3211021
0.12214154
0.04836742
0.116554436
0.5553989
0.58137366
0.5910301
0.03337457
0.034118828000000004
0.0
0.0
0.36695853
0.201249640250001
0.16310388
0.28690536
0.49664096
0.049452255
0.55547046
0.13887552
0.37590863
0.0
0.0
0.0
0.0
0.09024366925000038
0.0
0.0
0.0
0.39379759999999997
0.30501855
0.122403885
---weights per flow per tunnel---
0.8485368706052885,0.1514631293947115,0.0,0.0
0.5,0.5,0.0,0.0
0.5,0.5,0.0,0.0
0.5,0.5,0.0,0.0
0.7001491100273184,0.2998508899726816,0.0,0.0
0.5,0.5,0.0,0.0
0.5,0.5,0.0,0.0
1.0,0.0,0.0,0.0
0.0,1.0,0.0,0.0
1.0,0.0,0.0,0.0
1.0,0.0,0.0,0.0
0.8704056306347313,0.12959436936526872,0.0,0.0
0.5,0.5,0.0,0.0
0.5,0.5,0.0,0.0
1.0,0.0,0.0,0.0
0.5,0.5,0.0,0.0
0.5,0.5,0.0,0.0
0.5,0.5,0.0,0.0
1.0,0.0,0.0,0.0
0.0,1.0,0.0,0.0
1.0,0.0,0.0,0.0
1.0,0.0,0.0,0.0
0.5,0.5,0.0,0.0
0.5,0.5,0.0,0.0
0.5,0.5,0.0,0.0
0.0,0.5,0.5,0.0
1.0,0.0,0.0,0.0
0.0,0.5947909671480688,0.40520903285193116,0.0
0.5,0.0,0.5,0.0
0.38550956989288054,0.6144904301071196,0.0,0.0
0.0,1.0,0.0,0.0
0.0,1.0,0.0,0.0
1.0,0.0,0.0,0.0
0.5,0.5,0.0,0.0
0.5,0.5,0.0,0.0
1.0,0.0,0.0,0.0
0.5,0.5,0.0,0.0
0.5,0.09002013120090993,0.0,0.40997986879909004
0.0,0.5,0.5,0.0
0.8885705008499307,0.0,0.1114294991500693,0.0
0.5,0.5,0.0,0.0
1.0,0.0,0.0,0.0
0.3602152527689249,0.639784747231075,0.0,0.0
1.0,0.0,0.0,0.0
0.5,0.5,0.0,0.0
1.0,0.0,0.0,0.0
0.20646086357915058,0.7935391364208494,0.0,0.0
0.9233158336294089,0.07668416637059121,0.0,0.0
1.0,0.0,0.0,0.0
0.5,0.5,0.0,0.0
0.7353761213184531,0.264623878681547,0.0,0.0
0.0,1.0,0.0,0.0
0.0,1.0,0.0,0.0
0.0,1.0,0.0,0.0
0.5,0.5,0.0,0.0
0.5,0.5,0.0,0.0
0.5,0.5,0.0,0.0
0.693250593901713,0.0,0.30674940609828694,0.0
0.0,0.3716021407318813,0.0,0.6283978592681188
1.0,0.0,0.0,0.0
0.5,0.5,0.0,0.0
0.11603156630561583,0.8839684336943842,0.0,0.0
0.0,1.0,0.0,0.0
0.8466709372119019,0.15332906278809805,0.0,0.0
0.0,1.0,0.0,0.0
1.0,0.0,0.0,0.0
0.5,0.5,0.0,0.0
0.5,0.5,0.0,0.0
0.5130882476062707,0.4869117523937293,0.0,0.0
0.42368314869454404,0.42368314869454404,0.152633702610912,0.0
0.4323517899154758,0.5,0.06764821008452421,0.0
0.7125974972269165,0.28740250277308355,0.0,0.0
0.9344827774787041,0.0,0.0655172225212958,0.0
0.0,1.0,0.0,0.0
1.0,0.0,0.0,0.0
0.0,1.0,0.0,0.0
1.0,0.0,0.0,0.0
0.5,0.5,0.0,0.0
0.5,0.5,0.0,0.0
0.5,0.5,0.0,0.0
0.9336352837504391,0.06636471624956096,0.0,0.0
0.5,0.5,0.0,0.0
0.3333333333333333,0.3333333333333333,0.3333333333333333,0.0
0.8796418611823488,0.0,0.12035813881765126,0.0
1.0,0.0,0.0,0.0
1.0,0.0,0.0,0.0
0.0,1.0,0.0,0.0
0.0,1.0,0.0,0.0
0.0,1.0,0.0,0.0
1.0,0.0,0.0,0.0
0.0,1.0,0.0,0.0
0.0,1.0,0.0,0.0
0.0,1.0,0.0,0.0
0.0,1.0,0.0,0.0
0.0,1.0,0.0,0.0
1.0,0.0,0.0,0.0
0.5,0.5,0.0,0.0
0.9214165036457206,0.07858349635427947,0.0,0.0
0.045153121927444716,0.9548468780725553,0.0,0.0
0.0,1.0,0.0,0.0
0.0,1.0,0.0,0.0
0.0,1.0,0.0,0.0
0.0,1.0,0.0,0.0
0.0,1.0,0.0,0.0
1.0,0.0,0.0,0.0
1.0,0.0,0.0,0.0
1.0,0.0,0.0,0.0
0.4661299276881464,0.5338700723118536,0.0,0.0
0.016925491431956267,0.0,0.9830745085680437,0.0
0.9006103848419363,0.09938961515806372,0.0,0.0
1.0,0.0,0.0,0.0
1.0,0.0,0.0,0.0
0.0,1.0,0.0,0.0
0.8938972106981499,0.10610278930185012,0.0,0.0
0.0,1.0,0.0,0.0
0.0,1.0,0.0,0.0
1.0,0.0,0.0,0.0
0.0,1.0,0.0,0.0
0.6891765757334423,0.3108234242665578,0.0,0.0
0.05232357886197419,0.0,0.9476764211380257,0.0
0.21944928396974225,0.7805507160302577,0.0,0.0
0.0,0.0,0.0,0.0
0.0,0.0,0.0,0.0
1.0,0.0,0.0,0.0
1.0,0.0,0.0,0.0
0.6720107403755706,0.3279892596244293,0.0,0.0
1.0,0.0,0.0,0.0
1.0,0.0,0.0,0.0
0.0,1.0,0.0,0.0
0.5,0.5,0.0,0.0
0.8602935527569414,0.13970644724305867,0.0,0.0
0.5,0.5,0.0,0.0
