---flow_allocation with alpha---
0.21028204377913579
0.10817356559379886
0.07864817512775964
0.06610156252528274
0.1911268080961924
0.054999585245196304
0.2399046481567294
0.18064668374238332
0.24359037717346477
0.14716002872597606
0.07720272543755317
0.21041311544813443
0.14371693976903213
0.11296150820999575
0.05078189122734416
0.2121394588798078
0.23243139414625788
0.004744433769145408
0.04174707612684266
0.011480384088632032
0.107083858357226
0.00646313153350789
0.20344516835761903
0.16540269879207928
0.22943597481159844
0.05018430895494648
0.11246967990838212
0.07824140172761487
0.039116384714382606
0.12025789482663178
0.20126897811623462
0.08353180097641182
0.10361431075613754
0.05664448358539346
0.156691746969165
0.05399211253828872
0.011463765168272537
0.07962150587947495
0.03341977547501156
0.06874005940396295
0.010637200116752862
0.026112595991850725
0.015542151599346039
0.055065407770406354
0.020806013260179567
0.16368157396232885
0.13699176569631896
0.21514201639767086
0.2039811220990591
0.24182919874296793
0.2068682055845627
0.2475544371660094
0.22379312880586005
0.09630625707405585
0.147079622368959
0.007089436641874863
0.19547478434485419
0.049471858440126006
0.2452922978805337
0.030441323244502324
0.05801487349259117
0.007082507036550706
0.21222360468087803
0.09578756626833998
0.21993627451937964
0.12450985877176157
0.024144745136440153
0.16449719656956158
0.019725089562193637
0.10486602732884158
0.0665823303823749
0.12040907639476035
0.2139890211479684
0.2182862905352703
0.2396484879292171
0.13313858437488627
0.10584687519409114
0.23337586137580882
0.21647698130487228
0.1482680426186577
0.03268247510797696
0.21108500213584214
0.134227759779416
0.1877443064427842
0.16961018828260435
0.17104123197234314
0.1280710227521507
0.2377242697380056
0.0183664548051237
0.06720659317259758
0.09614794563259942
0.06946308174261528
0.018681566952639138
0.2379368612873615
0.24740452700885887
0.08330205784366569
0.009767810120949644
0.08521560615451243
0.24945706630022108
0.004209920129159558
0.222064433679371
0.1345758106121262
0.19284456742629508
0.23791670152897756
0.18512544081439514
0.003065159135261995
0.05923595986356255
0.2414955655445513
0.0718076300651454
0.10760336685470817
0.15803525442855887
0.08754133759456742
0.041576884056135764
0.18330916790818277
0.14753644116436002
0.10142083597335223
0.0002025372230316533
0.20972979437149994
0.013876602387112597
0.0839380749530286
0.09055623527780562
0.17369694358946863
0.1690426071543508
0.12836023135521663
0.0781968441742534
0.16281446336542285
0.02875719315026287
0.04020183563263547
0.04594506576749773
0.08550737419928581
0.1977740022955852
0.03445498820889252
---flow_allocation with ell_k_beta---
0.21028204377913579
0.10817356559379886
0.07864817512775964
0.06610156252528274
0.1911268080961924
0.054999585245196304
0.2399046481567294
0.18064668374238332
0.24359037717346477
0.14716002872597606
0.07720272543755317
0.21041311544813443
0.14371693976903213
0.11296150820999575
0.05078189122734416
0.2121394588798078
0.23243139414625788
0.004744433769145408
0.04174707612684266
0.011480384088632032
0.107083858357226
0.00646313153350789
0.20344516835761903
0.16540269879207928
0.22943597481159844
0.05018430895494648
0.11246967990838212
0.07824140172761487
0.039116384714382606
0.12025789482663178
0.20126897811623462
0.08353180097641182
0.10361431075613754
0.05664448358539346
0.156691746969165
0.05399211253828872
0.011463765168272537
0.07962150587947495
0.03341977547501156
0.06874005940396295
0.010637200116752862
0.026112595991850725
0.015542151599346039
0.055065407770406354
0.020806013260179567
0.16368157396232885
0.13699176569631896
0.21514201639767086
0.2039811220990591
0.24182919874296793
0.2068682055845627
0.2475544371660094
0.22379312880586005
0.09630625707405585
0.147079622368959
0.007089436641874863
0.19547478434485419
0.049471858440126006
0.2452922978805337
0.030441323244502324
0.05801487349259117
0.007082507036550706
0.21222360468087803
0.09578756626833998
0.21993627451937964
0.12450985877176157
0.024144745136440153
0.16449719656956158
0.019725089562193637
0.10486602732884158
0.0665823303823749
0.12040907639476035
0.2139890211479684
0.2182862905352703
0.2396484879292171
0.13313858437488627
0.10584687519409114
0.23337586137580882
0.21647698130487228
0.1482680426186577
0.03268247510797696
0.21108500213584214
0.134227759779416
0.1877443064427842
0.16961018828260435
0.17104123197234314
0.1280710227521507
0.2377242697380056
0.0183664548051237
0.06720659317259758
0.09614794563259942
0.06946308174261528
0.018681566952639138
0.2379368612873615
0.24740452700885887
0.08330205784366569
0.009767810120949644
0.08521560615451243
0.24945706630022108
0.004209920129159558
0.222064433679371
0.1345758106121262
0.19284456742629508
0.23791670152897756
0.18512544081439514
0.003065159135261995
0.05923595986356255
0.2414955655445513
0.0718076300651454
0.10760336685470817
0.15803525442855887
0.08754133759456742
0.041576884056135764
0.18330916790818277
0.14753644116436002
0.10142083597335223
0.0002025372230316533
0.20972979437149994
0.013876602387112597
0.0839380749530286
0.09055623527780562
0.17369694358946863
0.1690426071543508
0.12836023135521663
0.0781968441742534
0.16281446336542285
0.02875719315026287
0.04020183563263547
0.04594506576749773
0.08550737419928581
0.1977740022955852
0.03445498820889252
---flow_allocation with per_flow_loss---
0.25305077
0.13017471
0.094644226
0.07954578999999999
0.2299996
0.06618581
0.28869824
0.0
0.0
0.0
0.0
0.2532085
0.17294716
0.13593646
0.06111029
0.25528596
0.27970501999999997
0.0
0.0
0.0
0.0
0.0
0.24482336000000002
0.19904353
0.27610037
0.060391167
0.1353446
0.09415472
0.047072166000000006
0.14471683999999999
0.24220455999999999
0.10052111999999999
0.0
0.06816526
0.18856088
0.06497343
0.013795351
0.09581552
0.040216938
0.082720924
0.012800673
0.031423570000000005
0.01870323
0.0
0.025037695
0.19697235000000002
0.16485417000000002
0.2588992
0.24546832000000002
0.29101422000000005
0.24894259999999999
0.2413152446999994
0.26930984
0.11589374
0.0
0.008531338999999999
0.2352319
0.059533813000000005
0.29518167
0.036632706
0.06981437
0.008523
0.25538722
0.115269554
0.26466855
0.0
0.029055483
0.19795385999999998
0.023736925
0.12619446
0.08012434
0.14489877
0.2575117
0.26268298
0.28838998
0.1602173
0.0
0.28084158000000004
0.0
0.1784239
0.039329680000000006
0.25401704
0.161528
0.22592914
0.20410677000000002
0.20582887
0.15411906
0.0
0.0
0.0
0.11570323
0.083591
0.022481163
0.28633022999999996
0.2977235
0.10024464999999999
0.01175446
0.10254738999999999
0.0
0.0
0.0
0.16194684
0.23206673
0.28630597
0.22277762999999998
0.003688574
0.07128381
0.29061273
0.0864124
0.12948854
0.0
0.0
0.0500331
0.22059195
0.1775435
0.12204856
0.00024373074999999998
0.2523862
0.016698929
0.101010025
0.108974236
0.0
0.0
0.0
0.0
0.0
0.0
0.0
0.0
0.0
0.23799875
0.0414627
---weights per flow per tunnel---
0.5,0.5,0.0,0.0
0.5,0.5,0.0,0.0
0.5,0.5,0.0,0.0
0.5,0.5,0.0,0.0
0.5,0.5,0.0,0.0
0.5,0.5,0.0,0.0
0.5,0.5,0.0,0.0
0.5,0.5,0.0,0.0
0.5,0.5,0.0,0.0
0.5,0.5,0.0,0.0
0.6781442020244063,0.3218557979755938,0.0,0.0
0.7683784676875297,0.23162153231247024,0.0,0.0
0.5,0.5,0.0,0.0
0.5,0.5,0.0,0.0
0.9353889205563263,0.06461107944367371,0.0,0.0
0.5,0.5,0.0,0.0
0.28050824498069704,0.719491755019303,0.0,0.0
0.5,0.5,0.0,0.0
0.5,0.5,0.0,0.0
0.5,0.5,0.0,0.0
0.5,0.5,0.0,0.0
1.0,0.0,0.0,0.0
0.5,0.5,0.0,0.0
0.5,0.5,0.0,0.0
0.3333333333333333,0.3333333333333333,0.3333333333333333,0.0
0.3333333333333333,0.3333333333333333,0.3333333333333333,0.0
0.8396129171741034,0.08019354141294832,0.08019354141294832,0.0
0.33333333333333337,0.33333333333333337,0.33333333333333337,0.0
0.3333333333333333,0.3333333333333333,0.3333333333333333,0.0
0.5,0.5,0.0,0.0
0.5,0.5,0.0,0.0
0.5,0.5,0.0,0.0
0.5,0.5,0.0,0.0
0.5,0.5,0.0,0.0
0.5,0.5,0.0,0.0
0.3333333333333333,0.3333333333333333,0.3333333333333333,0.0
0.3333333333333333,0.3333333333333333,0.3333333333333333,0.0
0.3333333333333333,0.0,0.3333333333333333,0.3333333333333333
0.017810480514387567,0.8921454395921761,0.09004407989343646,0.0
0.048383431076650794,0.39981920873893695,0.5517973601844123,0.0
0.5,0.5,0.0,0.0
0.5,0.5,0.0,0.0
0.5,0.5,0.0,0.0
0.5,0.5,0.0,0.0
0.5,0.5,0.0,0.0
0.5,0.5,0.0,0.0
0.13837034267405962,0.723259314651881,0.13837034267405962,0.0
0.3333333333333333,0.3333333333333333,0.3333333333333333,0.0
0.33333333333333337,0.33333333333333337,0.33333333333333337,0.0
0.17945426340591789,0.6410914731881642,0.17945426340591789,0.0
0.33333333333333337,0.33333333333333337,0.33333333333333337,0.0
0.44752721981757126,0.5524727801824287,0.0,0.0
0.5,0.5,0.0,0.0
0.5,0.5,0.0,0.0
0.5,0.5,0.0,0.0
0.9846291592950686,0.015370840704931443,0.0,0.0
0.6455204984008751,0.35447950159912495,0.0,0.0
0.927915924305804,0.03604203784709793,0.03604203784709793,0.0
0.22199937353331603,0.08115473831272818,0.14084463522058785,0.556001252933368
0.064291805121352,0.8714163897572961,0.064291805121352,0.0
0.10258361713161955,0.7948327657367609,0.10258361713161955,0.0
0.3333333333333333,0.3333333333333333,0.3333333333333333,0.0
0.5,0.5,0.0,0.0
0.5,0.5,0.0,0.0
0.5,0.5,0.0,0.0
0.5,0.5,0.0,0.0
0.5,0.5,0.0,0.0
0.5,0.5,0.0,0.0
0.266850195597357,0.4662996088052859,0.266850195597357,0.0
0.25815461011732227,0.25815461011732227,0.48369077976535546,0.0
0.03167214112935757,0.8602785604557286,0.10804929841491395,0.0
0.09360079087603433,0.8127984182479314,0.09360079087603433,0.0
0.27204524113235756,0.27204524113235756,0.45590951773528476,0.0
0.5,0.5,0.0,0.0
0.5,0.5,0.0,0.0
0.5,0.5,0.0,0.0
0.5,0.5,0.0,0.0
0.5,0.5,0.0,0.0
0.5,0.5,0.0,0.0
0.3333333333333333,0.3333333333333333,0.3333333333333333,0.0
0.3333333333333333,0.3333333333333333,0.3333333333333333,0.0
0.3333333333333333,0.3333333333333333,0.3333333333333333,0.0
0.3333333333333333,0.3333333333333333,0.3333333333333333,0.0
0.2128889102149582,0.5742221795700836,0.2128889102149582,0.0
0.5,0.5,0.0,0.0
0.5,0.5,0.0,0.0
0.5,0.5,0.0,0.0
0.5,0.5,0.0,0.0
0.5,0.5,0.0,0.0
0.5,0.5,0.0,0.0
0.5,0.5,0.0,0.0
0.5,0.5,0.0,0.0
0.5,0.5,0.0,0.0
0.5,0.5,0.0,0.0
0.5,0.5,0.0,0.0
0.41687028830478956,0.5831297116952104,0.0,0.0
0.5,0.5,0.0,0.0
0.5,0.5,0.0,0.0
0.15491081699644085,0.8450891830035592,0.0,0.0
0.5,0.5,0.0,0.0
0.5,0.5,0.0,0.0
0.5,0.5,0.0,0.0
0.5,0.5,0.0,0.0
0.5,0.5,0.0,0.0
0.5,0.5,0.0,0.0
0.5,0.5,0.0,0.0
0.5,0.5,0.0,0.0
0.1135090901844982,0.8864909098155018,0.0,0.0
0.02665770086233816,0.9700793998715068,0.0032628992661550057,0.0
0.5,0.5,0.0,0.0
0.5,0.5,0.0,0.0
0.5,0.5,0.0,0.0
0.5,0.5,0.0,0.0
0.5,0.5,0.0,0.0
0.4470060273835032,0.5529939726164967,0.0,0.0
0.5,0.5,0.0,0.0
0.5,0.5,0.0,0.0
0.5,0.5,0.0,0.0
0.5,0.5,0.0,0.0
0.031180320230651044,0.031180320230651044,0.9376393595386979,0.0
0.5,0.5,0.0,0.0
0.5,0.5,0.0,0.0
0.5,0.5,0.0,0.0
0.5,0.5,0.0,0.0
0.5,0.5,0.0,0.0
0.20059183912082765,0.7994081608791723,0.0,0.0
0.5,0.5,0.0,0.0
0.5,0.5,0.0,0.0
0.0792579542990088,0.9207420457009912,0.0,0.0
0.9224523741534896,0.0775476258465104,0.0,0.0
0.1000113136554334,0.8999886863445665,0.0,0.0
0.5,0.5,0.0,0.0
