---flow_allocation with alpha---
0.23280902493825104
0.11976192487665459
0.08707355433494815
0.07318285499721214
0.21160173751768377
0.06089155109406838
0.2656050236708989
0.19999890406508256
0.2696855954741387
0.16292490876474353
0.08547325729138455
0.23295413798218098
0.1591129704345088
0.12506278762225292
0.05622202623052185
0.23486542020016518
0.2573311789430003
0.005252692906290114
0.04621933433993715
0.012710248471801397
0.11855548007207041
0.007155510396047088
0.22523973242091466
0.18312186973217873
0.25401486794444583
0.05556042648735305
0.12451827100410567
0.08662320433379453
0.04330682363934911
0.13314081760172033
0.2228304124472655
0.09248035061462538
0.11471424865035833
0.0627126632148259
0.1734777357693816
0.059776150395407644
0.01269184920872174
0.08815115553748955
0.03699995112357136
0.07610400734378785
0.011776736343001038
0.02890997206520604
0.017207142817608677
0.06096442501919163
0.023034908606092457
0.1812163651716844
0.15166734554771236
0.23818963407735627
0.2258331015251627
0.26773574647240034
0.22902947093025267
0.27407431514356684
0.24776751818094214
0.10662330174236254
0.16283588867895987
0.007848909979636392
0.21641550141646348
0.05477165295875676
0.27156983862307393
0.0337024248719323
0.06422985951150548
0.007841238023297514
0.2349585803271439
0.10604904490828886
0.24349748889252834
0.13784828364279597
0.02673131034669418
0.18211936335685938
0.02183818829827072
0.11610005843969226
0.07371512629351377
0.13330819486718773
0.2369131213755699
0.24167074631574567
0.265321421648951
0.1474013826997612
0.1171859820450447
0.2583768245475714
0.23966761038378204
0.16415162137100003
0.03618366564122067
0.23369800218391243
0.14860723869848655
0.20785687705489936
0.18778009688330874
0.18936444464817093
0.14179094607378515
0.2631910668511114
0.020334006451089844
0.0744062647706042
0.10644803079835007
0.07690448522884694
0.020682875762472037
0.26342643279309186
0.27390834549210574
0.09222599568369717
0.010814210805506241
0.09434453756399379
0.27618076810357406
0.004660918177906728
0.24585363233705085
0.14899257533273247
0.21350351604110263
0.2634041133710052
0.20495745900458814
0.003393521846831703
0.06558175776340673
0.26736637199698393
0.07950019905718574
0.11913064219515207
0.17496516976991508
0.09691941870503945
0.04603091002504362
0.20294661339591036
0.16334164531143047
0.11228579248629685
0.00022423452121868125
0.23219761445448445
0.015363167549354163
0.09293014769027719
0.10025729471817398
0.19230465590439003
0.1871517122306427
0.14211113685980512
0.08657387344293344
0.18025636321930022
0.03183787819898449
0.044508556157044236
0.05086704394641357
0.09466756197820946
0.21896102874542756
0.03814606356782562
---flow_allocation with ell_k_beta---
0.23280902493825104
0.11976192487665459
0.08707355433494815
0.07318285499721214
0.21160173751768377
0.06089155109406838
0.2656050236708989
0.19999890406508256
0.2696855954741387
0.16292490876474353
0.08547325729138455
0.23295413798218098
0.1591129704345088
0.12506278762225292
0.05622202623052185
0.23486542020016518
0.2573311789430003
0.005252692906290114
0.04621933433993715
0.012710248471801397
0.11855548007207041
0.007155510396047088
0.22523973242091466
0.18312186973217873
0.25401486794444583
0.05556042648735305
0.12451827100410567
0.08662320433379453
0.04330682363934911
0.13314081760172033
0.2228304124472655
0.09248035061462538
0.11471424865035833
0.0627126632148259
0.1734777357693816
0.059776150395407644
0.01269184920872174
0.08815115553748955
0.03699995112357136
0.07610400734378785
0.011776736343001038
0.02890997206520604
0.017207142817608677
0.06096442501919163
0.023034908606092457
0.1812163651716844
0.15166734554771236
0.23818963407735627
0.2258331015251627
0.26773574647240034
0.22902947093025267
0.27407431514356684
0.24776751818094214
0.10662330174236254
0.16283588867895987
0.007848909979636392
0.21641550141646348
0.05477165295875676
0.27156983862307393
0.0337024248719323
0.06422985951150548
0.007841238023297514
0.2349585803271439
0.10604904490828886
0.24349748889252834
0.13784828364279597
0.02673131034669418
0.18211936335685938
0.02183818829827072
0.11610005843969226
0.07371512629351377
0.13330819486718773
0.2369131213755699
0.24167074631574567
0.265321421648951
0.1474013826997612
0.1171859820450447
0.2583768245475714
0.23966761038378204
0.16415162137100003
0.03618366564122067
0.23369800218391243
0.14860723869848655
0.20785687705489936
0.18778009688330874
0.18936444464817093
0.14179094607378515
0.2631910668511114
0.020334006451089844
0.0744062647706042
0.10644803079835007
0.07690448522884694
0.020682875762472037
0.26342643279309186
0.27390834549210574
0.09222599568369717
0.010814210805506241
0.09434453756399379
0.27618076810357406
0.004660918177906728
0.24585363233705085
0.14899257533273247
0.21350351604110263
0.2634041133710052
0.20495745900458814
0.003393521846831703
0.06558175776340673
0.26736637199698393
0.07950019905718574
0.11913064219515207
0.17496516976991508
0.09691941870503945
0.04603091002504362
0.20294661339591036
0.16334164531143047
0.11228579248629685
0.00022423452121868125
0.23219761445448445
0.015363167549354163
0.09293014769027719
0.10025729471817398
0.19230465590439003
0.1871517122306427
0.14211113685980512
0.08657387344293344
0.18025636321930022
0.03183787819898449
0.044508556157044236
0.05086704394641357
0.09466756197820946
0.21896102874542756
0.03814606356782562
---flow_allocation with per_flow_loss---
0.25305077
0.13017471
0.094644226
0.07954578999999999
0.2299996
0.06618581
0.28869824
0.21738795
0.2931336
0.17709053
0.09290479
0.2532085
0.17294716
0.13593646
0.06111029
0.25528596
0.27970501999999997
0.005709392000000001
0.0
0.01381535
0.12886337
0.0077776513
0.24482336000000002
0.19904353
0.27610037
0.060391167
0.1353446
0.09415472
0.047072166000000006
0.14471683999999999
0.24220455999999999
0.10052111999999999
0.12468815999999999
0.06816526
0.18856088
0.06497343
0.013795351
0.09581552
0.040216938
0.082720924
0.012800673
0.031423570000000005
0.01870323
0.06626502000000001
0.025037695
0.19697235000000002
0.16485417000000002
0.2588992
0.24546832000000002
0.29101422000000005
0.24894259999999999
0.2979039
0.21272118469999832
0.11589374
0.1204051146999992
0.008531338999999999
0.2352319
0.059533813000000005
0.29518167
0.036632706
0.06981437
0.008523
0.25538722
0.115269554
0.26466855
0.14983359999999998
0.029055483
0.19795385999999998
0.023736925
0.12619446
0.08012434
0.14489877
0.2575117
0.26268298
0.28838998
0.1602173
0.12737479999999998
0.28084158000000004
0.26050567999999996
0.1784239
0.039329680000000006
0.25401704
0.161528
0.22592914
0.20410677000000002
0.20582887
0.15411906
0.2860744
0.0
0.0
0.11570323
0.083591
0.022481163
0.28633022999999996
0.2977235
0.10024464999999999
0.01175446
0.10254738999999999
0.30019349999999995
0.005066165
0.26722955000000004
0.16194684
0.23206673
0.28630597
0.22277762999999998
0.003688574
0.07128381
0.29061273
0.0864124
0.12948854
0.19017764
0.105346146
0.0500331
0.22059195
0.1775435
0.12204856
0.00024373074999999998
0.2523862
0.016698929
0.101010025
0.108974236
0.20902472
0.20342375000000001
0.15446709
0.09410110000000001
0.19592888
0.034606045
0.048378383999999997
0.055289715
0.1028985
0.23799875
0.0414627
---weights per flow per tunnel---
0.5,0.5,0.0,0.0
0.5,0.5,0.0,0.0
0.5,0.5,0.0,0.0
0.5,0.5,0.0,0.0
0.5,0.5,0.0,0.0
0.5,0.5,0.0,0.0
0.6371101885717951,0.36288981142820487,0.0,0.0
0.5,0.5,0.0,0.0
0.5,0.5,0.0,0.0
0.5,0.5,0.0,0.0
0.5,0.5,0.0,0.0
0.7735615203565755,0.2264384796434244,0.0,0.0
0.5,0.5,0.0,0.0
0.5,0.5,0.0,0.0
0.9353889205563264,0.06461107944367364,0.0,0.0
0.5,0.5,0.0,0.0
0.5,0.5,0.0,0.0
0.025578491212559736,0.9744215087874403,0.0,0.0
0.5,0.5,0.0,0.0
0.5,0.5,0.0,0.0
0.5,0.5,0.0,0.0
0.5,0.5,0.0,0.0
0.5,0.5,0.0,0.0
0.5,0.5,0.0,0.0
0.23392713704574067,0.5321457259085187,0.23392713704574067,0.0
0.3333333333333333,0.3333333333333333,0.3333333333333333,0.0
0.8699801283326422,0.0650099358336789,0.0650099358336789,0.0
0.33333333333333337,0.33333333333333337,0.33333333333333337,0.0
0.3333333333333333,0.3333333333333333,0.3333333333333333,0.0
0.5,0.5,0.0,0.0
0.5,0.5,0.0,0.0
0.5,0.5,0.0,0.0
0.5,0.5,0.0,0.0
0.5,0.5,0.0,0.0
0.5,0.5,0.0,0.0
0.3333333333333333,0.3333333333333333,0.3333333333333333,0.0
0.38623967423164585,0.6053929013096297,0.008367424458724468,0.0
0.04926477981481056,0.0,0.04926477981481056,0.9014704403703788
0.183368979247286,0.633262041505428,0.183368979247286,0.0
0.14053429256838182,0.14053429256838182,0.7189314148632363,0.0
0.5,0.5,0.0,0.0
0.5,0.5,0.0,0.0
0.5,0.5,0.0,0.0
0.5,0.5,0.0,0.0
0.5,0.5,0.0,0.0
0.5,0.5,0.0,0.0
0.07838534712332285,0.8432293057533543,0.07838534712332285,0.0
0.3333333333333333,0.3333333333333333,0.3333333333333333,0.0
0.33333333333333337,0.33333333333333337,0.33333333333333337,0.0
0.33333333333333337,0.33333333333333337,0.33333333333333337,0.0
0.33333333333333337,0.33333333333333337,0.33333333333333337,0.0
0.5,0.5,0.0,0.0
0.44130185361489876,0.5586981463851012,0.0,0.0
0.5,0.5,0.0,0.0
0.40486068003065223,0.5951393199693479,0.0,0.0
0.5,0.5,0.0,0.0
0.5,0.5,0.0,0.0
0.4538871605721381,0.273056419713931,0.273056419713931,0.0
0.1504723374791232,0.09697908530577888,0.2474514227849021,0.5050971544301959
0.9602037220052383,0.019898138997380826,0.019898138997380826,0.0
0.5357228699068864,0.4379246959584864,0.026352434134627244,0.0
0.3333333333333333,0.3333333333333333,0.3333333333333333,0.0
0.5,0.5,0.0,0.0
0.5,0.5,0.0,0.0
0.5,0.5,0.0,0.0
0.5,0.5,0.0,0.0
0.5,0.5,0.0,0.0
0.5,0.5,0.0,0.0
0.9650194707263411,0.017490264636829525,0.017490264636829525,0.0
0.3333333333333333,0.3333333333333333,0.3333333333333333,0.0
0.20823344109878467,0.20823344109878467,0.5835331178024306,0.0
0.3333333333333333,0.3333333333333333,0.3333333333333333,0.0
0.8434832646744961,0.07825836766275195,0.07825836766275195,0.0
0.5,0.5,0.0,0.0
0.5,0.5,0.0,0.0
0.5,0.5,0.0,0.0
0.5,0.5,0.0,0.0
0.37206559176359555,0.6279344082364043,0.0,0.0
0.5,0.5,0.0,0.0
0.3333333333333333,0.3333333333333333,0.3333333333333333,0.0
0.3333333333333333,0.3333333333333333,0.3333333333333333,0.0
0.3333333333333333,0.3333333333333333,0.3333333333333333,0.0
0.3333333333333333,0.3333333333333333,0.3333333333333333,0.0
0.7614205641216163,0.1192897179391918,0.1192897179391918,0.0
0.5,0.5,0.0,0.0
0.5,0.5,0.0,0.0
0.5,0.5,0.0,0.0
0.5,0.5,0.0,0.0
0.9649723563304041,0.03502764366959596,0.0,0.0
0.5,0.5,0.0,0.0
0.5,0.5,0.0,0.0
0.5,0.5,0.0,0.0
0.5,0.5,0.0,0.0
0.5,0.5,0.0,0.0
0.7323613319512848,0.2676386680487151,0.0,0.0
0.5,0.5,0.0,0.0
0.9934966172160624,0.006503382783937672,0.0,0.0
0.5,0.5,0.0,0.0
0.9133249223902234,0.08667507760977657,0.0,0.0
0.5,0.5,0.0,0.0
0.5,0.5,0.0,0.0
0.5,0.5,0.0,0.0
0.5,0.5,0.0,0.0
0.5,0.5,0.0,0.0
0.5,0.5,0.0,0.0
0.5,0.5,0.0,0.0
0.5,0.5,0.0,0.0
0.1333800897322332,0.8666199102677667,0.0,0.0
0.03170117681662708,0.03170117681662708,0.9365976463667459,0.0
0.5,0.5,0.0,0.0
0.5,0.5,0.0,0.0
0.5,0.5,0.0,0.0
0.5,0.5,0.0,0.0
0.5,0.5,0.0,0.0
0.5,0.5,0.0,0.0
0.5,0.5,0.0,0.0
0.5,0.5,0.0,0.0
0.5,0.5,0.0,0.0
0.5,0.5,0.0,0.0
0.05345821218003268,0.6168420593229048,0.3296997284970625,0.0
0.09957779814339944,0.9004222018566007,0.0,0.0
0.5,0.5,0.0,0.0
0.5,0.5,0.0,0.0
0.5,0.5,0.0,0.0
0.5,0.5,0.0,0.0
0.5,0.5,0.0,0.0
0.5,0.5,0.0,0.0
0.5,0.5,0.0,0.0
0.5,0.5,0.0,0.0
0.032103160079984074,0.967896839920016,0.0,0.0
0.1540045627285649,0.8459954372714351,0.0,0.0
0.5,0.5,0.0,0.0
