---flow allocation with alpha---
0.2502188602337348
0.12871791525256757
0.093585055510497
0.07865558721750587
0.22742565757146252
0.06544511973564249
0.28546739677688093
0.21495514547356698
0.28985312033712257
0.17510869686264152
0.09186508566662131
0.2503748250657117
0.1710116956208486
0.13441518508482977
0.06042640025301248
0.2524290360581587
0.2765748205629013
0.005645497774488511
0.04967569089028406
0.013660741402723765
0.12742125055489087
0.007690611032645449
0.2420835237837583
0.1968160192260992
0.27301051046599256
0.05971532501136092
0.1338299486335914
0.09310102760812163
0.04654537793049658
0.14309730320689307
0.2394940309670397
0.09939618075779215
0.12329276563687819
0.06740241756520321
0.18645068133272244
0.06424630756933225
0.013640966213002688
0.09474324147325308
0.03976686729090285
0.08179518805953999
0.012657419727609377
0.031071906518502133
0.018493920778385287
0.06552344329071058
0.024757496314988022
0.19476801795371065
0.16300927486677225
0.25600184002374604
0.24272126598899382
0.28775745847447676
0.24615666506615472
0.29457003555920624
0.2662959737863256
0.11459676463748679
0.1750130197109134
0.008435864158198811
0.2325994025175892
0.05886756572299032
0.2918782702352198
0.03622274669465538
0.06903307225398386
0.008427618480560726
0.2525291628500561
0.11397956394889038
0.26170662480384965
0.14815680116965196
0.02873032095417318
0.19573854380315978
0.02347128332766443
0.12478220852286537
0.07922766262193255
0.14327719721489127
0.25462986763822715
0.2597432754636588
0.285162586537198
0.15842429641975153
0.12594933925117052
0.27769866123640435
0.25759034178799
0.17642714502096904
0.038889538660394185
0.25117431663514417
0.15972032827971525
0.22340075038850074
0.2018225961351118
0.20352542398743767
0.15239430227181128
0.2828729203631728
0.021854616329958047
0.07997048555178723
0.11440838664889925
0.08265552697507353
0.022229574652504754
0.28312588735083927
0.29439165442886556
0.09912280475388265
0.011622914974188882
0.10139977462129159
0.2968340124773209
0.005009469175122602
0.2642389644646166
0.16013448101049058
0.22946965416769874
0.28310189884628245
0.22028450916854625
0.003647294897256342
0.07048606764294023
0.28736046157857614
0.08544535248030104
0.12803942423147097
0.18804934805273085
0.10416720953718743
0.04947317590047435
0.21812328927407343
0.17555659764207832
0.1206827055944884
0.00024100314126257496
0.24956172748545064
0.016512050058192125
0.09987961438600271
0.10775469731533334
0.20668550899519317
0.20114721986213369
0.15273843744250112
0.0930480076734827
0.1937362255031755
0.034218766206865675
0.047836977948851736
0.05467096373564891
0.10174695532347507
0.23533528849587615
0.040998687876797515
---weights per flow tunnel---
0.5,0.5,0.0,0.0
0.5,0.5,0.0,0.0
0.5,0.5,0.0,0.0
0.5,0.5,0.0,0.0
0.5,0.5,0.0,0.0
0.5,0.5,0.0,0.0
0.5,0.5,0.0,0.0
0.5,0.5,0.0,0.0
0.5,0.5,0.0,0.0
0.5,0.5,0.0,0.0
0.5000000000000001,0.4999999999999998,0.0,0.0
0.5,0.5,0.0,0.0
0.5,0.5,0.0,0.0
0.5,0.5,0.0,0.0
0.5,0.5,0.0,0.0
0.7178591042961565,0.2821408957038435,0.0,0.0
0.3912341673723772,0.6087658326276227,0.0,0.0
0.5,0.5,0.0,0.0
0.5000000000000001,0.5,0.0,0.0
0.5,0.5,0.0,0.0
0.5,0.5,0.0,0.0
0.5,0.5,0.0,0.0
0.5297786659452239,0.4702213340547762,0.0,0.0
0.5,0.5,0.0,0.0
0.5,0.5,0.0,0.0
0.030283231356345492,0.9697167686436545,0.0,0.0
0.0,0.5,0.5,0.0
0.5,0.5,0.0,0.0
0.36371957308355335,0.5993309884014156,0.036949438515031144,0.0
0.5,0.5,0.0,0.0
0.5,0.5,0.0,0.0
0.5,0.5,0.0,0.0
0.5,0.5,0.0,0.0
0.5,0.5,0.0,0.0
0.5,0.5,0.0,0.0
0.5,0.0,0.5,0.0
0.7634773540316077,0.0,0.23652264596839237,0.0
0.0,0.0,0.5,0.5
0.01621578181106435,0.9675684363778713,0.01621578181106435,0.0
0.5,0.0,0.5,0.0
0.5,0.5,0.0,0.0
0.5,0.5,0.0,0.0
0.5,0.5,0.0,0.0
0.5,0.5,0.0,0.0
0.5,0.5,0.0,0.0
0.5,0.5,0.0,0.0
0.09477474898263415,0.9052252510173658,0.0,0.0
0.5,0.23190839340175162,0.2680916065982484,0.0
0.5,0.5,0.0,0.0
0.5,0.5,0.0,0.0
0.33333333333333337,0.33333333333333337,0.33333333333333337,0.0
0.5,0.5,0.0,0.0
0.5,0.5,0.0,0.0
0.5,0.5,0.0,0.0
0.5,0.5,0.0,0.0
0.5,0.5,0.0,0.0
0.5,0.5,0.0,0.0
0.0,0.09865955943532496,0.901340440564675,0.0
0.20627240783595868,0.0,0.19365754420965375,0.6000700479543876
0.5,0.5,0.0,0.0
0.5,0.0,0.5,0.0
0.33333333333333337,0.33333333333333337,0.33333333333333337,0.0
0.5,0.5,0.0,0.0
0.49999999999999983,0.5000000000000002,0.0,0.0
0.5,0.5,0.0,0.0
0.5000000000000001,0.49999999999999983,0.0,0.0
0.5,0.5,0.0,0.0
0.5,0.5,0.0,0.0
0.9678266578929037,0.016086671053548166,0.016086671053548166,0.0
0.5,0.5,0.0,0.0
0.5,0.5,0.0,0.0
0.5,0.0,0.5,0.0
0.5810415397946472,0.06935327557190138,0.34960518463345136,0.0
0.5,0.5,0.0,0.0
0.5,0.5,0.0,0.0
0.5,0.5,0.0,0.0
0.5000000000000001,0.4999999999999998,0.0,0.0
0.4909024326130731,0.5090975673869268,0.0,0.0
0.5,0.5,0.0,0.0
0.3333333333333333,0.3333333333333333,0.3333333333333333,0.0
0.5,0.5,0.0,0.0
0.17404382512370928,0.2768603375424591,0.5490958373338317,0.0
0.3333333333333332,0.3333333333333334,0.3333333333333334,0.0
0.0,0.14814023916986296,0.851859760830137,0.0
0.5,0.5,0.0,0.0
0.5,0.5,0.0,0.0
0.5,0.5,0.0,0.0
0.4999999999999998,0.5000000000000002,0.0,0.0
0.5,0.5,0.0,0.0
0.5,0.5,0.0,0.0
0.5,0.5,0.0,0.0
0.5,0.5,0.0,0.0
0.5,0.5,0.0,0.0
0.5,0.5,0.0,0.0
0.5083425201557813,0.49165747984421865,0.0,0.0
0.5,0.5,0.0,0.0
0.5,0.5,0.0,0.0
0.5,0.5,0.0,0.0
0.5057715887743369,0.4942284112256631,0.0,0.0
0.5,0.5,0.0,0.0
0.5,0.5,0.0,0.0
0.5,0.5,0.0,0.0
0.5,0.5,0.0,0.0
0.5,0.5,0.0,0.0
0.5,0.5,0.0,0.0
0.5,0.5,0.0,0.0
0.5,0.5,0.0,0.0
0.6001659539935786,0.39983404600642136,0.0,0.0
0.5,0.0,0.5,0.0
0.5,0.5,0.0,0.0
0.5,0.5,0.0,0.0
0.5,0.5,0.0,0.0
0.1068496584301685,0.8931503415698315,0.0,0.0
0.5,0.5,0.0,0.0
0.5,0.5,0.0,0.0
0.5,0.5,0.0,0.0
0.5,0.5,0.0,0.0
0.757631416642174,0.242368583357826,0.0,0.0
0.9847903866506451,0.01520961334935488,0.0,0.0
0.5,0.5,0.0,0.0
0.5,0.5,0.0,0.0
0.5,0.5,0.0,0.0
0.5,0.5,0.0,0.0
0.5,0.5,0.0,0.0
0.5,0.5,0.0,0.0
0.5,0.5,0.0,0.0
0.5,0.5,0.0,0.0
0.1729508207387615,0.8270491792612386,0.0,0.0
0.5,0.5,0.0,0.0
0.5,0.5,0.0,0.0
0.6660490865500224,0.33395091344997757,0.0,0.0
0.9796881577098348,0.020311842290165312,0.0,0.0
