---flow_allocation with alpha---
0.13620144188235017
0.1255423491333303
0.056980080852211755
0.1372965516769712
0.022841566803253294
0.5270772073757816
0.3075798080106131
0.0853733373055945
0.39509756398242785
0.37141486531184503
0.4096695097020793
0.13612792885383174
0.3006548566428001
0.21295784261958733
0.16679843128123156
0.5575327001718311
0.17491754099185447
0.2850556642959655
0.2440021620850374
0.15728381514578238
0.031093716849221936
0.32180666762511895
0.2852248637422267
0.44169868331247375
0.5472395239174161
0.1278182798937844
0.4603797637339353
0.34857980325848825
0.19068624769524004
0.4201033860215345
0.4821834112298036
0.08320044704435521
0.3590175789082958
0.15285211042454283
0.5293842957307847
0.5416509406744306
0.1020653646833102
0.2402967423746677
0.4176385646596435
0.19596988663295373
0.5358850629383245
0.5396090623557885
0.30188220097290785
0.015821229108679686
0.012745584593650135
0.12344811234798599
0.1921791632823352
0.035928994852271454
0.4247692080190574
0.24458341238334952
0.4620114621381302
0.1692245464636872
0.008621019750746443
0.4273241678203515
0.0874696163767884
0.4819105507258156
0.4423002082762045
0.4377585813397127
0.5060632437417607
0.0626418390582575
0.391009472697626
0.08673025795786088
0.060196778317047325
0.3531390095988011
0.23956553920603754
0.2579150839268795
0.2999769659338087
0.33971551391961136
0.22129560195402717
0.35736895870706126
0.5147417082234919
0.23556831806395895
0.0701355267451925
0.3380706911659884
0.3810011976347477
0.10525740282004603
0.23218898795860995
0.22970448470361043
0.025255352321659104
0.09708135918145248
0.0009336827974138835
0.43940484897584153
0.05552723574707189
0.31736492282287726
0.48495147267657485
0.1304183089147799
0.08351723290272767
0.17984260825436807
0.5248704272101264
0.0
0.4620756297406974
0.1518614397013057
0.54780960416251
0.5072981551808894
0.3352308950076289
0.5577247398761656
0.5450849262391835
0.300555215322301
0.05785222489963303
0.10370483859304093
0.43259298745031294
0.29740692748687675
0.113128316912021
0.044798230135110646
0.10795350356078585
0.5144142015221673
0.5384721991615755
0.5474160589210146
0.030911751495538934
0.031601088267355526
0.0
0.0
0.33987946177368783
0.2085237204987707
0.15106791208151005
0.2657336766004217
0.4599922017879449
0.04580301161794812
0.5144804808760892
0.12862744188325864
0.34816910466826967
0.0
0.3011711520628208
0.16006537142467547
0.5180972348157638
0.34682535467576814
0.31798861191376493
0.5189126950110327
0.3886648451836729
0.36473798915580463
0.28251023516196966
0.11337130261778731
---flow_allocation with ell_k_beta---
0.13620144188235017
0.1255423491333303
0.056980080852211755
0.1372965516769712
0.022841566803253294
0.5270772073757816
0.3075798080106131
0.0853733373055945
0.39509756398242785
0.37141486531184503
0.4096695097020793
0.13612792885383174
0.3006548566428001
0.21295784261958733
0.16679843128123156
0.5575327001718311
0.17491754099185447
0.2850556642959655
0.2440021620850374
0.15728381514578238
0.031093716849221936
0.32180666762511895
0.2852248637422267
0.44169868331247375
0.5472395239174161
0.1278182798937844
0.4603797637339353
0.34857980325848825
0.19068624769524004
0.4201033860215345
0.4821834112298036
0.08320044704435521
0.3590175789082958
0.15285211042454283
0.5293842957307847
0.5416509406744306
0.1020653646833102
0.2402967423746677
0.4176385646596435
0.19596988663295373
0.5358850629383245
0.5396090623557885
0.30188220097290785
0.015821229108679686
0.012745584593650135
0.12344811234798599
0.1921791632823352
0.035928994852271454
0.4247692080190574
0.24458341238334952
0.4620114621381302
0.1692245464636872
0.008621019750746443
0.4273241678203515
0.0874696163767884
0.4819105507258156
0.4423002082762045
0.4377585813397127
0.5060632437417607
0.0626418390582575
0.391009472697626
0.08673025795786088
0.060196778317047325
0.3531390095988011
0.23956553920603754
0.2579150839268795
0.2999769659338087
0.33971551391961136
0.22129560195402717
0.35736895870706126
0.5147417082234919
0.23556831806395895
0.0701355267451925
0.3380706911659884
0.3810011976347477
0.10525740282004603
0.23218898795860995
0.22970448470361043
0.025255352321659104
0.09708135918145248
0.0009336827974138835
0.43940484897584153
0.05552723574707189
0.31736492282287726
0.48495147267657485
0.1304183089147799
0.08351723290272767
0.17984260825436807
0.5248704272101264
0.0
0.4620756297406974
0.1518614397013057
0.54780960416251
0.5072981551808894
0.3352308950076289
0.5577247398761656
0.5450849262391835
0.300555215322301
0.05785222489963303
0.10370483859304093
0.43259298745031294
0.29740692748687675
0.113128316912021
0.044798230135110646
0.10795350356078585
0.5144142015221673
0.5384721991615755
0.5474160589210146
0.030911751495538934
0.031601088267355526
0.0
0.0
0.33987946177368783
0.2085237204987707
0.15106791208151005
0.2657336766004217
0.4599922017879449
0.04580301161794812
0.5144804808760892
0.12862744188325864
0.34816910466826967
0.0
0.3011711520628208
0.16006537142467547
0.5180972348157638
0.34682535467576814
0.31798861191376493
0.5189126950110327
0.3886648451836729
0.36473798915580463
0.28251023516196966
0.11337130261778731
---flow_allocation with per_flow_loss---
0.14705296
0.13554463
0.06151983
0.14823532
0.024661413
0.5690708
0.33208548000000004
0.09217525
0.426576
0.40100644
0.44230893
0.14697359000000002
0.3246088
0.22992474000000002
0.18008769000000002
0.60195276
0.18885367
0.30776677999999996
0.26344244
0.16981502
0.033571033
0.34744583
0.30794946
0.47688995
0.5908395000000001
0.13800189000000002
0.4970594
0.37635205
0.20587871000000002
0.4535741
0.5206002
0.08982924
0.38762143
0.16503023
0.5715617
0.58480566
0.11019717400000001
0.2594418
0.4509129
0.21158331000000002
0.5785804000000001
0.5826011
0.32593393
0.017081747
0.013761058
0.13328353999999998
0.20749056999999999
0.03879155
0.45861166
0.26406999999999997
0.4988211
0.18270709999999998
0.0093078785
0.46137018
0.094438545
0.5203056
0.4775394
0.47263593
0.5463826
0.067632675
0.4221622
0.09364028
0.06499281000000001
0.3812745
0.25865234
0.27846384
0.32387689999999997
0.36678152
0.23892679
0.38584145999999997
0.5557525000000001
0.25433665
0.07572340400000001
0.36500565
0.41135654
0.11364352999999999
0.25068808000000004
0.24800563
0.027267510999999998
0.10481608
0.0010080717
0.47441336
0.059951233
0.34265019999999996
0.5235888
0.14080906999999998
0.090171265
0.19417113
0.5666882000000001
0.0
0.49889037999999997
0.16396063
0.5914550000000001
0.5477159
0.3619396
0.6021601000000001
0.58851324
0.32450122
0.06246146
0.11196726899999954
0.46705878
0.3211021
0.12214154
0.04836742
0.116554436
0.5553989
0.58137366
0.5910301
0.03337457
0.034118828000000004
0.0
0.0
0.36695853
0.22513734
0.16310388
0.28690536
0.49664096
0.049452255
0.55547046
0.13887552
0.37590863
0.0
0.32516623
0.17281818999999998
0.5593753699999999
0.37445782000000005
0.34332358
0.5602558
0.41963077
0.39379759999999997
0.30501855
0.122403885
---weights per flow per tunnel---
1.0,0.0,0.0,0.0
1.0,0.0,0.0,0.0
0.5,0.5,0.0,0.0
1.0,0.0,0.0,0.0
0.9748809557235744,0.025119044276425567,0.0,0.0
0.0,1.0,0.0,0.0
0.44801982209562846,0.5519801779043716,0.0,0.0
0.5,0.5,0.0,0.0
1.0,0.0,0.0,0.0
0.6217015621692856,0.37829843783071426,0.0,0.0
0.43294510185448604,0.5670548981455139,0.0,0.0
1.0,0.0,0.0,0.0
1.0,0.0,0.0,0.0
0.5,0.5,0.0,0.0
1.0,0.0,0.0,0.0
1.0,0.0,0.0,0.0
0.5,0.5,0.0,0.0
0.5,0.5,0.0,0.0
0.07763711188687372,0.9223628881131263,0.0,0.0
0.5,0.5,0.0,0.0
1.0,0.0,0.0,0.0
0.5429735322577712,0.45702646774222877,0.0,0.0
1.0,0.0,0.0,0.0
1.0,0.0,0.0,0.0
0.2964277863980733,0.7035722136019267,0.0,0.0
0.5,0.5,0.0,0.0
0.0,0.0,1.0,0.0
0.20954472136281613,0.3952276393185919,0.3952276393185919,0.0
0.5,0.5,0.0,0.0
0.0,1.0,0.0,0.0
0.2015355807415764,0.7984644192584236,0.0,0.0
1.0,0.0,0.0,0.0
0.5,0.5,0.0,0.0
0.8959843901643647,0.10401560983563528,0.0,0.0
0.5,0.5,0.0,0.0
0.3333333333333333,0.3333333333333333,0.3333333333333333,0.0
0.5,0.5,0.0,0.0
0.25,0.25000000000000006,0.25,0.25
0.0,0.6283616773235293,0.3716383226764706,0.0
0.3333333333333333,0.3333333333333333,0.3333333333333333,0.0
0.0,1.0,0.0,0.0
1.0,0.0,0.0,0.0
1.0,0.0,0.0,0.0
1.0,0.0,0.0,0.0
1.0,0.0,0.0,0.0
0.9252174230088529,0.07478257699114706,0.0,0.0
0.0,0.7727412119412383,0.22725878805876165,0.0
0.33333333333333337,0.33333333333333337,0.33333333333333337,0.0
1.0,0.0,0.0,0.0
0.7965149831764691,0.005856713660285876,0.19762830316324514,0.0
0.34985563229080313,0.6501443677091969,0.0,0.0
0.0,1.0,0.0,0.0
0.0,1.0,0.0,0.0
0.0,1.0,0.0,0.0
0.0,1.0,0.0,0.0
0.0,1.0,0.0,0.0
0.5969146240207448,0.4030853759792552,0.0,0.0
0.0,0.0,1.0,0.0
0.0,0.27716459300479906,0.0,0.722835406995201
0.20061089586534558,0.7993891041346545,0.0,0.0
0.791547855614461,0.20845214438553908,0.0,0.0
0.0,0.5814844941541245,0.4185155058458754,0.0
1.0,0.0,0.0,0.0
1.0,0.0,0.0,0.0
1.0,0.0,0.0,0.0
1.0,0.0,0.0,0.0
0.0,1.0,0.0,0.0
0.5,0.5,0.0,0.0
0.8082721850805614,0.1917278149194385,0.0,0.0
0.5,0.0,0.5,0.0
0.24979006549532387,0.5004198690093523,0.24979006549532387,0.0
0.0,1.0,0.0,0.0
0.0,0.0,1.0,0.0
1.0,0.0,0.0,0.0
0.0,1.0,0.0,0.0
1.0,0.0,0.0,0.0
1.0,0.0,0.0,0.0
0.0,1.0,0.0,0.0
0.5,0.5,0.0,0.0
0.0854349936619921,0.914565006338008,0.0,0.0
0.0,0.0013260248295749212,0.9986739751704251,0.0
0.7072434492925479,0.2927565507074521,0.0,0.0
0.0,1.0,0.0,0.0
1.0,0.0,0.0,0.0
0.0,1.0,0.0,0.0
1.0,0.0,0.0,0.0
1.0,0.0,0.0,0.0
0.0,1.0,0.0,0.0
1.0,0.0,0.0,0.0
0.0,0.0,0.0,0.0
0.0,1.0,0.0,0.0
0.0,1.0,0.0,0.0
0.0,1.0,0.0,0.0
1.0,0.0,0.0,0.0
1.0,0.0,0.0,0.0
0.0,1.0,0.0,0.0
1.0,0.0,0.0,0.0
0.11659726759911908,0.8834027324008809,0.0,0.0
0.979686145209934,0.020313854790065866,0.0,0.0
1.0,0.0,0.0,0.0
1.0,0.0,0.0,0.0
0.0,1.0,0.0,0.0
1.0,0.0,0.0,0.0
0.0,1.0,0.0,0.0
1.0,0.0,0.0,0.0
1.0,0.0,0.0,0.0
1.0,0.0,0.0,0.0
1.0,0.0,0.0,0.0
0.0,0.13405345705527236,0.8659465429447276,0.0
0.5,0.5,0.0,0.0
0.0,0.0,0.0,0.0
0.0,0.0,0.0,0.0
1.0,0.0,0.0,0.0
1.0,0.0,0.0,0.0
0.0,1.0,0.0,0.0
1.0,0.0,0.0,0.0
1.0,0.0,0.0,0.0
1.0,0.0,0.0,0.0
0.8619708471550653,0.13802915284493467,0.0,0.0
0.33333333333333337,0.33333333333333337,0.33333333333333337,0.0
0.11023216531239716,0.8897678346876028,0.0,0.0
0.0,0.0,0.0,0.0
1.0,0.0,0.0,0.0
0.18387399787024813,0.8161260021297518,0.0,0.0
0.024075574689676204,0.9759244253103238,0.0,0.0
0.0,1.0,0.0,0.0
1.0,0.0,0.0,0.0
1.0,0.0,0.0,0.0
0.0,1.0,0.0,0.0
0.15592895444546123,0.8440710455545387,0.0,0.0
0.8206444997183682,0.1793555002816318,0.0,0.0
0.5660389556178624,0.43396104438213756,0.0,0.0
