---flow_allocation with alpha---
0.13301567955111981
0.12260590381149146
0.055647312324208685
0.1340851746423717
0.022307300777120162
0.5147488304533236
0.3003854923509177
0.08337644829824817
0.38585620119580377
0.3627274426912274
0.40008730797039843
0.13294388599806267
0.2936225161348234
0.20797674209831982
0.16289700298546458
0.5444919669013948
0.17082620608774504
0.278388190111644
0.23829493251414394
0.1536049344622985
0.030366432390943155
0.314279584611237
0.27855343196968213
0.431367316716029
0.5344395488410696
0.12482860037423855
0.44961144521179225
0.34042649451739715
0.186226081513476
0.4102771351102866
0.47090510369494687
0.08125438210941578
0.350620129781997
0.14927688765957242
0.5170019558320571
0.528981682995304
0.09967804785584046
0.23467618285932984
0.4078699661119785
0.1913861357250153
0.5233506695884172
0.5269875643695299
0.2948211527854802
0.015451169327875497
0.012447464377543802
0.12056065138762835
0.1876840776887401
0.0350886128649926
0.4148338231679737
0.2388625873227183
0.45120497806325754
0.1652663711448882
0.008419373427483253
0.41732902226056834
0.08542369523873582
0.470638625419394
0.4319547719640191
0.42751937403521484
0.49422638506499755
0.061176641564950694
0.38186373068448093
0.08470163047079864
0.05878877098486706
0.34487906066639823
0.23396208258975057
0.25188243003074745
0.29296048134230057
0.3317695415963925
0.21611948059269054
0.34901007093564257
0.5027018595867347
0.23005835676143693
0.06849505131337706
0.33016319137505423
0.3720895499546381
0.10279542397200349
0.22675806945039045
0.2243316789199863
0.024664627664296144
0.0948106186307609
0.0009118438840792635
0.42912713534314467
0.054228449379206775
0.30994173256578517
0.47360841996893743
0.1273678145139764
0.08156375832189372
0.17563607564348807
0.5125936670475787
0.0
0.4512676447806041
0.1483093888016924
0.5349962948648403
0.4954324118294061
0.3273898182699653
0.5446795147820912
0.532335347370303
0.2935252054325695
0.0564990568544495
0.0
0.42247460378911766
0.29045055629476363
0.11048223677048244
0.04375039604394514
0.10542846270648004
0.5023820132926562
0.5258772924939538
0.5346119546771877
0.030188723221051903
0.030861936352099096
0.13244970628739916
0.2629562034205291
0.331929654697396
0.203646334439181
0.14753442185471344
0.25951814521284483
0.4492329483698969
0.04473167560965969
0.5024467423673288
0.12561883600177196
0.34002540219918365
0.0
0.0
0.15632142992323675
0.5059789001507284
0.3387130826236405
0.3105508335202722
0.5067752866685327
0.37957394419064844
0.3562067391883853
0.27590229876329736
0.1107195390216703
---flow_allocation with ell_k_beta---
0.1330156795511198
0.12260590381149143
0.05564731232420868
0.13408517464237169
0.02230730077712016
0.5147488304533236
0.3003854923509177
0.08337644829824815
0.3858562011958037
0.36272744269122736
0.4000873079703984
0.13294388599806264
0.2936225161348233
0.2079767420983198
0.16289700298546458
0.5444919669013947
0.17082620608774501
0.278388190111644
0.2382949325141439
0.15360493446229848
0.03036643239094315
0.31427958461123695
0.2785534319696821
0.43136731671602896
0.5344395488410696
0.12482860037423854
0.4496114452117922
0.3404264945173971
0.186226081513476
0.4102771351102865
0.4709051036949468
0.08125438210941577
0.35062012978199697
0.14927688765957242
0.5170019558320571
0.528981682995304
0.09967804785584045
0.23467618285932978
0.40786996611197845
0.19138613572501528
0.5233506695884171
0.5269875643695299
0.2948211527854802
0.015451169327875495
0.0124474643775438
0.12056065138762834
0.18768407768874007
0.03508861286499259
0.4148338231679736
0.23886258732271828
0.4512049780632575
0.16526637114488818
0.008419373427483253
0.4173290222605683
0.0854236952387358
0.47063862541939394
0.43195477196401905
0.42751937403521484
0.4942263850649975
0.06117664156495069
0.3818637306844809
0.08470163047079864
0.05878877098486705
0.3448790606663982
0.23396208258975054
0.2518824300307474
0.2929604813423005
0.3317695415963925
0.2161194805926905
0.3490100709356425
0.5027018595867347
0.2300583567614369
0.06849505131337706
0.3301631913750542
0.37208954995463805
0.10279542397200347
0.22675806945039043
0.22433167891998626
0.02466462766429614
0.0948106186307609
0.0009118438840792634
0.4291271353431446
0.05422844937920677
0.30994173256578517
0.4736084199689373
0.1273678145139764
0.08156375832189372
0.17563607564348804
0.5125936670475786
0.0
0.45126764478060405
0.1483093888016924
0.5349962948648402
0.49543241182940606
0.32738981826996527
0.5446795147820912
0.532335347370303
0.2935252054325695
0.056499056854449496
0.0
0.4224746037891176
0.29045055629476363
0.11048223677048243
0.043750396043945136
0.10542846270648003
0.5023820132926561
0.5258772924939537
0.5346119546771876
0.0301887232210519
0.030861936352099092
0.13244970628739916
0.26295620342052906
0.33192965469739594
0.20364633443918098
0.1475344218547134
0.25951814521284483
0.44923294836989686
0.04473167560965969
0.5024467423673288
0.12561883600177193
0.3400254021991836
0.0
0.0
0.15632142992323672
0.5059789001507284
0.3387130826236405
0.3105508335202722
0.5067752866685326
0.3795739441906484
0.35620673918838525
0.2759022987632973
0.11071953902167028
---flow_allocation with per_flow_loss---
0.14705296
0.13554463
0.06151983
0.14823532
0.024661413
0.5690708
0.33208548000000004
0.0902790800000024
0.426576
0.40100644
0.44230893
0.14697359000000002
0.3246088
0.22992474000000002
0.18008769000000002
0.60195276
0.18885367
0.30776677999999996
0.26344244
0.16981502
0.033571033
0.34744583
0.30794946
0.47688995
0.5908395000000001
0.13800189000000002
0.4970594
0.37635205
0.20587871000000002
0.4535741
0.5206002
0.08982924
0.38762143
0.16503023
0.5715617
0.58480566
0.11019717400000001
0.2594418
0.4509129
0.21158331000000002
0.5785804000000001
0.5826011
0.32593393
0.017081747
0.013761058
0.13328353999999998
0.20749056999999999
0.03879155
0.45861166
0.26406999999999997
0.4988211
0.18270709999999998
0.0093078785
0.46137018
0.094438545
0.5203056
0.4775394
0.47263593
0.5463826
0.067632675
0.4221622
0.09364028
0.06499281000000001
0.3812745
0.25865234
0.27846384
0.32387689999999997
0.36678152
0.23892679
0.38584145999999997
0.5557525000000001
0.25433665
0.07572340400000001
0.36500565
0.41135654
0.11364352999999999
0.25068808000000004
0.24800563
0.027267510999999998
0.10481608
0.0010080717
0.47441336
0.059951233
0.34265019999999996
0.5235888
0.14080906999999998
0.090171265
0.19417113
0.3984065605
0.0
0.49889037999999997
0.16396063
0.5914550000000001
0.5477159
0.3619396
0.6021601000000001
0.58851324
0.32450122
0.06246146
0.0
0.46705878
0.3211021
0.12214154
0.04836742
0.116554436
0.5553989
0.58137366
0.5910301
0.03337457
0.034118828000000004
0.14642725899999876
0.29070624
0.3074709324999986
0.22513734
0.16310388
0.28690536
0.49664096
0.049452255
0.55547046
0.13887552
0.37590863
0.0
0.0
0.17281818999999998
0.5056777124999998
0.37445782000000005
0.34332358
0.5602558
0.41963077
0.39379759999999997
0.30501855
0.122403885
---weights per flow per tunnel---
1.0,0.0,0.0,0.0
1.0,0.0,0.0,0.0
0.5,0.5,0.0,0.0
1.0,0.0,0.0,0.0
0.5,0.5,0.0,0.0
0.5384734951637138,0.46152650483628627,0.0,0.0
0.5,0.5,0.0,0.0
0.020571357278636095,0.9794286427213639,0.0,0.0
1.0,0.0,0.0,0.0
1.0,0.0,0.0,0.0
0.6599486257600843,0.3400513742399156,0.0,0.0
1.0,0.0,0.0,0.0
0.5636645236352599,0.43633547636474024,0.0,0.0
0.5,0.5,0.0,0.0
1.0,0.0,0.0,0.0
0.5,0.5,0.0,0.0
0.5,0.5,0.0,0.0
0.5,0.5,0.0,0.0
0.5,0.5,0.0,0.0
1.0,0.0,0.0,0.0
1.0,0.0,0.0,0.0
1.0,0.0,0.0,0.0
1.0,0.0,0.0,0.0
0.9850384882121015,0.014961511787898509,0.0,0.0
0.5,0.5,0.0,0.0
0.5,0.5,0.0,0.0
0.5640222001889803,0.3256968506711011,0.11028094913991864,0.0
0.0,0.5,0.5,0.0
0.5,0.5,0.0,0.0
0.0,1.0,0.0,0.0
0.0,1.0,0.0,0.0
0.5,0.5,0.0,0.0
0.0,1.0,0.0,0.0
0.5,0.5,0.0,0.0
0.5811506175213779,0.41884938247862213,0.0,0.0
1.0,0.0,0.0,0.0
1.0,0.0,0.0,0.0
0.5,0.0,0.0,0.5
0.3477899550194345,0.6522100449805656,0.0,0.0
0.5,0.0,0.5,0.0
0.0,1.0,0.0,0.0
0.5647904120468796,0.43520958795312054,0.0,0.0
1.0,0.0,0.0,0.0
0.5,0.5,0.0,0.0
0.5,0.5,0.0,0.0
1.0,0.0,0.0,0.0
0.5,0.5,0.0,0.0
1.0,0.0,0.0,0.0
1.0,0.0,0.0,0.0
0.0,0.5,0.5,0.0
0.7447270010446985,0.2552729989553015,0.0,0.0
0.0,1.0,0.0,0.0
0.0,1.0,0.0,0.0
0.0,1.0,0.0,0.0
0.0,1.0,0.0,0.0
0.5374727561728101,0.46252724382718996,0.0,0.0
0.5,0.5,0.0,0.0
0.5,0.5,0.0,0.0
0.3333333333333333,0.3333333333333333,0.0,0.3333333333333333
1.0,0.0,0.0,0.0
0.5,0.5,0.0,0.0
0.33333333333333337,0.33333333333333337,0.33333333333333337,0.0
1.0,0.0,0.0,0.0
0.0,1.0,0.0,0.0
1.0,0.0,0.0,0.0
1.0,0.0,0.0,0.0
0.5,0.5,0.0,0.0
0.5,0.5,0.0,0.0
0.5,0.5,0.0,0.0
0.3333333333333333,0.3333333333333333,0.3333333333333333,0.0
0.6811929342428698,0.3188070657571302,0.0,0.0
0.7893195947197611,0.21068040528023899,0.0,0.0
0.9668212400002836,0.0,0.03317875999971639,0.0
0.0,1.0,0.0,0.0
1.0,0.0,0.0,0.0
1.0,0.0,0.0,0.0
1.0,0.0,0.0,0.0
0.5,0.5,0.0,0.0
0.5,0.5,0.0,0.0
0.7848701513247047,0.21512984867529533,0.0,0.0
0.9995928700063957,0.0004071299936043008,0.0,0.0
0.5,0.5,0.0,0.0
0.9220708932792333,0.0779291067207666,0.0,0.0
0.82547909473614,0.0,0.17452090526386,0.0
0.10887183415688002,0.8911281658431199,0.0,0.0
1.0,0.0,0.0,0.0
1.0,0.0,0.0,0.0
0.0,1.0,0.0,0.0
0.2969563147776856,0.7030436852223144,0.0,0.0
0.0,0.0,0.0,0.0
0.0,1.0,0.0,0.0
1.0,0.0,0.0,0.0
0.0,1.0,0.0,0.0
1.0,0.0,0.0,0.0
1.0,0.0,0.0,0.0
0.8168451637695716,0.18315483623042844,0.0,0.0
1.0,0.0,0.0,0.0
0.5,0.5,0.0,0.0
0.5819984731230813,0.41800152687691866,0.0,0.0
0.0,0.0,0.0,0.0
1.0,0.0,0.0,0.0
0.0,1.0,0.0,0.0
1.0,0.0,0.0,0.0
0.0,1.0,0.0,0.0
0.0,1.0,0.0,0.0
1.0,0.0,0.0,0.0
1.0,0.0,0.0,0.0
1.0,0.0,0.0,0.0
0.9905054447472535,0.009494555252746515,0.0,0.0
0.5,0.5,0.0,0.0
1.0,0.0,0.0,0.0
1.0,0.0,0.0,0.0
0.16210986429447882,0.8378901357055212,0.0,0.0
1.0,0.0,0.0,0.0
0.0,1.0,0.0,0.0
1.0,0.0,0.0,0.0
1.0,0.0,0.0,0.0
1.0,0.0,0.0,0.0
0.5593610276746513,0.4406389723253487,0.0,0.0
0.5,0.5,0.0,0.0
0.15551868747260061,0.8444813125273993,0.0,0.0
0.0,0.0,0.0,0.0
0.0,0.0,0.0,0.0
0.0,1.0,0.0,0.0
0.09599574879387363,0.9040042512061264,0.0,0.0
0.0,1.0,0.0,0.0
1.0,0.0,0.0,0.0
1.0,0.0,0.0,0.0
0.0,1.0,0.0,0.0
0.6526466912348391,0.34735330876516085,0.0,0.0
0.8744187033196004,0.12558129668039952,0.0,0.0
0.5,0.5,0.0,0.0
