---flow allocation with alpha---
0.059464674071253436
0.05481098268990056
0.024877137052317193
0.05994279196860746
0.009972481248807043
0.2558844766384467
0.14932328147750223
0.03727345031807794
0.17249705688766145
0.16215734287207578
0.17885907472556042
0.05943257875551796
0.13126397790741978
0.09297602527019985
0.0728231229762048
0.2706699534639073
0.07636787408910403
0.12445347079486979
0.10652977560693602
0.06866910272804698
0.013575316916982109
0.14049872262595822
0.12452734218555338
0.19284280605168605
0.25527924466817575
0.055804639431038784
0.2235043239386388
0.15218770155526332
0.09257401005173443
0.18341443806137672
0.2340895187643975
0.0363247803965891
0.15674476731364792
0.06673424893218055
0.2311257808214913
0.2364813191582424
0.04456108218075449
0.10491201317851281
0.20275440494578928
0.08555919287899391
0.2339639739996763
0.2355898482087931
0.13179982855301062
0.006907446935597971
0.005564640309488599
0.05389665237043082
0.08390418742953963
0.015686368213660786
0.20621617661526345
0.10678354575110824
0.22429647788941956
0.07388234927065668
0.003763881810317366
0.20745655381700479
0.03818867228642253
0.23395705094700522
0.19310542798446165
0.21252223376876048
0.24568265608664827
0.03041124521945804
0.18982656218441585
0.04210564667889762
0.026281526489673523
0.15417822173848195
0.10459277457500361
0.11260406785575527
0.13096801518111528
0.14831760980641887
0.10743418325813602
0.1560249903305351
0.24989586111782294
0.11436327531693034
0.03062072017065041
0.1475994907645246
0.16634267394670957
0.045954705513963884
0.10137221971423294
0.10028750156260624
0.01226092215848729
0.047130880329993324
0.0004076399079689002
0.19801899882118967
0.026957260643200417
0.13859307994815057
0.21172669587445703
0.05693979538954067
0.036463087066167334
0.08730965984961063
0.22915505483891863
0.06031472479655269
0.2017392498864611
0.0663017284620954
0.23917015205143233
0.22148311381928823
0.14635965401498777
0.2434990365730372
0.2646268309886865
0.14591299509347072
0.028085992115872534
0.2054476802352208
0.18886731776645135
0.12984595291448078
0.04939109601507487
0.019558619329848405
0.0471318057677912
0.22458993391246745
0.2350935010455533
0.2657585450106891
0.015006980462682683
0.013796832016935639
0.07145775581387019
0.11755459945913077
0.14838918838570997
0.09104011605321624
0.06595527940380684
0.11601761516188201
0.20082963863382564
0.0199973004668761
0.22461887105236927
0.056157914354636844
0.16902849882901305
0.043274515751409295
0.13148938916923691
0.06988351232055408
0.22619792257521906
0.15142172058102119
0.1388317840434895
0.2265539472549845
0.16968857320736086
0.17707233050347404
0.12334215279608324
0.05503929221414562
---weights per flow tunnel---
0.5,0.5,0.0,0.0
0.5,0.5,0.0,0.0
0.5,0.5,0.0,0.0
0.5,0.5,0.0,0.0
0.5,0.5,0.0,0.0
0.13672194694992973,0.8632780530500702,0.0,0.0
0.6570471958153918,0.34295280418460816,0.0,0.0
0.5,0.5,0.0,0.0
0.5,0.5,0.0,0.0
0.5,0.5,0.0,0.0
0.5,0.5,0.0,0.0
0.5,0.5,0.0,0.0
0.5,0.5,0.0,0.0
0.5,0.5,0.0,0.0
0.5,0.5,0.0,0.0
0.23801393044036603,0.7619860695596341,0.0,0.0
0.5,0.5,0.0,0.0
0.5,0.5,0.0,0.0
0.5,0.5,0.0,0.0
0.5,0.5,0.0,0.0
0.5,0.5,0.0,0.0
0.5,0.5,0.0,0.0
0.5,0.5,0.0,0.0
0.5,0.5,0.0,0.0
0.4679606032822202,0.5320393967177798,0.0,0.0
0.5,0.5,0.0,0.0
0.7138040213572465,0.1430979893213768,0.1430979893213768,0.0
0.5,0.5,0.0,0.0
0.3333333333333333,0.3333333333333333,0.3333333333333333,0.0
0.5,0.5,0.0,0.0
0.31049670244451816,0.6895032975554819,0.0,0.0
0.5,0.5,0.0,0.0
0.5,0.5,0.0,0.0
0.5,0.5,0.0,0.0
0.5,0.5,0.0,0.0
0.5,0.5,0.0,0.0
0.5,0.0,0.5,0.0
0.0,0.0,0.5,0.5
0.08165784133112171,0.8366843173377564,0.08165784133112172,0.0
0.5,0.0,0.5,0.0
0.5,0.5,0.0,0.0
0.5,0.5,0.0,0.0
0.5,0.5,0.0,0.0
0.5,0.5000000000000001,0.0,0.0
0.5,0.5,0.0,0.0
0.5,0.5,0.0,0.0
0.5,0.0,0.5,0.0
0.5,0.0,0.5,0.0
0.33333333333333337,0.33333333333333337,0.33333333333333337,0.0
0.5,0.5,0.0,0.0
0.5628439443000453,0.21857802784997737,0.21857802784997737,0.0
0.5,0.5,0.0,0.0
0.5,0.5,0.0,0.0
0.36859323198956473,0.6314067680104353,0.0,0.0
0.5,0.5,0.0,0.0
0.861642089602872,0.13835791039712797,0.0,0.0
0.5,0.5,0.0,0.0
0.1371948733019373,0.7256102533961254,0.1371948733019373,0.0
0.3061466518465555,0.4694629073406529,0.0,0.22439044081279153
0.33333333333333337,0.33333333333333337,0.33333333333333337,0.0
0.16696208469624893,0.833037915303751,0.0,0.0
0.3333333333333333,0.3333333333333333,0.3333333333333333,0.0
0.5,0.5,0.0,0.0
0.5,0.5,0.0,0.0
0.5,0.5,0.0,0.0
0.5,0.5,0.0,0.0
0.5,0.5,0.0,0.0
0.5,0.5,0.0,0.0
0.809392413319169,0.09530379334041547,0.09530379334041547,0.0
0.5,0.5,0.0,0.0
0.11074979591679061,0.6602468622442312,0.2290033418389781,0.0
0.03977564076626814,0.960224359233732,0.0,0.0
0.0,0.5,0.5,0.0
0.5,0.5,0.0,0.0
0.5,0.5,0.0,0.0
0.5,0.5,0.0,0.0
0.5,0.5,0.0,0.0
0.5,0.5,0.0,0.0
0.9902065338686867,0.009793466131313284,0.0,0.0
0.3333333333333333,0.3333333333333333,0.3333333333333333,0.0
0.5,0.5,0.0,0.0
0.5155986701622045,0.4844013298377955,0.0,0.0
0.0583858865457327,0.8832282269085346,0.0583858865457327,0.0
0.0,0.5001211985219711,0.499878801478029,0.0
0.5,0.5,0.0,0.0
0.5,0.5,0.0,0.0
0.5,0.5,0.0,0.0
0.22928846595843944,0.7707115340415606,0.0,0.0
0.49999999999999956,0.5000000000000004,0.0,0.0
0.5,0.5,0.0,0.0
0.5,0.5,0.0,0.0
0.5,0.5,0.0,0.0
0.5,0.5,0.0,0.0
0.5,0.5,0.0,0.0
0.5,0.5,0.0,0.0
0.5,0.5,0.0,0.0
0.11771448190043124,0.8822855180995688,0.0,0.0
0.7448123808479868,0.25518761915201316,0.0,0.0
0.010362708588604252,0.9896372914113958,0.0,0.0
0.5,0.5,0.0,0.0
0.5,0.5,0.0,0.0
0.5,0.5,0.0,0.0
0.5,0.5,0.0,0.0
0.5,0.5,0.0,0.0
0.5,0.5,0.0,0.0
0.5000000000000007,0.49999999999999933,0.0,0.0
0.5,0.5,0.0,0.0
0.16727269956929222,0.8327273004307079,0.0,0.0
0.012067102593016805,0.0,0.9879328974069832,0.0
0.5,0.5,0.0,0.0
0.5,0.5,0.0,0.0
0.5,0.5,0.0,0.0
0.5,0.5,0.0,0.0
0.5,0.5,0.0,0.0
0.5,0.5,0.0,0.0
0.5,0.5,0.0,0.0
0.5,0.5,0.0,0.0
0.5,0.5,0.0,0.0
0.5,0.5,0.0,0.0
0.5,0.0,0.5,0.0
0.9572316686612379,0.04276833133876213,0.0,0.0
0.5,0.5,0.0,0.0
0.5,0.5,0.0,0.0
0.5,0.5,0.0,0.0
0.5,0.5,0.0,0.0
0.5,0.5,0.0,0.0
0.5,0.5000000000000001,0.0,0.0
0.5,0.5,0.0,0.0
0.5,0.5,0.0,0.0
0.40630108693739075,0.5936989130626094,0.0,0.0
0.5,0.5,0.0,0.0
0.25132533925518497,0.7486746607448149,0.0,0.0
