---flow_allocation with alpha---
0.20339309488104126
0.10462974343900251
0.07607162008936276
0.06393604102788299
0.18486539466132249
0.053197770285814856
0.2320452473640354
0.17472860462090298
0.23561022998515752
0.142338989803603
0.07467352408124747
0.20351987257413262
0.13900869822797465
0.1092608305699796
0.04911825011312136
0.2051896600989505
0.22481682103383263
0.004589003656337652
0.040379420244703965
0.011104280747159133
0.10357573557709676
0.006251395989874103
0.19678019904691588
0.15998402052974345
0.22191953319130622
0.04854024494613397
0.10878511481880328
0.07567817279693666
0.037834911648338895
0.11631818377396942
0.19467530192735968
0.08079525582043688
0.10021985215623906
0.05478878090262618
0.15155844400984292
0.05222330290769988
0.011088206271256427
0.07701306402045846
0.03232492628439326
0.06648809937934354
0.010288719919841316
0.025257133793787877
0.01503298264601976
0.05326143643093478
0.020124397466712202
0.1583192806427409
0.13250384434848908
0.20809385227409377
0.19729859466560726
0.23390674867415828
0.20009109579762632
0.2394444253148577
0.21646154974955442
0.0931512141059232
0.14226121760057558
0.006857183017816257
0.18907092895132313
0.047851134679966274
0.23725639488650527
0.02944404969487858
0.05611427612518279
0.006850480429959232
0.205271049239903
0.09264951588022163
0.2127310480113442
0.12043085117333563
0.023353750753785422
0.15910818303002341
0.019078885390110295
0.1014305618443357
0.06440105868044113
0.11646441255545746
0.20697862974721729
0.21113511835895488
0.2317974790785327
0.12877689524708522
0.10237927662442463
0.22573034702673125
0.20938508303804082
0.14341070458606162
0.03161178026006794
0.20416974790521786
0.12983038870004165
0.18159370551771906
0.16405367048072161
0.1654378324364218
0.12387534957335594
0.22993629927400322
0.017764760212861923
0.06500487029764143
0.09299808902945816
0.06718743513090722
0.0180695491228703
0.23014192621385962
0.23929942629226414
0.08057303919196442
0.009447811591545065
0.08242389866694791
0.24128472333110013
0.004072000960629404
0.21478948757266367
0.13016703720682143
0.18652687930419254
0.23012242689962398
0.1790606352866008
0.0029647429310637624
0.05729535907285372
0.2335840454724893
0.06945517483348694
0.10407822470655795
0.15285793746753867
0.08467343793788902
0.04021480375456919
0.17730386442350646
0.14270307077513397
0.09809823674582954
0.00019590199848108485
0.20285893745063674
0.013421997690458607
0.081188220050709
0.08758956600818478
0.1680065415625611
0.16350468360482454
0.12415508355247583
0.07563507497215027
0.1574805770390509
0.02781509257665007
0.038884802631122005
0.044439881565824645
0.08270610823913646
0.19129482332861197
0.033326224911799915
---flow_allocation with ell_k_beta---
0.20339309488104126
0.10462974343900251
0.07607162008936276
0.06393604102788299
0.18486539466132249
0.053197770285814856
0.2320452473640354
0.17472860462090298
0.23561022998515752
0.142338989803603
0.07467352408124747
0.20351987257413262
0.13900869822797465
0.1092608305699796
0.04911825011312136
0.2051896600989505
0.22481682103383263
0.004589003656337652
0.040379420244703965
0.011104280747159133
0.10357573557709676
0.006251395989874103
0.19678019904691588
0.15998402052974345
0.22191953319130622
0.04854024494613397
0.10878511481880328
0.07567817279693666
0.037834911648338895
0.11631818377396942
0.19467530192735968
0.08079525582043688
0.10021985215623906
0.05478878090262618
0.15155844400984292
0.05222330290769988
0.011088206271256427
0.07701306402045846
0.03232492628439326
0.06648809937934354
0.010288719919841316
0.025257133793787877
0.01503298264601976
0.05326143643093478
0.020124397466712202
0.1583192806427409
0.13250384434848908
0.20809385227409377
0.19729859466560726
0.23390674867415828
0.20009109579762632
0.2394444253148577
0.21646154974955442
0.0931512141059232
0.14226121760057558
0.006857183017816257
0.18907092895132313
0.047851134679966274
0.23725639488650527
0.02944404969487858
0.05611427612518279
0.006850480429959232
0.205271049239903
0.09264951588022163
0.2127310480113442
0.12043085117333563
0.023353750753785422
0.15910818303002341
0.019078885390110295
0.1014305618443357
0.06440105868044113
0.11646441255545746
0.20697862974721729
0.21113511835895488
0.2317974790785327
0.12877689524708522
0.10237927662442463
0.22573034702673125
0.20938508303804082
0.14341070458606162
0.03161178026006794
0.20416974790521786
0.12983038870004165
0.18159370551771906
0.16405367048072161
0.1654378324364218
0.12387534957335594
0.22993629927400322
0.017764760212861923
0.06500487029764143
0.09299808902945816
0.06718743513090722
0.0180695491228703
0.23014192621385962
0.23929942629226414
0.08057303919196442
0.009447811591545065
0.08242389866694791
0.24128472333110013
0.004072000960629404
0.21478948757266367
0.13016703720682143
0.18652687930419254
0.23012242689962398
0.1790606352866008
0.0029647429310637624
0.05729535907285372
0.2335840454724893
0.06945517483348694
0.10407822470655795
0.15285793746753867
0.08467343793788902
0.04021480375456919
0.17730386442350646
0.14270307077513397
0.09809823674582954
0.00019590199848108485
0.20285893745063674
0.013421997690458607
0.081188220050709
0.08758956600818478
0.1680065415625611
0.16350468360482454
0.12415508355247583
0.07563507497215027
0.1574805770390509
0.02781509257665007
0.038884802631122005
0.044439881565824645
0.08270610823913646
0.19129482332861197
0.033326224911799915
---flow_allocation with per_flow_loss---
0.25305077
0.13017471
0.094644226
0.07954578999999999
0.2299996
0.06618581
0.28869824
0.0
0.0
0.0
0.0
0.2532085
0.17294716
0.13593646
0.06111029
0.25528596
0.27970501999999997
0.005709392000000001
0.0
0.0
0.0
0.0
0.24482336000000002
0.19904353
0.27610037
0.060391167
0.1353446
0.09415472
0.047072166000000006
0.0
0.0
0.0
0.0
0.06816526
0.18856088
0.06497343
0.013795351
0.09581552
0.040216938
0.082720924
0.0
0.0
0.0
0.0
0.025037695
0.19697235000000002
0.16485417000000002
0.2588992
0.24546832000000002
0.29101422000000005
0.24894259999999999
0.0
0.0
0.0
0.0
0.008531338999999999
0.2352319
0.059533813000000005
0.29518167
0.036632706
0.06981437
0.008523
0.25538722
0.0
0.0
0.0
0.029055483
0.19795385999999998
0.023736925
0.12619446
0.08012434
0.14489877
0.2575117
0.26268298
0.0
0.0
0.0
0.28084158000000004
0.26050567999999996
0.1784239
0.039329680000000006
0.25401704
0.161528
0.22592914
0.20410677000000002
0.20582887
0.0
0.0
0.0
0.0
0.0
0.0
0.0
0.28633022999999996
0.2977235
0.10024464999999999
0.01175446
0.10254738999999999
0.30019349999999995
0.0
0.0
0.0
0.0
0.0
0.0
0.0
0.07128381
0.29061273
0.0864124
0.12948854
0.0
0.0
0.0
0.0
0.0
0.0
0.0
0.0
0.016698929
0.101010025
0.108974236
0.0
0.0
0.0
0.0
0.0
0.0
0.0
0.0
0.1028985
0.23799875
0.0414627
---weights per flow per tunnel---
1.0,0.0,0.0,0.0
0.5,0.5,0.0,0.0
0.5,0.5,0.0,0.0
0.5,0.5,0.0,0.0
0.5,0.5,0.0,0.0
0.5,0.5,0.0,0.0
0.5,0.5,0.0,0.0
0.5,0.5,0.0,0.0
0.5393503089152553,0.4606496910847448,0.0,0.0
0.5950774522573052,0.40492254774269487,0.0,0.0
0.5,0.5,0.0,0.0
0.5,0.5,0.0,0.0
0.41710328776652694,0.5828967122334731,0.0,0.0
0.5,0.5,0.0,0.0
0.9314052310208114,0.06859476897918858,0.0,0.0
0.5,0.5,0.0,0.0
0.5,0.5,0.0,0.0
0.009810542887588989,0.990189457112411,0.0,0.0
0.5,0.5,0.0,0.0
1.0,0.0,0.0,0.0
0.5,0.5,0.0,0.0
0.5,0.5,0.0,0.0
0.5,0.5,0.0,0.0
0.5,0.5,0.0,0.0
0.3333333333333333,0.3333333333333333,0.3333333333333333,0.0
0.030164815248180488,0.9396703695036391,0.030164815248180488,0.0
0.33333333333333337,0.33333333333333337,0.33333333333333337,0.0
0.19983892410571785,0.6003221517885642,0.19983892410571785,0.0
0.3333333333333333,0.3333333333333333,0.3333333333333333,0.0
0.5,0.5,0.0,0.0
0.5,0.5,0.0,0.0
0.5,0.5,0.0,0.0
0.5,0.5,0.0,0.0
0.5,0.5,0.0,0.0
0.5,0.5,0.0,0.0
0.1090691808405398,0.7818616383189204,0.1090691808405398,0.0
0.10976457463296418,0.8766219831500718,0.013613442216963907,0.0
0.25,0.25,0.25,0.25
0.33333333333333337,0.33333333333333337,0.33333333333333337,0.0
0.9093050910904404,0.045347454454779786,0.045347454454779786,0.0
0.5,0.5,0.0,0.0
0.5,0.5,0.0,0.0
0.5,0.5,0.0,0.0
0.5,0.5,0.0,0.0
0.5,0.5,0.0,0.0
0.5,0.5,0.0,0.0
0.3333333333333333,0.3333333333333333,0.3333333333333333,0.0
0.3333333333333333,0.3333333333333333,0.3333333333333333,0.0
0.33333333333333337,0.33333333333333337,0.33333333333333337,0.0
0.0,0.8610761602652166,0.1389238397347834,0.0
0.33333333333333337,0.33333333333333337,0.33333333333333337,0.0
0.5,0.5,0.0,0.0
0.5,0.5,0.0,0.0
0.5,0.5,0.0,0.0
0.5,0.5,0.0,0.0
0.5,0.5,0.0,0.0
0.5,0.5,0.0,0.0
0.3333333333333333,0.3333333333333333,0.3333333333333333,0.0
0.33333333333333337,0.33333333333333337,0.33333333333333337,0.0
0.3333333333333333,0.3333333333333333,0.3333333333333333,0.0
0.33333333333333337,0.33333333333333337,0.33333333333333337,0.0
0.8020720367096805,0.0040615694154987544,0.1938663938748207,0.0
0.5,0.5,0.0,0.0
0.5,0.5,0.0,0.0
0.5,0.5,0.0,0.0
0.5,0.5,0.0,0.0
0.316613355679158,0.6833866443208421,0.0,0.0
0.5,0.5,0.0,0.0
0.8852330246265948,0.09343436149080693,0.021332613882598446,0.0
0.3333333333333333,0.3333333333333333,0.3333333333333333,0.0
0.18153554394644675,0.18153554394644675,0.6369289121071066,0.0
0.11805332286761863,0.7638933542647628,0.11805332286761863,0.0
0.7818631987618488,0.10906840061907551,0.10906840061907551,0.0
0.5,0.5,0.0,0.0
0.5,0.5,0.0,0.0
0.5,0.5,0.0,0.0
0.5,0.5,0.0,0.0
0.5,0.5,0.0,0.0
0.5,0.5,0.0,0.0
0.7071166016735996,0.10205036866854517,0.19083302965785523,0.0
0.3333333333333333,0.3333333333333333,0.3333333333333333,0.0
0.5078720176991388,0.24606399115043062,0.24606399115043062,0.0
0.3333333333333333,0.3333333333333333,0.3333333333333333,0.0
0.8553218362957637,0.0723390818521182,0.0723390818521182,0.0
0.5,0.5,0.0,0.0
0.5,0.5,0.0,0.0
0.5,0.5,0.0,0.0
0.5,0.5,0.0,0.0
0.5,0.5,0.0,0.0
0.5,0.5,0.0,0.0
0.6451793990129125,0.3548206009870875,0.0,0.0
0.5,0.5,0.0,0.0
0.5,0.5,0.0,0.0
0.5,0.5,0.0,0.0
0.5,0.5,0.0,0.0
0.5,0.5,0.0,0.0
0.5,0.5,0.0,0.0
0.5,0.5,0.0,0.0
0.4989962891227716,0.5010037108772284,0.0,0.0
0.5,0.5,0.0,0.0
0.5,0.5,0.0,0.0
0.6150474011801103,0.38495259881988964,0.0,0.0
0.5,0.5,0.0,0.0
0.5,0.5,0.0,0.0
0.5,0.5,0.0,0.0
0.5,0.5,0.0,0.0
0.5,0.5,0.0,0.0
0.1110544858969834,0.8889455141030166,0.0,0.0
0.2649275380289183,0.47014492394216345,0.2649275380289183,0.0
0.5,0.5,0.0,0.0
0.5,0.5,0.0,0.0
0.5,0.5,0.0,0.0
0.5,0.5,0.0,0.0
0.5,0.5,0.0,0.0
0.5,0.5,0.0,0.0
0.5,0.5,0.0,0.0
0.5,0.5,0.0,0.0
0.5,0.5,0.0,0.0
0.9816274516206314,0.01837254837936862,0.0,0.0
0.2319647171083278,0.5360705657833444,0.2319647171083278,0.0
0.5,0.5,0.0,0.0
0.6131830757256449,0.38681692427435516,0.0,0.0
0.5,0.5,0.0,0.0
0.5,0.5,0.0,0.0
0.5,0.5,0.0,0.0
0.5,0.5,0.0,0.0
0.5,0.5,0.0,0.0
0.8698691321022489,0.13013086789775108,0.0,0.0
0.5,0.5,0.0,0.0
0.032185817826649636,0.9678141821733502,0.0,0.0
0.09602905255748814,0.9039709474425118,0.0,0.0
0.961757941597244,0.03824205840275587,0.0,0.0
