---flow_allocation with alpha---
0.13493220311202597
0.12437244069010518
0.05644909287767692
0.1360171077591105
0.02262871000995531
0.5221654618222109
0.3047135225153893
0.08457775725766943
0.39141571495545274
0.36795371144729394
0.40585186711660126
0.13485937513929425
0.2978531036270947
0.21097332361184545
0.16524406421370622
0.5523371449045611
0.1732875132801919
0.2823992775806363
0.24172834618499156
0.1558181132165769
0.030803959630846783
0.3188078043718838
0.28256690028516745
0.4375825661413678
0.5421398890617902
0.12662716242721989
0.45608956065584644
0.3453314455705438
0.1889092740068741
0.4161885118637148
0.4776900235572364
0.08242511580235398
0.3556719533107933
0.15142770682062
0.5244510508013905
0.5366033849042032
0.10111423438562045
0.23805745666968975
0.4137466597655202
0.19414367558486928
0.530891238431632
0.5345805345128024
0.29906901053784196
0.015673793684345017
0.012626810593220088
0.12229771975191683
0.19038827735987118
0.0355941784757703
0.42081085383567524
0.2423041799076516
0.45770605353176314
0.16764757082896692
0.008540681889735913
0.42334200438802444
0.08665450144998241
0.4774197057952764
0.4381784855931837
0.4336791813289667
0.501347323849019
0.06205809009291375
0.38736571991899876
0.08592203299020287
0.059635814469435465
0.3498481654190174
0.2373330674627753
0.2555116158031413
0.2971815300698015
0.3365497610818417
0.2192333847423702
0.35403869632927243
0.5099449151517673
0.23337309576517373
0.06948194534038622
0.3349202661601431
0.3774507103205555
0.10427652644549022
0.23002525707965227
0.22756390650066455
0.025020001859271668
0.09617667400891736
0.0009249819614367865
0.4353101076685481
0.05500978659642345
0.31440745145678345
0.4804322898959799
0.12920296220664637
0.08273894958556645
0.17816668465328137
0.0
0.0
0.45776962316702646
0.1504462679944405
0.4592958218663706
0.5025707273521466
0.3321069335937572
0.552527395022568
0.5400053697239178
0.2977543908476254
0.05731310955858139
0.46618447929565937
0.42856172475695187
0.2946354413872259
0.11207409278735801
0.04438076281799882
0.10694750266815188
0.5096204604313698
0.5334542655591695
0.5423147789648098
0.030623689982279368
0.03130660293842626
0.16214588866413757
0.2667449429213351
0.3367121811329094
0.20658052234365937
0.14966013512764048
0.2632573483012442
0.455705610335702
0.04537618090793753
0.5096861221389253
0.12742878396958637
0.3449245742127423
0.09819486678674141
0.011220921649457243
0.15857374863132775
0.5132691721452235
0.34359334640476785
0.31502532849191134
0.5140770332014438
0.38504294160209934
0.3613390559987936
0.27987756888086884
0.11231481414941304
---flow_allocation with ell_k_beta---
0.13493220311202597
0.12437244069010518
0.05644909287767692
0.1360171077591105
0.02262871000995531
0.5221654618222109
0.3047135225153893
0.08457775725766943
0.39141571495545274
0.36795371144729394
0.40585186711660126
0.13485937513929425
0.2978531036270947
0.21097332361184545
0.16524406421370622
0.5523371449045611
0.1732875132801919
0.2823992775806363
0.24172834618499156
0.1558181132165769
0.030803959630846783
0.3188078043718838
0.28256690028516745
0.4375825661413678
0.5421398890617902
0.12662716242721989
0.45608956065584644
0.3453314455705438
0.1889092740068741
0.4161885118637148
0.4776900235572364
0.08242511580235398
0.3556719533107933
0.15142770682062
0.5244510508013905
0.5366033849042032
0.10111423438562045
0.23805745666968975
0.4137466597655202
0.19414367558486928
0.530891238431632
0.5345805345128024
0.29906901053784196
0.015673793684345017
0.012626810593220088
0.12229771975191683
0.19038827735987118
0.0355941784757703
0.42081085383567524
0.2423041799076516
0.45770605353176314
0.16764757082896692
0.008540681889735913
0.42334200438802444
0.08665450144998241
0.4774197057952764
0.4381784855931837
0.4336791813289667
0.501347323849019
0.06205809009291375
0.38736571991899876
0.08592203299020287
0.059635814469435465
0.3498481654190174
0.2373330674627753
0.2555116158031413
0.2971815300698015
0.3365497610818417
0.2192333847423702
0.35403869632927243
0.5099449151517673
0.23337309576517373
0.06948194534038622
0.3349202661601431
0.3774507103205555
0.10427652644549022
0.23002525707965227
0.22756390650066455
0.025020001859271668
0.09617667400891736
0.0009249819614367865
0.4353101076685481
0.05500978659642345
0.31440745145678345
0.4804322898959799
0.12920296220664637
0.08273894958556645
0.17816668465328137
0.0
0.0
0.45776962316702646
0.1504462679944405
0.4592958218663706
0.5025707273521466
0.3321069335937572
0.552527395022568
0.5400053697239178
0.2977543908476254
0.05731310955858139
0.46618447929565937
0.42856172475695187
0.2946354413872259
0.11207409278735801
0.04438076281799882
0.10694750266815188
0.5096204604313698
0.5334542655591695
0.5423147789648098
0.030623689982279368
0.03130660293842626
0.16214588866413757
0.2667449429213351
0.3367121811329094
0.20658052234365937
0.14966013512764048
0.2632573483012442
0.455705610335702
0.04537618090793753
0.5096861221389253
0.12742878396958637
0.3449245742127423
0.09819486678674141
0.011220921649457243
0.15857374863132775
0.5132691721452235
0.34359334640476785
0.31502532849191134
0.5140770332014438
0.38504294160209934
0.3613390559987936
0.27987756888086884
0.11231481414941304
---flow_allocation with per_flow_loss---
0.14705296
0.13554463
0.06151983
0.14823532
0.024661413
0.5690708
0.33208548000000004
0.09217525
0.426576
0.40100644
0.44230893
0.14697359000000002
0.3246088
0.22992474000000002
0.18008769000000002
0.60195276
0.18885367
0.30776677999999996
0.26344244
0.16981502
0.033571033
0.34744583
0.30794946
0.47688995
0.5908395000000001
0.13800189000000002
0.4970594
0.37635205
0.20587871000000002
0.4535741
0.5206002
0.08982924
0.38762143
0.16503023
0.5715617
0.58480566
0.11019717400000001
0.2594418
0.4509129
0.21158331000000002
0.5785804000000001
0.5826011
0.32593393
0.017081747
0.013761058
0.13328353999999998
0.20749056999999999
0.03879155
0.45861166
0.26406999999999997
0.4988211
0.18270709999999998
0.0093078785
0.46137018
0.094438545
0.5203056
0.4775394
0.47263593
0.5463826
0.067632675
0.4221622
0.09364028
0.06499281000000001
0.3812745
0.25865234
0.27846384
0.32387689999999997
0.36678152
0.23892679
0.38584145999999997
0.5557525000000001
0.25433665
0.07572340400000001
0.3650056499999986
0.41135654
0.11364352999999999
0.25068808000000004
0.24800563
0.027267510999999998
0.10481608
0.0010080717
0.47441336
0.059951233
0.34265019999999996
0.5235888
0.14080906999999998
0.090171265
0.19417113
0.0
0.0
0.49889037999999997
0.16396063
0.5005536748333347
0.5477159
0.3619396
0.6021601000000001
0.58851324
0.32450122
0.06246146
0.50806113
0.46705878
0.3211021
0.12214154
0.04836742
0.116554436
0.5553989
0.58137366
0.5910301
0.03337457
0.034118828000000004
0.17671121
0.29070624
0.36695853
0.22513734
0.16310388
0.28690536
0.49664096
0.049452255
0.55547046
0.13887552
0.37590863
0.107015564
0.012228880166662792
0.17281818999999998
0.5593753699999999
0.37445782000000005
0.34332358
0.5602558
0.41963077
0.39379759999999997
0.30501855
0.122403885
---weights per flow per tunnel---
1.0,0.0,0.0,0.0
1.0,0.0,0.0,0.0
0.5,0.5,0.0,0.0
0.5,0.5,0.0,0.0
0.5,0.5,0.0,0.0
0.44443491835981014,0.5555650816401899,0.0,0.0
0.5,0.5,0.0,0.0
0.6508770256090197,0.3491229743909804,0.0,0.0
1.0,0.0,0.0,0.0
1.0,0.0,0.0,0.0
1.0,0.0,0.0,0.0
1.0,0.0,0.0,0.0
0.5446229382602864,0.4553770617397136,0.0,0.0
0.5,0.5,0.0,0.0
0.5489111065739531,0.45108889342604686,0.0,0.0
0.5,0.5,0.0,0.0
0.5,0.5,0.0,0.0
0.5,0.5,0.0,0.0
0.5,0.5,0.0,0.0
1.0,0.0,0.0,0.0
1.0,0.0,0.0,0.0
0.6625388945311284,0.33746110546887165,0.0,0.0
1.0,0.0,0.0,0.0
1.0,0.0,0.0,0.0
0.5195416407761095,0.4109588829316573,0.06949947629223326,0.0
0.5,0.5,0.0,0.0
1.0,0.0,0.0,0.0
0.0,0.5,0.5,0.0
0.5,0.0,0.5,0.0
0.47610295750948645,0.5238970424905135,0.0,0.0
0.0,1.0,0.0,0.0
1.0,0.0,0.0,0.0
0.04617559285442691,0.953824407145573,0.0,0.0
0.5,0.5,0.0,0.0
0.5,0.5,0.0,0.0
0.6148983946993883,0.3851016053006117,0.0,0.0
0.5,0.0,0.5,0.0
0.20186475422700295,0.0,0.0,0.798135245772997
0.0,0.5,0.5,0.0
0.5,0.0,0.5,0.0
1.0,0.0,0.0,0.0
1.0,0.0,0.0,0.0
1.0,0.0,0.0,0.0
1.0,0.0,0.0,0.0
0.5,0.5,0.0,0.0
0.5,0.5,0.0,0.0
0.5,0.5,0.0,0.0
0.924735460049348,0.07526453995065197,0.0,0.0
1.0,0.0,0.0,0.0
0.33333333333333337,0.33333333333333337,0.33333333333333337,0.0
0.6856486617273934,0.1834040908635388,0.13094724740906782,0.0
0.5,0.5,0.0,0.0
0.0,1.0,0.0,0.0
0.0,1.0,0.0,0.0
0.0,1.0,0.0,0.0
0.5526032723203477,0.44739672767965244,0.0,0.0
0.5862872101678668,0.41371278983213333,0.0,0.0
0.8480030170769219,0.15199698292307795,0.0,0.0
0.0,0.43790337242178123,0.0,0.5620966275782188
1.0,0.0,0.0,0.0
0.5,0.5,0.0,0.0
0.5,0.0,0.5,0.0
1.0,0.0,0.0,0.0
0.0,1.0,0.0,0.0
1.0,0.0,0.0,0.0
1.0,0.0,0.0,0.0
0.5,0.5,0.0,0.0
0.5,0.5,0.0,0.0
0.5,0.5,0.0,0.0
0.3333333333333333,0.3333333333333333,0.3333333333333333,0.0
0.4754600153262203,0.5245399846737797,0.0,0.0
0.3725514698389921,0.5691820406443219,0.05826648951668602,0.0
0.9639471045752023,0.0,0.03605289542479771,0.0
0.3257208913524101,0.6742791086475899,0.0,0.0
1.0,0.0,0.0,0.0
1.0,0.0,0.0,0.0
0.0,1.0,0.0,0.0
0.5,0.5,0.0,0.0
0.5,0.5,0.0,0.0
0.5,0.5,0.0,0.0
0.9995202934810935,0.0004797065189066136,0.0,0.0
0.5884000964636683,0.4115999035363318,0.0,0.0
0.5,0.5,0.0,0.0
0.8660911166652249,0.0,0.13390888333477508,0.0
1.0,0.0,0.0,0.0
1.0,0.0,0.0,0.0
0.830465523948594,0.16953447605140606,0.0,0.0
1.0,0.0,0.0,0.0
0.0,0.0,0.0,0.0
0.0,0.0,0.0,0.0
1.0,0.0,0.0,0.0
1.0,0.0,0.0,0.0
0.0,1.0,0.0,0.0
1.0,0.0,0.0,0.0
0.35913856022754087,0.6408614397724591,0.0,0.0
1.0,0.0,0.0,0.0
0.45379059669467114,0.5462094033053287,0.0,0.0
0.18620063075240842,0.8137993692475917,0.0,0.0
0.6129488931728496,0.3870511068271504,0.0,0.0
0.8200536504993681,0.17994634950063196,0.0,0.0
1.0,0.0,0.0,0.0
0.0,1.0,0.0,0.0
1.0,0.0,0.0,0.0
0.0,1.0,0.0,0.0
0.0,1.0,0.0,0.0
1.0,0.0,0.0,0.0
1.0,0.0,0.0,0.0
0.20180087784707756,0.7981991221529223,0.0,0.0
0.5,0.0,0.5,0.0
0.5,0.5,0.0,0.0
1.0,0.0,0.0,0.0
1.0,0.0,0.0,0.0
1.0,0.0,0.0,0.0
1.0,0.0,0.0,0.0
0.1967683305061036,0.8032316694938965,0.0,0.0
1.0,0.0,0.0,0.0
1.0,0.0,0.0,0.0
0.0,1.0,0.0,0.0
0.5,0.5,0.0,0.0
0.5,0.0,0.5,0.0
0.3377084529846398,0.6622915470153602,0.0,0.0
0.0,1.0,0.0,0.0
1.0,0.0,0.0,0.0
0.0,1.0,0.0,0.0
1.0,0.0,0.0,0.0
0.0,1.0,0.0,0.0
1.0,0.0,0.0,0.0
0.3300317625746492,0.6699682374253508,0.0,0.0
1.0,0.0,0.0,0.0
0.15574804959067892,0.844251950409321,0.0,0.0
0.805329990362554,0.194670009637446,0.0,0.0
0.9615489312406278,0.03845106875937219,0.0,0.0
