---flow_allocation with alpha---
0.22608150627489756
0.1163011458755805
0.08455737626999445
0.07106807863507661
0.20548704914284172
0.05913195845570507
0.25792979392282384
0.19421950457614542
0.2618924488069462
0.15821684229382088
0.0830033232594117
0.22622242596458966
0.15451505813938332
0.12144882876458889
0.05459736957961365
0.2280784775625589
0.2498950397750236
0.0051009050210511124
0.0448837270349275
0.012342958441560586
0.11512956389446849
0.006948736497363416
0.21873094478266758
0.1778301685336613
0.24667456073204813
0.053954888187294936
0.12092004712798742
0.08412004010298496
0.04205537960979934
0.12929342665324964
0.216391247303649
0.08980793151524388
0.11139933313558158
0.06090044561579491
0.16846472261246312
0.0580487896648037
0.012325090864852594
0.08560383786270469
0.035930757771668376
0.07390481798720204
0.01143642215817961
0.028074556098504202
0.016709905330878277
0.05920272653166088
0.022369265263454726
0.17597972763531336
0.14728459063490712
0.23130663111345587
0.21930716720746818
0.2599989448955814
0.22241117062789145
0.26615434696036083
0.2406077416079456
0.10354219158088848
0.1581303946353247
0.007622098805159843
0.21016170895629394
0.05318890797023886
0.2637222426880572
0.03272852064985014
0.062373799254722764
0.007614648546538515
0.2281689456268347
0.10298452913601347
0.2364611040211142
0.13386486031475223
0.025958851507089584
0.17685663174125174
0.021207126768807198
0.11274509696353548
0.07158496880480557
0.12945596719180086
0.2300670059980831
0.23468714910916413
0.257654387192687
0.1431419019799748
0.11379964046528616
0.2509104691956565
0.2327418981082984
0.15940810639478276
0.03513806061807168
0.2269447946065958
0.14431291217004263
0.20185040449626854
0.182353786169092
0.18389235078976476
0.13769359101523904
0.25558559358933214
0.019746411498803348
0.07225613534564988
0.1033719854686509
0.07468216433810877
0.02008519947934359
0.2558141581250192
0.2659931733597747
0.0895609267183811
0.010501710871095285
0.09161824876391156
0.26819992942101484
0.00452623089918741
0.23874916162145274
0.1446871136715365
0.20733387167598805
0.25579248367074975
0.1990347713810624
0.0032954587173412834
0.0636866314922243
0.25964024429192656
0.07720286941955941
0.11568810546807397
0.16990917400095332
0.09411872316347931
0.0447007476468164
0.19708203349121164
0.15862153633959414
0.10904105244762628
0.00021775478132514867
0.22548776381513305
0.014919215703226548
0.09024473073472593
0.09736014405344892
0.18674759830325238
0.18174356004563116
0.1380045291982323
0.08407213473456242
0.17504746700890755
0.030917854072591396
0.04322238547571068
0.049397131052831014
0.0919319386913051
0.21263367778546094
0.03704375082606623
---flow_allocation with ell_k_beta---
0.22608150627489756
0.1163011458755805
0.08455737626999445
0.07106807863507661
0.20548704914284172
0.05913195845570507
0.25792979392282384
0.19421950457614542
0.2618924488069462
0.15821684229382088
0.0830033232594117
0.22622242596458966
0.15451505813938332
0.12144882876458889
0.05459736957961365
0.2280784775625589
0.2498950397750236
0.0051009050210511124
0.0448837270349275
0.012342958441560586
0.11512956389446849
0.006948736497363416
0.21873094478266758
0.1778301685336613
0.24667456073204813
0.053954888187294936
0.12092004712798742
0.08412004010298496
0.04205537960979934
0.12929342665324964
0.216391247303649
0.08980793151524388
0.11139933313558158
0.06090044561579491
0.16846472261246312
0.0580487896648037
0.012325090864852594
0.08560383786270469
0.035930757771668376
0.07390481798720204
0.01143642215817961
0.028074556098504202
0.016709905330878277
0.05920272653166088
0.022369265263454726
0.17597972763531336
0.14728459063490712
0.23130663111345587
0.21930716720746818
0.2599989448955814
0.22241117062789145
0.26615434696036083
0.2406077416079456
0.10354219158088848
0.1581303946353247
0.007622098805159843
0.21016170895629394
0.05318890797023886
0.2637222426880572
0.03272852064985014
0.062373799254722764
0.007614648546538515
0.2281689456268347
0.10298452913601347
0.2364611040211142
0.13386486031475223
0.025958851507089584
0.17685663174125174
0.021207126768807198
0.11274509696353548
0.07158496880480557
0.12945596719180086
0.2300670059980831
0.23468714910916413
0.257654387192687
0.1431419019799748
0.11379964046528616
0.2509104691956565
0.2327418981082984
0.15940810639478276
0.03513806061807168
0.2269447946065958
0.14431291217004263
0.20185040449626854
0.182353786169092
0.18389235078976476
0.13769359101523904
0.25558559358933214
0.019746411498803348
0.07225613534564988
0.1033719854686509
0.07468216433810877
0.02008519947934359
0.2558141581250192
0.2659931733597747
0.0895609267183811
0.010501710871095285
0.09161824876391156
0.26819992942101484
0.00452623089918741
0.23874916162145274
0.1446871136715365
0.20733387167598805
0.25579248367074975
0.1990347713810624
0.0032954587173412834
0.0636866314922243
0.25964024429192656
0.07720286941955941
0.11568810546807397
0.16990917400095332
0.09411872316347931
0.0447007476468164
0.19708203349121164
0.15862153633959414
0.10904105244762628
0.00021775478132514867
0.22548776381513305
0.014919215703226548
0.09024473073472593
0.09736014405344892
0.18674759830325238
0.18174356004563116
0.1380045291982323
0.08407213473456242
0.17504746700890755
0.030917854072591396
0.04322238547571068
0.049397131052831014
0.0919319386913051
0.21263367778546094
0.03704375082606623
---flow_allocation with per_flow_loss---
0.25305077
0.0
0.094644226
0.07954578999999999
0.2299996
0.06618581
0.0
0.0
0.0
0.0
0.0
0.2532085
0.17294716
0.13593646
0.06111029
0.25528596
0.27970501999999997
0.0
0.0
0.0
0.0
0.0
0.24482336000000002
0.19904353
0.27610037
0.060391167
0.1353446
0.09415472
0.047072166000000006
0.14471683999999999
0.24220455999999999
0.10052111999999999
0.12468815999999999
0.06816526
0.18856088
0.06497343
0.013795351
0.09581552
0.040216938
0.082720924
0.012800673
0.031423570000000005
0.01870323
0.06626502000000001
0.025037695
0.19697235000000002
0.16485417000000002
0.2588992
0.24546832000000002
0.29101422000000005
0.24894259999999999
0.2979039
0.26930984
0.11589374
0.17699377000000002
0.008531338999999999
0.2352319
0.059533813000000005
0.29518167
0.036632706
0.06981437
0.008523
0.20518359730000096
0.115269554
0.25828351739999833
0.14983359999999998
0.029055483
0.19795385999999998
0.023736925
0.12619446
0.08012434
0.14489877
0.2575117
0.26268298
0.28838998
0.1602173
0.12737479999999998
0.0
0.0
0.1784239
0.039329680000000006
0.25401704
0.161528
0.22592914
0.20410677000000002
0.14924021469999904
0.15411906
0.2860744
0.0
0.0
0.11570323
0.083591
0.022481163
0.28633022999999996
0.2977235
0.10024464999999999
0.01175446
0.10254738999999999
0.30019349999999995
0.0
0.0
0.16194684
0.23206673
0.28630597
0.22277762999999998
0.003688574
0.07128381
0.29061273
0.0864124
0.12948854
0.0
0.0
0.0500331
0.22059195
0.1775435
0.12204856
0.00024373074999999998
0.2523862
0.016698929
0.101010025
0.108974236
0.0
0.0
0.15446709
0.09410110000000001
0.19592888
0.034606045
0.048378383999999997
0.055289715
0.1028985
0.23799875
0.0414627
---weights per flow per tunnel---
0.5,0.5,0.0,0.0
1.0,0.0,0.0,0.0
0.5,0.5,0.0,0.0
0.5,0.5,0.0,0.0
0.5,0.5,0.0,0.0
0.5,0.5,0.0,0.0
0.5,0.5,0.0,0.0
0.5,0.5,0.0,0.0
0.5,0.5,0.0,0.0
0.5,0.5,0.0,0.0
0.5,0.5,0.0,0.0
0.7186775649600807,0.28132243503991927,0.0,0.0
0.5,0.5,0.0,0.0
0.5,0.5,0.0,0.0
0.5,0.5,0.0,0.0
0.8086554330639771,0.19134456693602292,0.0,0.0
0.5,0.5,0.0,0.0
0.012935683579424925,0.9870643164205751,0.0,0.0
0.5,0.5,0.0,0.0
0.5,0.5,0.0,0.0
0.5,0.5,0.0,0.0
0.5,0.5,0.0,0.0
0.5,0.5,0.0,0.0
0.5,0.5,0.0,0.0
0.3333333333333333,0.3333333333333333,0.3333333333333333,0.0
0.03490395918205632,0.9301920816358875,0.03490395918205632,0.0
0.33333333333333337,0.33333333333333337,0.33333333333333337,0.0
0.33333333333333337,0.33333333333333337,0.33333333333333337,0.0
0.690351062834988,0.15482446858250593,0.15482446858250593,0.0
0.5,0.5,0.0,0.0
0.5,0.5,0.0,0.0
0.5,0.5,0.0,0.0
0.5,0.5,0.0,0.0
0.5,0.5,0.0,0.0
0.5,0.5,0.0,0.0
0.3333333333333333,0.3333333333333333,0.3333333333333333,0.0
0.3333333333333333,0.3333333333333333,0.3333333333333333,0.0
0.1597515266851988,0.02865812847586711,0.30613804292361335,0.5054523019153209
0.05950868957088361,0.38669551713308353,0.553795793296033,0.0
0.3333333333333333,0.3333333333333333,0.3333333333333333,0.0
0.5,0.5,0.0,0.0
0.5,0.5,0.0,0.0
0.5,0.5,0.0,0.0
0.5,0.5,0.0,0.0
0.5,0.5,0.0,0.0
0.5,0.5,0.0,0.0
0.3333333333333333,0.3333333333333333,0.3333333333333333,0.0
0.3333333333333333,0.3333333333333333,0.3333333333333333,0.0
0.5502215065538038,0.22488924672309807,0.22488924672309807,0.0
0.33333333333333337,0.33333333333333337,0.33333333333333337,0.0
0.33333333333333337,0.33333333333333337,0.33333333333333337,0.0
0.5,0.5,0.0,0.0
0.5,0.5,0.0,0.0
0.5,0.5,0.0,0.0
0.5,0.5,0.0,0.0
0.9298915618984632,0.07010843810153675,0.0,0.0
0.5,0.5,0.0,0.0
0.9573195722254927,0.021340213887253722,0.021340213887253722,0.0
0.28989755287531527,0.13030734137405428,0.28989755287531527,0.28989755287531527
0.3333333333333333,0.3333333333333333,0.3333333333333333,0.0
0.043009981695167586,0.9139800366096648,0.043009981695167586,0.0
0.0056993667429198445,0.9200779047436451,0.07422272851343499,0.0
0.5545015237768506,0.44549847622314936,0.0,0.0
0.5,0.5,0.0,0.0
0.5061047971678806,0.49389520283211935,0.0,0.0
0.5,0.5,0.0,0.0
0.9291491229838706,0.07085087701612938,0.0,0.0
0.5,0.5,0.0,0.0
0.11402784538566493,0.7719443092286702,0.11402784538566493,0.0
0.3333333333333333,0.3333333333333333,0.3333333333333333,0.0
0.043135937144133905,0.7659029354475178,0.19096112740834825,0.0
0.20963952628860272,0.5807209474227947,0.20963952628860272,0.0
0.3333333333333333,0.3333333333333333,0.3333333333333333,0.0
0.5000000000000001,0.4999999999999999,0.0,0.0
0.5,0.5,0.0,0.0
0.5,0.5,0.0,0.0
0.5,0.5,0.0,0.0
0.5,0.5,0.0,0.0
0.5,0.5,0.0,0.0
0.3333333333333333,0.3333333333333333,0.3333333333333333,0.0
0.3333333333333333,0.3333333333333333,0.3333333333333333,0.0
0.3333333333333333,0.3333333333333333,0.3333333333333333,0.0
0.3333333333333333,0.3333333333333333,0.3333333333333333,0.0
0.7075155043944101,0.14624224780279485,0.14624224780279485,0.0
0.5,0.5,0.0,0.0
0.5796868239709086,0.42031317602909135,0.0,0.0
0.5,0.5,0.0,0.0
0.5,0.5,0.0,0.0
0.5,0.5,0.0,0.0
0.5,0.5,0.0,0.0
0.5,0.5,0.0,0.0
0.5,0.5,0.0,0.0
0.5,0.5,0.0,0.0
0.5,0.5,0.0,0.0
0.5,0.5,0.0,0.0
0.5,0.5,0.0,0.0
0.029009530699930158,0.9709904693000698,0.0,0.0
0.10216352796001764,0.8978364720399823,0.0,0.0
0.5,0.5,0.0,0.0
0.9750762499978907,0.02492375000210927,0.0,0.0
0.5,0.5,0.0,0.0
0.5,0.5,0.0,0.0
0.7415715362941735,0.2584284637058265,0.0,0.0
0.5,0.5,0.0,0.0
0.5,0.5,0.0,0.0
0.5,0.5,0.0,0.0
0.09262924310978786,0.9073707568902122,0.0,0.0
0.30655342711915073,0.6934465728808493,0.0,0.0
0.016357062791155563,0.6047400696579681,0.3789028675508764,0.0
0.9232301211094164,0.0767698788905836,0.0,0.0
0.5,0.5,0.0,0.0
0.5,0.5,0.0,0.0
0.5,0.5,0.0,0.0
0.5,0.5,0.0,0.0
0.5,0.5,0.0,0.0
0.5,0.5,0.0,0.0
0.5,0.5,0.0,0.0
0.5,0.5,0.0,0.0
0.5,0.5,0.0,0.0
0.01601241351440522,0.4403437667663851,0.5436438197192097,0.0
0.5,0.5,0.0,0.0
0.5,0.5,0.0,0.0
0.5,0.5,0.0,0.0
0.5,0.5,0.0,0.0
0.5,0.5,0.0,0.0
0.5,0.5,0.0,0.0
0.5,0.5,0.0,0.0
0.5,0.5,0.0,0.0
0.5,0.5,0.0,0.0
0.5,0.5,0.0,0.0
0.11351005798095719,0.8864899420190427,0.0,0.0
0.1502738713552256,0.8497261286447744,0.0,0.0
