---flow_allocation with alpha---
0.10966551567122544
0.10108311825491614
0.045878735667450175
0.11054726683834938
0.018391378003040963
0.4243875317806374
0.24765448727537634
0.0
0.31812128782017485
0.2990526544319973
0.12296221901487152
0.10960632507772208
0.24207871397772393
0.17146757996352086
0.13430133871422778
0.44890942579542364
0.14083861424451052
0.2295186892883529
0.0
0.12664044121940463
0.025035773816186536
0.1172152782962864
0.22965492385583677
0.3556431797440522
0.4406216539023016
0.10291563277919553
0.3706846527960397
0.2806665138680161
0.15353512705814748
0.33825526240078385
0.3882403277808423
0.06699062655355098
0.2890707130694126
0.12307215899830196
0.4262451335112346
0.4361218860970315
0.08218012008885613
0.19348008216679852
0.3362706585525902
0.15778936240776623
0.4314793658234686
0.434477823922233
0.24306693662065076
0.012738802356106319
0.010262381129571565
0.09939689853632595
0.15473718010141718
0.028929001731322682
0.3420120491742343
0.19693158657466328
0.3719984498046684
0.13625477745088674
0.006941399176919745
0.34406922992251293
0.07042803991613109
0.38802062828675027
0.3561275104855257
0.35247072203238344
0.4074676877145819
0.05043742186556052
0.3148296733360485
0.06983272960842092
0.048468728705440396
0.28433745675563854
0.19289133823398813
0.20766586819734614
0.2415328957166038
0.27352924095833153
0.17818090593362138
0.287743291112525
0.41445533975020105
0.18967288979658742
0.05647112542338852
0.27220487659793335
0.3067712957551556
0.0847502581393015
0.18695194959577432
0.18495149844870268
0.020334889245927534
0.07816714103433497
0.0007517747538986557
0.35379624977095814
0.04470894623318556
0.2555331825884261
0.3904690918950432
0.10500910197751664
0.06724569348996254
0.14480413791000568
0.0
0.0
0.37205011572778685
0.12227449919218895
0.4410806662533324
0.40846200317783027
0.269918353740292
0.44906405068715843
0.4388868333146348
0.24199848562886303
0.0465809611753318
0.0
0.34831153318827063
0.23946357407299654
0.09108769363756845
0.036070256973995914
0.08692108154578314
0.4141916406968712
0.4335624541088305
0.4407637948512967
0.024889260504211613
0.025444294808603957
0.13178331105702468
0.030537305501615257
0.27366124709359707
0.16789735132123834
0.12163557338919036
0.21396117598203107
0.3703725989728629
0.03687927836120985
0.41424500694193983
0.10356714693066757
0.2803358310789112
0.07980741775552853
0.0
0.12888007098747153
0.41715711404131217
0.27925388191725564
0.25603535925282445
0.4178136993284252
0.31294184614552056
0.29367662421817936
0.22746918236150743
0.09128333879635185
---flow_allocation with ell_k_beta---
0.10966551567122543
0.10108311825491613
0.04587873566745017
0.11054726683834935
0.01839137800304096
0.42438753178063726
0.24765448727537628
0.0
0.3181212878201748
0.29905265443199724
0.1229622190148715
0.10960632507772207
0.2420787139777239
0.17146757996352083
0.13430133871422775
0.44890942579542353
0.1408386142445105
0.22951868928835287
0.0
0.12664044121940463
0.025035773816186532
0.11721527829628639
0.22965492385583675
0.35564317974405213
0.44062165390230157
0.10291563277919552
0.3706846527960396
0.28066651386801605
0.15353512705814745
0.3382552624007838
0.3882403277808422
0.06699062655355098
0.28907071306941257
0.12307215899830194
0.42624513351123455
0.43612188609703145
0.08218012008885611
0.1934800821667985
0.33627065855259014
0.1577893624077662
0.4314793658234685
0.43447782392223294
0.2430669366206507
0.012738802356106317
0.010262381129571563
0.09939689853632594
0.15473718010141715
0.02892900173132268
0.3420120491742342
0.19693158657466325
0.37199844980466834
0.1362547774508867
0.0069413991769197445
0.3440692299225129
0.07042803991613107
0.3880206282867502
0.35612751048552566
0.3524707220323834
0.4074676877145818
0.050437421865560515
0.31482967333604844
0.06983272960842092
0.04846872870544039
0.2843374567556385
0.1928913382339881
0.20766586819734612
0.24153289571660375
0.2735292409583315
0.17818090593362135
0.287743291112525
0.414455339750201
0.1896728897965874
0.056471125423388516
0.2722048765979333
0.3067712957551556
0.08475025813930148
0.1869519495957743
0.18495149844870265
0.02033488924592753
0.07816714103433496
0.0007517747538986556
0.3537962497709581
0.044708946233185554
0.2555331825884261
0.39046909189504314
0.10500910197751663
0.06724569348996252
0.14480413791000568
0.0
0.0
0.3720501157277868
0.12227449919218894
0.44108066625333237
0.4084620031778302
0.26991835374029194
0.4490640506871584
0.43888683331463474
0.241998485628863
0.046580961175331795
0.0
0.3483115331882706
0.23946357407299648
0.09108769363756844
0.036070256973995914
0.08692108154578312
0.41419164069687114
0.43356245410883043
0.4407637948512966
0.02488926050421161
0.025444294808603954
0.13178331105702468
0.030537305501615254
0.27366124709359707
0.16789735132123831
0.12163557338919033
0.21396117598203102
0.37037259897286284
0.03687927836120984
0.4142450069419398
0.10356714693066756
0.28033583107891114
0.07980741775552852
0.0
0.1288800709874715
0.4171571140413121
0.2792538819172556
0.2560353592528244
0.41781369932842516
0.31294184614552056
0.2936766242181793
0.2274691823615074
0.09128333879635184
---flow_allocation with per_flow_loss---
0.14705296
0.13554463
0.06151983
0.14823532
0.024661413
0.5690708
0.0
0.0
0.0
0.0
0.0
0.14697359000000002
0.3246088
0.22992474000000002
0.18008769000000002
0.60195276
0.18885367
0.0
0.0
0.0
0.0
0.0
0.0
0.47688995
0.5908395000000001
0.13800189000000002
0.4970594
0.37635205
0.20587871000000002
0.0
0.11437596564999675
0.0
0.0
0.16503023
0.5715617
0.58480566
0.11019717400000001
0.2594418
0.4509129
0.21158331000000002
0.44850227468753256
0.0
0.32593392999999493
0.0
0.013761058
0.13328353999999998
0.20749056999999999
0.03879155
0.45861166
0.26406999999999997
0.4988211
0.07928550185000025
0.0
0.0
0.0
0.5203056
0.4775394
0.47263593
0.5463826
0.067632675
0.4221622
0.09364028
0.0
0.3812745
0.0
0.0
0.32387689999999997
0.36678152
0.23892679
0.38584145999999997
0.5557525000000001
0.25433665
0.07572340400000001
0.0
0.30049965216246743
0.11364352999999999
0.0
0.0
0.0
0.10481608
0.0010080717
0.47441336
0.059951233
0.34265019999999996
0.33574819493753183
0.0
0.0
0.0
0.0
0.0
0.21091613959999944
0.07394021081246394
0.036659803049997164
0.0
0.0
0.0
0.58851324
0.32450122
0.06246146
0.0
0.0
0.2690200975625165
0.0
0.0
0.0
0.0
0.0
0.5910301
0.03337457
0.034118828000000004
0.0
0.0
0.0
0.09849649947502623
0.0
0.0
0.49664096
0.0
0.55547046
0.13887552
0.37590863
0.0
0.0
0.0
0.25129661574999546
0.0
0.0
0.1244579254999959
0.0
0.39379759999999997
0.30501855
0.122403885
---weights per flow per tunnel---
0.5,0.5,0.0,0.0
0.5,0.5,0.0,0.0
0.5,0.5,0.0,0.0
0.5,0.5,0.0,0.0
0.5,0.5,0.0,0.0
0.5,0.5,0.0,0.0
0.5,0.5,0.0,0.0
0.0,0.0,0.0,0.0
1.0,0.0,0.0,0.0
1.0,0.0,0.0,0.0
0.0,1.0,0.0,0.0
0.7885792409550084,0.21142075904499166,0.0,0.0
0.5,0.5,0.0,0.0
0.5,0.5,0.0,0.0
0.5,0.5,0.0,0.0
0.567109579818701,0.4328904201812991,0.0,0.0
0.5,0.5,0.0,0.0
0.5,0.5,0.0,0.0
0.0,0.0,0.0,0.0
1.0,0.0,0.0,0.0
1.0,0.0,0.0,0.0
0.0,1.0,0.0,0.0
1.0,0.0,0.0,0.0
0.49999999999999933,0.5000000000000007,0.0,0.0
0.5,0.5,0.0,0.0
0.0,0.5,0.5,0.0
0.5,0.0,0.5,0.0
0.12468047804239928,0.5,0.3753195219576007,0.0
0.5,0.5,0.0,0.0
0.0,1.0,0.0,0.0
0.18336510592534797,0.8166348940746521,0.0,0.0
1.0,0.0,0.0,0.0
0.0,1.0,0.0,0.0
0.5,0.5,0.0,0.0
0.5,0.5,0.0,0.0
0.44209705395259546,0.44209705395259546,0.11580589209480903,0.0
0.5,0.5,0.0,0.0
0.33333333333333337,0.33333333333333337,0.0,0.33333333333333337
0.3020971373028716,0.667138181406984,0.030764681290144414,0.0
0.5,0.5,0.0,0.0
0.43667592272840117,0.5633240772715989,0.0,0.0
1.0,0.0,0.0,0.0
0.5000000000000039,0.49999999999999606,0.0,0.0
0.0,1.0,0.0,0.0
0.5,0.5,0.0,0.0
0.5,0.5,0.0,0.0
0.22032876000352414,0.5593424799929517,0.22032876000352414,0.0
0.6514906872839276,0.34850931271607233,0.0,0.0
0.6823732451815364,0.0,0.31762675481846353,0.0
0.48501584502771156,0.48501584502771156,0.029968309944576787,0.0
0.47769270782405737,0.47769270782405737,0.04461458435188534,0.0
0.566051336538097,0.433948663461903,0.0,0.0
1.0,0.0,0.0,0.0
1.0,0.0,0.0,0.0
0.0,1.0,0.0,0.0
0.5,0.5,0.0,0.0
0.5,0.5,0.0,0.0
0.5,0.3535420805158458,0.14645791948415424,0.0
0.28690138084892264,0.30214088780997733,0.10881684353112275,0.30214088780997733
0.5,0.3559771293056631,0.14402287069433686,0.0
0.21476761082943885,0.7852323891705612,0.0,0.0
0.33333333333333554,0.33333333333332893,0.33333333333333554,0.0
1.0,0.0,0.0,0.0
0.5,0.5,0.0,0.0
1.0,0.0,0.0,0.0
1.0,0.0,0.0,0.0
0.5,0.5,0.0,0.0
0.500000000000003,0.49999999999999706,0.0,0.0
0.5,0.5,0.0,0.0
0.34215796465773535,0.34215796465773535,0.31568407068452925,0.0
0.5,0.5,0.0,0.0
0.1281641207484705,0.8718358792515295,0.0,0.0
0.9419549787691445,0.0,0.058045021230855406,0.0
1.0,0.0,0.0,0.0
0.5627478761991522,0.43725212380084777,0.0,0.0
1.0,0.0,0.0,0.0
1.0,0.0,0.0,0.0
0.5,0.5,0.0,0.0
0.5,0.5,0.0,0.0
0.5,0.5,0.0,0.0
0.998694962907812,0.0006525185460939576,0.0006525185460939576,0.0
0.3060120739752995,0.6939879260247005,0.0,0.0
0.10692090268167824,0.8930790973183217,0.0,0.0
0.5079575653788121,0.0,0.49204243462118785,0.0
0.3907060872689864,0.6092939127310136,0.0,0.0
1.0,0.0,0.0,0.0
1.0,0.0,0.0,0.0
1.0,0.0,0.0,0.0
0.0,0.0,0.0,0.0
0.0,0.0,0.0,0.0
0.5772294915768882,0.4227705084231118,0.0,0.0
0.6891973539902255,0.3108026460097745,0.0,0.0
0.9380175955060027,0.06198240449399728,0.0,0.0
1.0,0.0,0.0,0.0
1.0,0.0,0.0,0.0
1.0,0.0,0.0,0.0
0.24501491398043843,0.7549850860195616,0.0,0.0
0.29854074360313054,0.7014592563968695,0.0,0.0
0.5419194957638894,0.4580805042361105,0.0,0.0
0.0,0.0,0.0,0.0
1.0,0.0,0.0,0.0
0.46663113087395935,0.5333688691260405,0.0,0.0
1.0,0.0,0.0,0.0
1.0,0.0,0.0,0.0
0.0,1.0,0.0,0.0
1.0,0.0,0.0,0.0
1.0,0.0,0.0,0.0
0.5,0.5,0.0,0.0
0.011628015243863655,0.011628015243863655,0.9767439695122726,0.0
0.012295650116233318,0.9877043498837667,0.0,0.0
0.0,1.0,0.0,0.0
1.0,0.0,0.0,0.0
1.0,0.0,0.0,0.0
0.69565450994,0.30434549005999995,0.0,0.0
1.0,0.0,0.0,0.0
1.0,0.0,0.0,0.0
1.0,0.0,0.0,0.0
1.0,0.0,0.0,0.0
0.5,0.5,0.0,0.0
0.05478429118893081,0.7708986633489566,0.17431704546211252,0.0
0.5,0.5,0.0,0.0
1.0,0.0,0.0,0.0
0.0,0.0,0.0,0.0
0.0,1.0,0.0,0.0
0.3099855677355222,0.6900144322644779,0.0,0.0
0.0,1.0,0.0,0.0
1.0,0.0,0.0,0.0
0.777855177045921,0.22214482295407903,0.0,0.0
1.0,0.0,0.0,0.0
0.14233300386406814,0.8576669961359318,0.0,0.0
0.3194039149536923,0.6805960850463076,0.0,0.0
0.5,0.5,0.0,0.0
