---flow_allocation with alpha---
0.017368618808636008
0.006569518042573894
0.0015486949597905543
0.00016874306648884365
0.013542465992818543
0.02114341939450349
0.009161942020322705
0.011891769867557193
0.027175876351526348
0.012650792480587387
0.026343728271385418
0.014758643527062201
0.0230650689524756
0.01979375495253331
0.015140239889397786
0.001268095017906223
0.03054110137396155
0.009380223304655448
0.006194686307322857
0.03207559141135349
0.02153305624488293
0.022074859286351504
0.01472971817376812
0.006813781406556909
0.01434476062380764
0.03085365932166502
0.0038857336808704
0.028034202512884396
0.01710624935979241
0.01916722253728124
0.00973848365363402
0.016733198160193752
0.024200529231604845
0.010344505872683494
0.02975691996008719
0.00659331368005657
0.018318617006371003
0.0029493071697026686
0.030744950226016157
0.009898454697534633
0.019408621353261296
0.023091640661896975
0.022183705610181664
0.0077891510185353905
0.01625129792831399
0.030872036161338573
0.010558419328456145
0.01810282569127529
0.028631843881887706
0.0096321417441126
0.002478174384561625
0.01590691658480344
0.03302299039899662
0.01383909734613826
0.006699128615305453
0.008783731221670529
0.008011243093350181
0.030186902798586098
0.0024680837797144916
0.020010161988810917
0.031666995404346955
0.030786787667790284
0.0030387714574312435
0.021460606084874916
0.006100318098310134
0.023075262659022107
0.01486875289185052
0.03025972221073985
0.03374423463540485
0.02350423705095184
0.01042184568946734
0.01861532419631723
0.004546335610299677
0.005582089052755102
0.023410373877758982
0.02273259305650989
0.006609565559399021
0.008902503115403469
0.0017922219862428525
0.026004653686096495
0.006945875719088317
0.007194170883150633
0.020891963197341244
0.01394403040975889
0.0010825161119944746
0.0038015766930536393
0.026689268831901168
0.016345568271965833
0.03266100231869836
0.03086146688292746
0.025496339737767246
0.010501889443113003
0.027185944566512323
0.019340070459799588
0.0334838658289939
0.01785732086365999
0.005063755099866733
0.011672791608514158
0.008149356938110695
0.033008608524469484
0.02373965831569247
0.009240283061139857
0.006076348307431583
0.00793121197914227
0.012848897611000963
0.004451444218845745
0.028909581081403044
0.021922361761429893
0.028175573721316842
0.020815518975003788
0.022632628646151034
0.0273910302778326
0.032400593788340204
0.012925688515059605
0.005741869602272464
0.026599315759058408
0.0022996942382995543
0.033273037298849575
0.02994737100812531
0.010000576840481048
0.0065007490285292745
0.014006042651226703
0.023692785863608377
0.0024403927577985314
0.012441259492812579
0.013224195922068423
0.0316668708156034
0.009173700308699437
0.02095779932013735
0.0012951609293436782
0.029742802610935856
0.025477835600899192
---flow_allocation with ell_k_beta---
0.017368618808636008
0.006569518042573894
0.0015486949597905543
0.00016874306648884365
0.013542465992818543
0.02114341939450349
0.009161942020322705
0.011891769867557193
0.027175876351526348
0.012650792480587387
0.026343728271385418
0.014758643527062201
0.0230650689524756
0.01979375495253331
0.015140239889397786
0.001268095017906223
0.03054110137396155
0.009380223304655448
0.006194686307322857
0.03207559141135349
0.02153305624488293
0.022074859286351504
0.01472971817376812
0.006813781406556909
0.01434476062380764
0.03085365932166502
0.0038857336808704
0.028034202512884396
0.01710624935979241
0.01916722253728124
0.00973848365363402
0.016733198160193752
0.024200529231604845
0.010344505872683494
0.02975691996008719
0.00659331368005657
0.018318617006371003
0.0029493071697026686
0.030744950226016157
0.009898454697534633
0.019408621353261296
0.023091640661896975
0.022183705610181664
0.0077891510185353905
0.01625129792831399
0.030872036161338573
0.010558419328456145
0.01810282569127529
0.028631843881887706
0.0096321417441126
0.002478174384561625
0.01590691658480344
0.03302299039899662
0.01383909734613826
0.006699128615305453
0.008783731221670529
0.008011243093350181
0.030186902798586098
0.0024680837797144916
0.020010161988810917
0.031666995404346955
0.030786787667790284
0.0030387714574312435
0.021460606084874916
0.006100318098310134
0.023075262659022107
0.01486875289185052
0.03025972221073985
0.03374423463540485
0.02350423705095184
0.01042184568946734
0.01861532419631723
0.004546335610299677
0.005582089052755102
0.023410373877758982
0.02273259305650989
0.006609565559399021
0.008902503115403469
0.0017922219862428525
0.026004653686096495
0.006945875719088317
0.007194170883150633
0.020891963197341244
0.01394403040975889
0.0010825161119944746
0.0038015766930536393
0.026689268831901168
0.016345568271965833
0.03266100231869836
0.03086146688292746
0.025496339737767246
0.010501889443113003
0.027185944566512323
0.019340070459799588
0.0334838658289939
0.01785732086365999
0.005063755099866733
0.011672791608514158
0.008149356938110695
0.033008608524469484
0.02373965831569247
0.009240283061139857
0.006076348307431583
0.00793121197914227
0.012848897611000963
0.004451444218845745
0.028909581081403044
0.021922361761429893
0.028175573721316842
0.020815518975003788
0.022632628646151034
0.0273910302778326
0.032400593788340204
0.012925688515059605
0.005741869602272464
0.026599315759058408
0.0022996942382995543
0.033273037298849575
0.02994737100812531
0.010000576840481048
0.0065007490285292745
0.014006042651226703
0.023692785863608377
0.0024403927577985314
0.012441259492812579
0.013224195922068423
0.0316668708156034
0.009173700308699437
0.02095779932013735
0.0012951609293436782
0.029742802610935856
0.025477835600899192
---flow_allocation with per_flow_loss---
0.019238250000000002
0.0072766886
0.0017154030000000001
0.00018690728
0.015000234000000001
0.023419386
0.010148172
0.013171849999999999
0.030101202
0.014012577
0.029179478
0.016347326
0.02554789
0.021924437999999997
0.016769998999999997
0.0014045981
0.033828673999999996
0.01038995
0.0
0.035528343
0.023850965
0.02445109
0.016315287
0.0075472455
0.015888891
0.034174877
0.0043040104
0.031051922000000003
0.018947638000000003
0.021230463
0.010786775
0.01853443
0.026805575999999998
0.011458032
0.032960079999999996
0.0073030457
0.02029051
0.003266783
0.034054466
0.010963965999999999
0.021497847
0.025577322
0.024571653000000002
0.008627608
0.018000656
0.034195232
0.011694972
0.02005149
0.031713896
0.010668986
0.0027449355
0.017619204
0.036577724000000006
0.015328796
0.007420251
0.009729248999999999
0.008873607
0.033436348000000005
0.0027337587
0.02216414
0.035075764
0.034100807000000004
0.0033658776
0.023770716
0.006756982
0.025559181
0.016469288
0.033517006
0.037376606
0.026034332
0.011543697
0.020619156
0.0050357223
0.0061829686
0.025930364999999997
0.025179625
0.007321047
0.009860806
0.0019851443
0.028803903999999998
0.007693559
0.0079685817
0.023140861999999998
0.015445024500000001
0.0011990427
0.0042107944000000005
0.029562214
0.018105074
0.0
0.0
0.028240873
0.011632357000000001
0.030112354
0.021421917000000002
0.037088209999999996
0.019779558000000003
0.005608839
0.0129293
0.009026588
0.036561794
0.026295095
0.010234946
0.006730432000000001
0.008784960999999999
0.014232007
0.0049306164
0.03202153
0.024282177000000002
0.031208511
0.023056189
0.025068899999999998
0.030339516
0.03588833
0.014317064000000001
0.0063599486
0.029462578
0.002547243
0.036854687
0.033171031999999996
0.011077080999999999
0.007200517
0.015513712
0.026243177
0.0027030869000000003
0.013780489
0.014647704
0.035075626
0.010161196
0.023213785
0.0014345775
0.032944443
0.028220376999999998
---weights per flow per tunnel---
0.5,0.5,0.0,0.0
0.5,0.5,0.0,0.0
0.5,0.5,0.0,0.0
0.5,0.5,0.0,0.0
0.5,0.5,0.0,0.0
0.026539137074462347,0.9734608629255376,0.0,0.0
0.5,0.5,0.0,0.0
0.9872544768817016,0.012745523118298343,0.0,0.0
0.5,0.5,0.0,0.0
0.5,0.5,0.0,0.0
0.5,0.5,0.0,0.0
0.01992965418337799,0.980070345816622,0.0,0.0
0.5,0.5,0.0,0.0
0.5,0.5,0.0,0.0
0.5,0.5,0.0,0.0
0.5,0.5,0.0,0.0
0.020813503625831998,0.979186496374168,0.0,0.0
0.5,0.5,0.0,0.0
0.062430267255627385,0.9375697327443727,0.0,0.0
0.5,0.5,0.0,0.0
0.5,0.5,0.0,0.0
0.020675256235351103,0.979324743764649,0.0,0.0
0.5,0.5,0.0,0.0
0.5,0.5,0.0,0.0
0.33333333333333337,0.33333333333333337,0.33333333333333337,0.0
0.3333333333333333,0.3333333333333333,0.3333333333333333,0.0
0.3333333333333333,0.3333333333333333,0.3333333333333333,0.0
0.33333333333333337,0.33333333333333337,0.33333333333333337,0.0
0.01417420421417001,0.01417420421417001,0.97165159157166,0.0
0.5,0.5,0.0,0.0
0.5,0.5,0.0,0.0
0.5,0.5,0.0,0.0
0.11511433236536717,0.8848856676346328,0.0,0.0
0.5,0.5,0.0,0.0
0.5,0.5,0.0,0.0
0.3333333333333333,0.3333333333333333,0.3333333333333333,0.0
0.3333333333333333,0.3333333333333333,0.3333333333333333,0.0
0.0,0.0031980195777958306,0.0031980195777958306,0.9936039608444083
0.39999999999999997,0.19999999999999998,0.19999999999999998,0.19999999999999998
0.013088497144262244,0.7768996833793221,0.013088497144262244,0.19692332233215326
0.5,0.5,0.0,0.0
0.5,0.5,0.0,0.0
0.5,0.5,0.0,0.0
0.5,0.5,0.0,0.0
0.5,0.5,0.0,0.0
0.9878632315905203,0.012136768409479751,0.0,0.0
0.3333333333333333,0.3333333333333333,0.3333333333333333,0.0
0.01672201919817327,0.9665559616036535,0.01672201919817327,0.0
0.02608200290827413,0.9478359941834517,0.02608200290827413,0.0
0.3333333333333333,0.3333333333333333,0.3333333333333333,0.0
0.3333333333333333,0.3333333333333333,0.3333333333333333,0.0
0.5,0.5,0.0,0.0
0.5,0.5,0.0,0.0
0.5,0.5,0.0,0.0
0.5,0.5,0.0,0.0
0.5,0.5,0.0,0.0
0.5,0.5,0.0,0.0
0.438990405888122,0.438990405888122,0.12201918822375597,0.0
0.3333333333333333,0.3333333333333333,0.3333333333333333,0.0
0.022906370996155983,0.954187258007688,0.022906370996155983,0.0
0.021193644439484793,0.9788063555605153,0.0,0.0
0.014429932842478514,0.014429932842478514,0.44682715711676996,0.524312977198273
0.5,0.5,0.0,0.0
0.5,0.5,0.0,0.0
0.5,0.5,0.0,0.0
0.5,0.5,0.0,0.0
0.01660223284832054,0.9833977671516795,0.0,0.0
0.5,0.5,0.0,0.0
0.015689337608163944,0.676449128067654,0.30786153432418206,0.0
0.030199644687603243,0.0,0.9396007106247934,0.030199644687603243
0.3333333333333333,0.3333333333333333,0.3333333333333333,0.0
0.4,0.2,0.2,0.2
0.25,0.25,0.25,0.25
0.5,0.5,0.0,0.0
0.5,0.5,0.0,0.0
0.5,0.5,0.0,0.0
0.5,0.5,0.0,0.0
0.5,0.5,0.0,0.0
0.005174806043380602,0.9948251939566194,0.0,0.0
0.39986635778752444,0.39986635778752444,0.20026728442495098,0.0
0.2,0.2,0.2,0.4
0.005001107110300709,0.005001107110300709,0.9899977857793986,0.0
0.008598706103727196,0.008598706103727196,0.9742038816888184,0.008598706103727196
0.0,0.3333333333333333,0.3333333333333333,0.3333333333333333
0.5,0.5,0.0,0.0
0.5,0.5,0.0,0.0
0.5,0.5,0.0,0.0
0.01142064391292177,0.9885793560870783,0.0,0.0
0.5,0.5,0.0,0.0
0.0780795508793361,0.921920449120664,0.0,0.0
0.5,0.5,0.0,0.0
0.5,0.5,0.0,0.0
0.5,0.5,0.0,0.0
0.5,0.5,0.0,0.0
0.5,0.5,0.0,0.0
0.5,0.5,0.0,0.0
0.5,0.5,0.0,0.0
0.5,0.5,0.0,0.0
0.016132212807612803,0.9838677871923872,0.0,0.0
0.5,0.5,0.0,0.0
0.5,0.5,0.0,0.0
0.5,0.5,0.0,0.0
0.5,0.5,0.0,0.0
0.0033754478371950023,0.996624552162805,0.0,0.0
0.5,0.5,0.0,0.0
0.5,0.5,0.0,0.0
0.5,0.5,0.0,0.0
0.5,0.5,0.0,0.0
0.0,0.9870402381192177,0.006479880940391176,0.006479880940391176
0.0175938716311207,0.9824061283688793,0.0,0.0
0.5,0.5,0.0,0.0
0.5,0.5,0.0,0.0
0.5,0.5,0.0,0.0
0.5,0.5,0.0,0.0
0.5,0.5,0.0,0.0
0.5,0.5,0.0,0.0
0.5,0.5,0.0,0.0
0.5,0.5,0.0,0.0
0.5,0.5,0.0,0.0
0.0,0.7021626960204651,0.29581332272139516,0.002023981258139889
0.5,0.5,0.0,0.0
0.5,0.5,0.0,0.0
0.5,0.5,0.0,0.0
0.0010893919288516676,0.9989106080711483,0.0,0.0
0.5,0.5,0.0,0.0
0.5,0.5,0.0,0.0
0.5,0.5,0.0,0.0
0.5,0.5,0.0,0.0
0.013603923400085233,0.9863960765999148,0.0,0.0
0.5,0.5,0.0,0.0
0.010390057823462386,0.9896099421765376,0.0,0.0
0.03724643129177178,0.9627535687082281,0.0,0.0
