---flow allocation with alpha---
0.05946467407125341
0.054810982689900534
0.027662585222148473
0.05994279196860743
0.011089081988866033
0.23011852087484283
0.1493232814775022
0.03727345031807792
0.17249705688766137
0.16215734287207567
0.17885907472556034
0.05943257875551793
0.13126397790741973
0.0929760252701998
0.07282312297620476
0.27066995346390726
0.07636787408910399
0.13838830146793676
0.10652977560693597
0.06866910272804694
0.013575316916982102
0.14049872262595814
0.12452734218555332
0.19284280605168594
0.26567284112068573
0.055804639431038756
0.22350432393863875
0.15218770155526323
0.0925740100517344
0.20395102190317
0.23408951876439743
0.03632478039658908
0.15674476731364784
0.06673424893218052
0.2570045176647279
0.2629597059703316
0.04456108218075447
0.10491201317851276
0.20275440494578922
0.08555919287899388
0.2339639739996762
0.235589848208793
0.13179982855301053
0.006907446935597967
0.005564640309488596
0.05389665237043079
0.08390418742953959
0.01568636821366072
0.2062161766152634
0.1067835457511082
0.2242964778894195
0.07388234927065664
0.003763881810317364
0.18656698498211471
0.038188672286422504
0.23395705094700517
0.2147270944902424
0.21252223376876042
0.2456826560866482
0.030411245219458028
0.1898265621844158
0.04210564667889761
0.026281526489673513
0.1541782217384819
0.10459277457500356
0.11260406785575482
0.13096801518111523
0.1483176098064188
0.10743418325813599
0.17349482710677502
0.24989586111782286
0.11436327531693032
0.030620720170650397
0.1475994907645245
0.18496776314951013
0.04595470551396386
0.10137221971423288
0.1002875015626062
0.011026324491185468
0.04713088032999331
0.0004076399079689
0.21332146076355876
0.02695726064320041
0.15407374108293567
0.23543335216242392
0.056939795389540644
0.03646308706616731
0.07851812679933116
0.22915505483891832
0.06031472479655266
0.201739249886461
0.06630172846209537
0.23917015205143224
0.22148311381928812
0.1463596540149877
0.2434990365730371
0.23798057518337154
0.1459129950934707
0.028085992115872527
0.20544768023522073
0.18886731776645124
0.12984595291448073
0.04939109601507484
0.019558619329848398
0.04713180576779117
0.22458993391246707
0.23509350104555318
0.265758545010689
0.01500698046268268
0.013796832016935632
0.07145775581387015
0.11755459945913069
0.14838918838570989
0.0910401160532162
0.06595527940380681
0.11601761516188198
0.20082963863382555
0.019997300466876092
0.24976904094396904
0.056157914354636816
0.169028498829013
0.04327451575140927
0.13148938916923686
0.06988351232055405
0.22619792257521895
0.15142172058102113
0.13883178404348898
0.2265539472549844
0.1696885732073608
0.177072330503474
0.13715255119708808
0.04949718201238645
---weights per flow tunnel---
0.5,0.5,0.0,0.0
0.5,0.5,0.0,0.0
0.049552909690821864,0.9504470903091781,0.0,0.0
0.5,0.5,0.0,0.0
0.90996213766657,0.09003786233343,0.0,0.0
0.5,0.5,0.0,0.0
0.5534894087115478,0.4465105912884522,0.0,0.0
0.5,0.5,0.0,0.0
0.5,0.5,0.0,0.0
0.5,0.5,0.0,0.0
0.5,0.5,0.0,0.0
0.5,0.5,0.0,0.0
0.5,0.5,0.0,0.0
0.5,0.5,0.0,0.0
0.5,0.5,0.0,0.0
0.6731938572770795,0.32680614272292047,0.0,0.0
0.5,0.5,0.0,0.0
0.08072851814576953,0.9192714818542305,0.0,0.0
0.5,0.5,0.0,0.0
0.5,0.5,0.0,0.0
0.5,0.5,0.0,0.0
0.5,0.5,0.0,0.0
0.5,0.4999999999999999,0.0,0.0
0.5,0.5,0.0,0.0
0.2411430068696152,0.7588569931303848,0.0,0.0
0.5,0.0,0.5,0.0
0.3333333333333333,0.3333333333333333,0.3333333333333333,0.0
0.5,0.5,0.0,0.0
0.33333333333333337,0.33333333333333337,0.33333333333333337,0.0
0.27912164902250675,0.7208783509774933,0.0,0.0
0.3803316104529159,0.619668389547084,0.0,0.0
0.5,0.5,0.0,0.0
0.5,0.5,0.0,0.0
0.5,0.5,0.0,0.0
0.7769690202344455,0.22303097976555444,0.0,0.0
0.29689047108723843,0.7031095289127616,0.0,0.0
0.5,0.5,0.0,0.0
0.5,0.5,0.0,0.0
0.07507709005754988,0.8498458198849,0.07507709005754988,0.0
0.5,0.0,0.5,0.0
0.5,0.5,0.0,0.0
0.5,0.5,0.0,0.0
0.5,0.5,0.0,0.0
0.5,0.5000000000000001,0.0,0.0
0.5,0.5,0.0,0.0
0.5,0.5,0.0,0.0
0.5,0.0,0.5,0.0
0.4999999999999982,0.5000000000000018,0.0,0.0
0.8392317468701613,0.06542618227713459,0.09534207085270414,0.0
0.5,0.5,0.0,0.0
0.33333333333333337,0.33333333333333337,0.33333333333333337,0.0
0.5,0.5,0.0,0.0
0.5,0.5,0.0,0.0
0.5,0.5,0.0,0.0
0.5,0.5,0.0,0.0
0.719500896556164,0.28049910344383605,0.0,0.0
0.7719829732960323,0.22801702670396776,0.0,0.0
0.7666140458160959,0.116692977091952,0.116692977091952,0.0
0.0,0.0,0.2391740247993533,0.7608259752006467
0.3333333333333333,0.3333333333333333,0.3333333333333333,0.0
0.21841789850533333,0.5631642029893333,0.21841789850533339,0.0
0.3333333333333333,0.3333333333333333,0.3333333333333333,0.0
0.5,0.5,0.0,0.0
0.5,0.5,0.0,0.0
0.5,0.5,0.0,0.0
0.5000000000000018,0.4999999999999981,0.0,0.0
0.5,0.5,0.0,0.0
0.5,0.5,0.0,0.0
0.3333333333333333,0.3333333333333333,0.3333333333333333,0.0
0.06045233676912158,0.53865244918034,0.40089521405053835,0.0
0.09532546258550348,0.3854675768219772,0.5192069605925195,0.0
0.3333333333333333,0.3333333333333333,0.3333333333333333,0.0
0.0,0.5,0.5,0.0
0.5,0.5,0.0,0.0
0.8189239696264151,0.18107603037358483,0.0,0.0
0.5,0.5,0.0,0.0
0.5,0.5,0.0,0.0
0.5,0.5,0.0,0.0
0.5,0.5,0.0,0.0
0.3333333333333333,0.3333333333333333,0.3333333333333333,0.0
0.5,0.5,0.0,0.0
0.7328370301009615,0.2671629698990385,0.0,0.0
0.33333333333333337,0.33333333333333337,0.33333333333333337,0.0
0.0,0.08021574951739384,0.9197842504826063,0.0
0.18139544220563453,0.8186045577943655,0.0,0.0
0.5,0.5,0.0,0.0
0.5,0.5,0.0,0.0
0.5,0.5,0.0,0.0
0.5,0.5,0.0,0.0
0.5,0.5,0.0,0.0
0.5,0.5,0.0,0.0
0.5,0.5,0.0,0.0
0.5,0.5,0.0,0.0
0.5,0.5,0.0,0.0
0.5,0.5,0.0,0.0
0.5,0.5,0.0,0.0
0.5,0.5,0.0,0.0
0.6853057853382394,0.3146942146617607,0.0,0.0
0.016002075722911534,0.9839979242770885,0.0,0.0
0.5,0.5,0.0,0.0
0.5,0.5,0.0,0.0
0.5,0.5,0.0,0.0
0.5,0.5,0.0,0.0
0.5,0.5,0.0,0.0
0.5,0.5,0.0,0.0
0.5,0.5,0.0,0.0
0.5,0.5,0.0,0.0
0.46439543374878606,0.535604566251214,0.0,0.0
0.006825154564327627,0.0,0.9931748454356724,0.0
0.5,0.5,0.0,0.0
0.5,0.5,0.0,0.0
0.5,0.5,0.0,0.0
0.5,0.5,0.0,0.0
0.5,0.5,0.0,0.0
0.5,0.5,0.0,0.0
0.5,0.4999999999999999,0.0,0.0
0.5,0.5,0.0,0.0
0.5,0.5,0.0,0.0
0.10598003037778587,0.8940199696222141,0.0,0.0
0.5,0.0,0.5,0.0
0.9593520680461728,0.040647931953827134,0.0,0.0
0.5,0.5,0.0,0.0
0.5,0.5,0.0,0.0
0.5,0.5,0.0,0.0
0.5,0.5,0.0,0.0
0.5,0.5,0.0,0.0
0.5000000000000018,0.4999999999999982,0.0,0.0
0.5,0.5,0.0,0.0
0.5,0.5,0.0,0.0
0.8830577026790509,0.11694229732094905,0.0,0.0
0.9614270683539801,0.038572931646019944,0.0,0.0
0.5,0.5,0.0,0.0
