---flow_allocation with alpha---
0.25305077
0.13017471
0.094644226
0.07954578999999999
0.2299996
0.06618581
0.28869824
0.21738795
0.2931336
0.17709053
0.09290479
0.2532085
0.17294716
0.13593646
0.06111029
0.25528596
0.27970501999999997
0.005709392000000001
0.050237907
0.01381535
0.12886337
0.0077776513
0.24482336000000002
0.19904353
0.27610037
0.060391167
0.1353446
0.09415472
0.047072166000000006
0.14471683999999999
0.24220455999999999
0.10052111999999999
0.12468815999999999
0.06816526
0.18856088
0.06497343
0.013795351
0.09581552
0.040216938
0.082720924
0.012800673
0.031423570000000005
0.01870323
0.06626502000000001
0.025037695
0.19697235000000002
0.16485417000000002
0.2588992
0.24546832000000002
0.29101422000000005
0.24894259999999999
0.2979039
0.26930984
0.11589374
0.17699377000000002
0.008531338999999999
0.2352319
0.059533813000000005
0.29518167
0.036632706
0.06981437
0.008523
0.25538722
0.115269554
0.26466855
0.14983359999999998
0.029055483
0.19795385999999998
0.023736925
0.12619446
0.08012434
0.14489877
0.2575117
0.26268298
0.28838998
0.1602173
0.12737479999999998
0.28084158000000004
0.26050567999999996
0.1784239
0.039329680000000006
0.25401704
0.161528
0.22592914
0.20410677000000002
0.20582887
0.15411906
0.2860744
0.022101961
0.08087557
0.11570323
0.083591
0.022481163
0.28633022999999996
0.2977235
0.10024464999999999
0.01175446
0.10254738999999999
0.30019349999999995
0.005066165
0.26722955000000004
0.16194684
0.23206673
0.28630597
0.22277762999999998
0.003688574
0.07128381
0.29061273
0.0864124
0.12948854
0.19017764
0.105346146
0.0500331
0.22059195
0.1775435
0.12204856
0.00024373074999999998
0.2523862
0.016698929
0.101010025
0.108974236
0.20902472
0.20342375000000001
0.15446709
0.09410110000000001
0.19592888
0.034606045
0.048378383999999997
0.055289715
0.1028985
0.23799875
0.0414627
---flow_allocation with ell_k_beta---
0.25305077
0.13017471
0.094644226
0.07954578999999999
0.2299996
0.06618581
0.28869824
0.21738795
0.2931336
0.17709053
0.09290479
0.2532085
0.17294716
0.13593646
0.06111029
0.25528596
0.27970501999999997
0.005709392000000001
0.050237907
0.01381535
0.12886337
0.0077776513
0.24482336000000002
0.19904353
0.27610037
0.060391167
0.1353446
0.09415472
0.047072166000000006
0.14471683999999999
0.24220455999999999
0.10052111999999999
0.12468815999999999
0.06816526
0.18856088
0.06497343
0.013795351
0.09581552
0.040216938
0.082720924
0.012800673
0.031423570000000005
0.01870323
0.06626502000000001
0.025037695
0.19697235000000002
0.16485417000000002
0.2588992
0.24546832000000002
0.29101422000000005
0.24894259999999999
0.2979039
0.26930984
0.11589374
0.17699377000000002
0.008531338999999999
0.2352319
0.059533813000000005
0.29518167
0.036632706
0.06981437
0.008523
0.25538722
0.115269554
0.26466855
0.14983359999999998
0.029055483
0.19795385999999998
0.023736925
0.12619446
0.08012434
0.14489877
0.2575117
0.26268298
0.28838998
0.1602173
0.12737479999999998
0.28084158000000004
0.26050567999999996
0.1784239
0.039329680000000006
0.25401704
0.161528
0.22592914
0.20410677000000002
0.20582887
0.15411906
0.2860744
0.022101961
0.08087557
0.11570323
0.083591
0.022481163
0.28633022999999996
0.2977235
0.10024464999999999
0.01175446
0.10254738999999999
0.30019349999999995
0.005066165
0.26722955000000004
0.16194684
0.23206673
0.28630597
0.22277762999999998
0.003688574
0.07128381
0.29061273
0.0864124
0.12948854
0.19017764
0.105346146
0.0500331
0.22059195
0.1775435
0.12204856
0.00024373074999999998
0.2523862
0.016698929
0.101010025
0.108974236
0.20902472
0.20342375000000001
0.15446709
0.09410110000000001
0.19592888
0.034606045
0.048378383999999997
0.055289715
0.1028985
0.23799875
0.0414627
---flow_allocation with per_flow_loss---
0.25305077
0.13017471
0.094644226
0.07954578999999999
0.2299996
0.06618581
0.28869824
0.21738795
0.2931336
0.17709053
0.09290479
0.2532085
0.17294716
0.13593646
0.06111029
0.25528596
0.27970501999999997
0.005709392000000001
0.050237907
0.01381535
0.12886337
0.0077776513
0.24482336000000002
0.19904353
0.27610037
0.060391167
0.1353446
0.09415472
0.047072166000000006
0.14471683999999999
0.24220455999999999
0.10052111999999999
0.12468815999999999
0.06816526
0.18856088
0.06497343
0.013795351
0.09581552
0.040216938
0.082720924
0.012800673
0.031423570000000005
0.01870323
0.06626502000000001
0.025037695
0.19697235000000002
0.16485417000000002
0.2588992
0.24546832000000002
0.29101422000000005
0.24894259999999999
0.2979039
0.26930984
0.11589374
0.17699377000000002
0.008531338999999999
0.2352319
0.059533813000000005
0.29518167
0.036632706
0.06981437
0.008523
0.25538722
0.115269554
0.26466855
0.14983359999999998
0.029055483
0.19795385999999998
0.023736925
0.12619446
0.08012434
0.14489877
0.2575117
0.26268298
0.28838998
0.1602173
0.12737479999999998
0.28084158000000004
0.26050567999999996
0.1784239
0.039329680000000006
0.25401704
0.161528
0.22592914
0.20410677000000002
0.20582887
0.15411906
0.2860744
0.022101961
0.08087557
0.11570323
0.083591
0.022481163
0.28633022999999996
0.2977235
0.10024464999999999
0.01175446
0.10254738999999999
0.30019349999999995
0.005066165
0.26722955000000004
0.16194684
0.23206673
0.28630597
0.22277762999999998
0.003688574
0.07128381
0.29061273
0.0864124
0.12948854
0.19017764
0.105346146
0.0500331
0.22059195
0.1775435
0.12204856
0.00024373074999999998
0.2523862
0.016698929
0.101010025
0.108974236
0.20902472
0.20342375000000001
0.15446709
0.09410110000000001
0.19592888
0.034606045
0.048378383999999997
0.055289715
0.1028985
0.23799875
0.0414627
---weights per flow per tunnel---
1.0,0.0,0.0,0.0
0.5,0.5,0.0,0.0
0.5,0.5,0.0,0.0
0.5,0.5,0.0,0.0
0.8940583973847707,0.10594160261522921,0.0,0.0
0.5,0.5,0.0,0.0
0.5,0.5,0.0,0.0
0.5,0.5,0.0,0.0
0.5,0.5,0.0,0.0
0.5,0.5,0.0,0.0
0.5,0.5,0.0,0.0
1.0,0.0,0.0,0.0
0.5,0.5,0.0,0.0
0.5,0.5,0.0,0.0
0.9738963917276838,0.026103608272316236,0.0,0.0
0.5,0.5,0.0,0.0
0.5,0.5,0.0,0.0
0.5,0.5,0.0,0.0
0.5,0.5,0.0,0.0
0.5,0.5,0.0,0.0
0.5,0.5,0.0,0.0
0.5,0.5,0.0,0.0
0.9009485336740836,0.09905146632591648,0.0,0.0
0.5,0.5,0.0,0.0
0.7785155391661439,0.2214844608338561,0.0,0.0
0.0501155397582772,0.9498844602417229,0.0,0.0
0.5,0.5,0.0,0.0
0.2370730036678403,0.7629269963321597,0.0,0.0
0.5,0.5,0.0,0.0
0.5,0.5,0.0,0.0
0.5,0.5,0.0,0.0
0.5,0.5,0.0,0.0
0.5,0.5,0.0,0.0
0.5,0.5,0.0,0.0
0.5,0.5,0.0,0.0
0.9672062327266234,0.03279376727337659,0.0,0.0
0.9911229634547611,0.00887703654523887,0.0,0.0
0.0,0.0,0.5,0.5
0.38978015924699433,0.6102198407530056,0.0,0.0
0.5,0.5,0.0,0.0
0.5,0.5,0.0,0.0
0.5,0.5,0.0,0.0
0.5,0.5,0.0,0.0
0.5,0.5,0.0,0.0
0.5,0.5,0.0,0.0
0.894562007177041,0.10543799282295895,0.0,0.0
0.5,0.5,0.0,0.0
0.8623800200543571,0.0,0.13761997994564296,0.0
1.0,0.0,0.0,0.0
0.09927217369412737,0.9007278263058726,0.0,0.0
0.5,0.0,0.5,0.0
0.5,0.5,0.0,0.0
0.5,0.5,0.0,0.0
0.5,0.5,0.0,0.0
0.5,0.5,0.0,0.0
0.5,0.5,0.0,0.0
0.5,0.5,0.0,0.0
0.5,0.5,0.0,0.0
0.5,0.0,0.0,0.5
1.0,0.0,0.0,0.0
0.5,0.5,0.0,0.0
0.9963059569314159,0.0036940430685841836,0.0,0.0
0.5,0.5,0.0,0.0
0.5,0.5,0.0,0.0
0.5,0.5,0.0,0.0
0.5,0.5,0.0,0.0
0.5,0.5,0.0,0.0
0.5,0.5,0.0,0.0
0.9728309906780931,0.02716900932190689,0.0,0.0
0.921993252566427,0.0,0.07800674743357303,0.0
0.03525351207344839,0.9647464879265517,0.0,0.0
0.5,0.5,0.0,0.0
0.9277278752915638,0.0722721247084363,0.0,0.0
0.5,0.5,0.0,0.0
0.5,0.5,0.0,0.0
0.6072380615217439,0.3927619384782562,0.0,0.0
0.5,0.5,0.0,0.0
0.5,0.5,0.0,0.0
0.5,0.5,0.0,0.0
0.9266763272240488,0.07332367277595124,0.0,0.0
0.9744158690274073,0.025584130972592663,0.0,0.0
0.5,0.5,0.0,0.0
0.5,0.5,0.0,0.0
0.8226483125584041,0.17735168744159588,0.0,0.0
0.5,0.5,0.0,0.0
0.5796868239709101,0.4203131760290899,0.0,0.0
0.5,0.5,0.0,0.0
0.5,0.5,0.0,0.0
0.5,0.5,0.0,0.0
0.5,0.5,0.0,0.0
0.5,0.5,0.0,0.0
0.5,0.5,0.0,0.0
0.5,0.5,0.0,0.0
0.5,0.5,0.0,0.0
0.5,0.5,0.0,0.0
0.5,0.5,0.0,0.0
1.0,0.0,0.0,0.0
0.5,0.5,0.0,0.0
0.5,0.5,0.0,0.0
0.5,0.5,0.0,0.0
0.5,0.5,0.0,0.0
0.5,0.5,0.0,0.0
0.5,0.5,0.0,0.0
0.5,0.5,0.0,0.0
0.5,0.5,0.0,0.0
0.5,0.5,0.0,0.0
0.907370756890212,0.09262924310978791,0.0,0.0
1.0,0.0,0.0,0.0
0.9382535648350245,0.061746435164975536,0.0,0.0
0.5,0.5,0.0,0.0
0.5,0.5,0.0,0.0
0.5,0.5,0.0,0.0
0.5,0.5,0.0,0.0
0.5,0.5,0.0,0.0
0.5,0.5,0.0,0.0
0.5,0.5,0.0,0.0
0.9996115723158167,0.0003884276841834676,0.0,0.0
0.5,0.5,0.0,0.0
0.5,0.5,0.0,0.0
0.9350091472702426,0.06499085272975735,0.0,0.0
0.5,0.5,0.0,0.0
0.5,0.5,0.0,0.0
0.5,0.5,0.0,0.0
0.5,0.5,0.0,0.0
0.5,0.5,0.0,0.0
0.5,0.5,0.0,0.0
0.5,0.5,0.0,0.0
0.5,0.5,0.0,0.0
0.5,0.5,0.0,0.0
0.5233317276020183,0.4766682723979817,0.0,0.0
0.7860932541208755,0.21390674587912448,0.0,0.0
0.9006141693033659,0.09938583069663408,0.0,0.0
