---flow_allocation with alpha---
0.25230810773741635
0.12979266870188513
0.09436646081073921
0.0793123362295159
0.22932458911847084
0.06599156556673655
0.2878509582939522
0.21674995223059815
0.29227330124408124
0.17657079851018104
0.09263212976843359
0.25246537482588804
0.17243958861757339
0.13553750891618702
0.0609309413805963
0.2545367378235196
0.2788841319109845
0.0056926358763940655
0.050090467031016356
0.013774804226954596
0.12848517726844516
0.007754825176562222
0.24410484382843914
0.1984593700769046
0.27529006096405284
0.06021392888796309
0.1349473859276442
0.09387839143009234
0.046934016958579294
0.14429211994944113
0.24149372957439932
0.10022610709639712
0.12432222082098468
0.06796520620754878
0.1880074849252663
0.06478274370202264
0.013754863920720235
0.0955343172560849
0.0400989079218095
0.08247815173504759
0.012763105136551992
0.03133134700619265
0.018648339105538696
0.06607054309845432
0.024964213495799956
0.1963942686485091
0.1643703502080723
0.2581393735602184
0.24474791097724222
0.2901601412747339
0.24821199453861587
0.29702960120056743
0.26851946004932675
0.11555361099281428
0.17647432248481795
0.008506300927503289
0.23454153318117604
0.059359091080510046
0.29431536049651413
0.03652519505141636
0.06960947634176276
0.008497986401092554
0.25463770064212515
0.11493125687574841
0.2638917914697741
0.149393863102985
0.028970209950859544
0.1973728980785849
0.023667261041153805
0.12582410007898842
0.07988918828071291
0.1444735160149053
0.2567559456438139
0.26191204879015223
0.2875436029861966
0.15974708865654888
0.12700097597581647
0.28001735629488994
0.2597411388064494
0.17790025528920542
0.03921425387766301
0.253271541894378
0.16105394196828324
0.22526607524704162
0.20350775030281895
0.20522479622342452
0.1536667459848841
0.2852348188314809
0.022037095390763577
0.08063821354459802
0.11536366010823466
0.08334567420552946
0.0224151844954529
0.28548989801263674
0.2968497306448057
0.09995044849023614
0.011719962599106697
0.10224643032823354
0.29931248160229695
0.005051296641521889
0.2664452753572783
0.1614715527419819
0.23138565243294817
0.2854657092117345
0.2221238144089673
0.003677748643837096
0.07107460377778546
0.28975982958164753
0.08615879386199346
0.1291085124976334
0.18961950000139333
0.10503697244110181
0.049886261105773065
0.21994454901918206
0.1770224391179603
0.12169036761151339
0.0002430154404585344
0.2516454881407281
0.01664992039831164
0.10071357724087984
0.10865441459550049
0.20841126693091386
0.20282673485383687
0.15401375457425082
0.09382492879594634
0.19535386106081132
0.03450448196710043
0.04823640142424423
0.055127448807964684
0.10259650987830836
0.23730026293289058
0.04134101381586064
---flow_allocation with ell_k_beta---
0.25230810773741635
0.12979266870188513
0.09436646081073921
0.0793123362295159
0.22932458911847084
0.06599156556673655
0.2878509582939522
0.21674995223059815
0.29227330124408124
0.17657079851018104
0.09263212976843359
0.25246537482588804
0.17243958861757339
0.13553750891618702
0.0609309413805963
0.2545367378235196
0.2788841319109845
0.0056926358763940655
0.050090467031016356
0.013774804226954596
0.12848517726844516
0.007754825176562222
0.24410484382843914
0.1984593700769046
0.27529006096405284
0.06021392888796309
0.1349473859276442
0.09387839143009234
0.046934016958579294
0.14429211994944113
0.24149372957439932
0.10022610709639712
0.12432222082098468
0.06796520620754878
0.1880074849252663
0.06478274370202264
0.013754863920720235
0.0955343172560849
0.0400989079218095
0.08247815173504759
0.012763105136551992
0.03133134700619265
0.018648339105538696
0.06607054309845432
0.024964213495799956
0.1963942686485091
0.1643703502080723
0.2581393735602184
0.24474791097724222
0.2901601412747339
0.24821199453861587
0.29702960120056743
0.26851946004932675
0.11555361099281428
0.17647432248481795
0.008506300927503289
0.23454153318117604
0.059359091080510046
0.29431536049651413
0.03652519505141636
0.06960947634176276
0.008497986401092554
0.25463770064212515
0.11493125687574841
0.2638917914697741
0.149393863102985
0.028970209950859544
0.1973728980785849
0.023667261041153805
0.12582410007898842
0.07988918828071291
0.1444735160149053
0.2567559456438139
0.26191204879015223
0.2875436029861966
0.15974708865654888
0.12700097597581647
0.28001735629488994
0.2597411388064494
0.17790025528920542
0.03921425387766301
0.253271541894378
0.16105394196828324
0.22526607524704162
0.20350775030281895
0.20522479622342452
0.1536667459848841
0.2852348188314809
0.022037095390763577
0.08063821354459802
0.11536366010823466
0.08334567420552946
0.0224151844954529
0.28548989801263674
0.2968497306448057
0.09995044849023614
0.011719962599106697
0.10224643032823354
0.29931248160229695
0.005051296641521889
0.2664452753572783
0.1614715527419819
0.23138565243294817
0.2854657092117345
0.2221238144089673
0.003677748643837096
0.07107460377778546
0.28975982958164753
0.08615879386199346
0.1291085124976334
0.18961950000139333
0.10503697244110181
0.049886261105773065
0.21994454901918206
0.1770224391179603
0.12169036761151339
0.0002430154404585344
0.2516454881407281
0.01664992039831164
0.10071357724087984
0.10865441459550049
0.20841126693091386
0.20282673485383687
0.15401375457425082
0.09382492879594634
0.19535386106081132
0.03450448196710043
0.04823640142424423
0.055127448807964684
0.10259650987830836
0.23730026293289058
0.04134101381586064
---flow_allocation with per_flow_loss---
0.25305077
0.13017471
0.094644226
0.07954578999999999
0.2299996
0.06618581
0.28869824
0.21738795
0.2931336
0.12050187469999943
0.09290479
0.2532085
0.17294716
0.13593646
0.06111029
0.25528596
0.27970501999999997
0.005709392000000001
0.050237907
0.01381535
0.12886337
0.0077776513
0.24482336000000002
0.19904353
0.27610037
0.060391167
0.1353446
0.09415472
0.047072166000000006
0.14471683999999999
0.24220455999999999
0.10052111999999999
0.12468815999999999
0.06816526
0.18856088
0.06497343
0.013795351
0.09581552
0.040216938
0.082720924
0.012800673
0.031423570000000005
0.018703229999999987
0.06626502000000001
0.025037695
0.19697235000000002
0.16485417000000002
0.2588992
0.24546832000000002
0.29101422000000005
0.24894259999999999
0.2979039
0.26930984
0.11589374
0.17699377000000002
0.008531338999999999
0.2352319
0.059533813000000005
0.29518167
0.036632706
0.06981437
0.008523
0.25538722
0.115269554
0.26466855
0.14983359999999998
0.029055483
0.19795385999999998
0.023736925
0.12619446
0.08012434
0.14489877
0.2575117
0.26268298
0.28838998
0.1602173
0.12737479999999998
0.28084158000000004
0.26050567999999996
0.1784239
0.039329680000000006
0.25401704
0.161528
0.22592914
0.20410677000000002
0.20582887
0.15411906
0.2860744
0.022101961
0.08087557
0.11570323
0.083591
0.022481163
0.28633022999999996
0.2977235
0.10024464999999999
0.01175446
0.10254738999999999
0.30019349999999995
0.005066165
0.26722955000000004
0.16194684
0.23206673
0.28630597
0.22277762999999998
0.003688574
0.07128381
0.29061273
0.0864124
0.12948854
0.19017764
0.105346146
0.0500331
0.22059195
0.1775435
0.12204856
0.00024373074999999998
0.2523862
0.016698929
0.101010025
0.108974236
0.20902472
0.20342375000000001
0.15446709
0.09410110000000001
0.19592888
0.034606045
0.048378383999999997
0.055289715
0.1028985
0.23799875
0.0414627
---weights per flow per tunnel---
0.4128186727121696,0.5871813272878305,0.0,0.0
0.5,0.5,0.0,0.0
0.5,0.5,0.0,0.0
0.5,0.5,0.0,0.0
0.5,0.5,0.0,0.0
0.5,0.5,0.0,0.0
0.3489623415444216,0.6510376584555784,0.0,0.0
0.5,0.5,0.0,0.0
0.5,0.5,0.0,0.0
0.5950774522573016,0.4049225477426986,0.0,0.0
0.5,0.5,0.0,0.0
1.0,0.0,0.0,0.0
0.5,0.5,0.0,0.0
0.5,0.5,0.0,0.0
0.9643682271037441,0.03563177289625583,0.0,0.0
0.5,0.5,0.0,0.0
0.5,0.5,0.0,0.0
0.006061588294335124,0.9939384117056649,0.0,0.0
0.5,0.5,0.0,0.0
0.5,0.5,0.0,0.0
0.5,0.5,0.0,0.0
0.5,0.5,0.0,0.0
0.7592563848462244,0.24074361515377574,0.0,0.0
0.5,0.5,0.0,0.0
0.5,0.5,0.0,0.0
0.0,0.5,0.5,0.0
0.33333333333333337,0.33333333333333337,0.33333333333333337,0.0
0.10837411989724682,0.8916258801027531,0.0,0.0
0.0,0.5,0.5,0.0
0.5,0.5,0.0,0.0
0.5,0.5,0.0,0.0
0.5,0.5,0.0,0.0
0.5,0.5,0.0,0.0
0.5,0.5,0.0,0.0
0.5,0.5,0.0,0.0
0.04316275309303337,0.9568372469069666,0.0,0.0
0.0,0.9754965551638836,0.024503444836116568,0.0
0.0,0.0,0.17127291194944563,0.8287270880505543
0.0,0.9821599465619573,0.017840053438042822,0.0
0.0,0.05901345695901322,0.9409865430409868,0.0
0.5,0.5,0.0,0.0
1.0,0.0,0.0,0.0
0.5000000000000002,0.49999999999999983,0.0,0.0
0.5,0.5,0.0,0.0
0.5,0.5,0.0,0.0
0.5,0.5,0.0,0.0
0.0,0.8185930771556964,0.18140692284430354,0.0
0.3333333333333333,0.3333333333333333,0.3333333333333333,0.0
0.5651420719024239,0.0,0.4348579280975761,0.0
0.0,0.5,0.5,0.0
0.33333333333333337,0.33333333333333337,0.33333333333333337,0.0
0.5,0.5,0.0,0.0
0.5,0.5,0.0,0.0
0.5,0.5,0.0,0.0
0.5,0.5,0.0,0.0
0.5,0.5,0.0,0.0
0.5,0.5,0.0,0.0
0.3333333333333333,0.3333333333333333,0.3333333333333333,0.0
0.20724417441195234,0.3681800051728789,0.4245758204151689,0.0
0.5,0.0,0.5,0.0
0.7578263542568838,0.24217364574311617,0.0,0.0
0.5,0.5,0.0,0.0
0.5,0.5,0.0,0.0
0.5,0.5,0.0,0.0
0.4999999999999999,0.5000000000000001,0.0,0.0
0.5,0.5,0.0,0.0
0.5,0.5,0.0,0.0
0.5,0.5,0.0,0.0
0.5,0.5,0.0,0.0
0.5,0.0,0.5,0.0
0.0,0.5,0.5,0.0
0.5,0.5,0.0,0.0
0.9102140108391562,0.0,0.08978598916084377,0.0
0.5,0.5,0.0,0.0
0.5228103759109894,0.47718962408901067,0.0,0.0
0.5,0.5,0.0,0.0
0.4999999999999999,0.5,0.0,0.0
0.22371633235051902,0.776283667649481,0.0,0.0
0.25120219167658026,0.7487978083234198,0.0,0.0
0.5,0.5,0.0,0.0
0.06220233478834579,0.9377976652116542,0.0,0.0
0.3333333333333333,0.3333333333333333,0.3333333333333333,0.0
0.0,0.36425798181149327,0.6357420181885067,0.0
0.3333333333333333,0.3333333333333333,0.3333333333333333,0.0
0.5,0.5,0.0,0.0
0.5,0.5,0.0,0.0
0.5,0.5,0.0,0.0
0.5,0.5,0.0,0.0
0.616754087432515,0.3832459125674849,0.0,0.0
0.5,0.5,0.0,0.0
0.5,0.5,0.0,0.0
0.5,0.5,0.0,0.0
0.1354740538504974,0.8645259461495026,0.0,0.0
0.5,0.5,0.0,0.0
0.5,0.5,0.0,0.0
0.5,0.5,0.0,0.0
0.005526504096835441,0.9944734959031645,0.0,0.0
0.5,0.5,0.0,0.0
0.31659464157986833,0.6834053584201316,0.0,0.0
0.5,0.5,0.0,0.0
0.5,0.5,0.0,0.0
0.5,0.5,0.0,0.0
0.49999999999999867,0.5000000000000013,0.0,0.0
0.37388202172358165,0.6261179782764184,0.0,0.0
0.5,0.5,0.0,0.0
0.5,0.5,0.0,0.0
0.5,0.5,0.0,0.0
0.9346810518261798,0.06531894817382028,0.0,0.0
0.0,0.4942109462538516,0.5057890537461484,0.0
0.18284757808151034,0.8171524219184897,0.0,0.0
0.5,0.5,0.0,0.0
0.5,0.5,0.0,0.0
0.5,0.5,0.0,0.0
0.5,0.5,0.0,0.0
0.5,0.5,0.0,0.0
0.5,0.5,0.0,0.0
0.5,0.5,0.0,0.0
0.5,0.5,0.0,0.0
0.5,0.5,0.0,0.0
0.0,0.05960642742338075,0.9403935725766193,0.0
0.5,0.5,0.0,0.0
0.7704522777779105,0.22954772222208947,0.0,0.0
0.5,0.5,0.0,0.0
0.5,0.5,0.0,0.0
0.5,0.5,0.0,0.0
0.5,0.5,0.0,0.0
0.5,0.5,0.0,0.0
0.5,0.5,0.0,0.0
0.10155733220628661,0.8984426677937134,0.0,0.0
0.9688746735647393,0.03112532643526064,0.0,0.0
0.5,0.5,0.0,0.0
0.025606981172247006,0.974393018827753,0.0,0.0
