---flow_allocation with alpha---
0.019238250000000002
0.0072766886
0.0017154030000000001
0.00018690728
0.015000234000000001
0.023419386
0.010148172
0.013171849999999999
0.030101202
0.014012577
0.029179478
0.016347326
0.02554789
0.021924437999999997
0.016769998999999997
0.0014045981
0.033828673999999996
0.01038995
0.0068615084
0.035528343
0.023850965
0.02445109
0.016315287
0.0075472455
0.015888891
0.034174877
0.0043040104
0.031051922000000003
0.018947638000000003
0.021230463
0.010786775
0.01853443
0.026805575999999998
0.011458032
0.032960079999999996
0.0073030457
0.02029051
0.003266783
0.034054466
0.010963965999999999
0.021497847
0.025577322
0.024571653000000002
0.008627608
0.018000656
0.034195232
0.011694972
0.02005149
0.031713896
0.010668986
0.0027449355
0.017619204
0.036577724000000006
0.015328796
0.007420251
0.009729248999999999
0.008873607
0.033436348000000005
0.0027337587
0.02216414
0.035075764
0.034100807000000004
0.0033658776
0.023770716
0.006756982
0.025559181
0.016469288
0.033517006
0.037376606
0.026034332
0.011543697
0.020619156
0.0050357223
0.0061829686
0.025930364999999997
0.025179625
0.007321047
0.009860806
0.0019851443
0.028803903999999998
0.007693559
0.0079685817
0.023140861999999998
0.015445024500000001
0.0011990427
0.0042107944000000005
0.029562214
0.018105074
0.03617677
0.034183525000000006
0.028240873
0.011632357000000001
0.030112354
0.021421917000000002
0.037088209999999996
0.019779558000000003
0.005608839
0.0129293
0.009026588
0.036561794
0.026295095
0.010234946
0.006730432000000001
0.008784960999999999
0.014232007
0.0049306164
0.03202153
0.024282177000000002
0.031208511
0.023056189
0.025068899999999998
0.030339516
0.03588833
0.014317064000000001
0.0063599486
0.029462578
0.002547243
0.036854687
0.033171031999999996
0.011077080999999999
0.007200517
0.015513712
0.026243177
0.0027030869000000003
0.013780489
0.014647704
0.035075626
0.010161196
0.023213785
0.0014345775
0.032944443
0.028220376999999998
---flow_allocation with ell_k_beta---
0.019238250000000002
0.0072766886
0.0017154030000000001
0.00018690728
0.015000234000000001
0.023419386
0.010148172
0.013171849999999999
0.030101202
0.014012577
0.029179478
0.016347326
0.02554789
0.021924437999999997
0.016769998999999997
0.0014045981
0.033828673999999996
0.01038995
0.0068615084
0.035528343
0.023850965
0.02445109
0.016315287
0.0075472455
0.015888891
0.034174877
0.0043040104
0.031051922000000003
0.018947638000000003
0.021230463
0.010786775
0.01853443
0.026805575999999998
0.011458032
0.032960079999999996
0.0073030457
0.02029051
0.003266783
0.034054466
0.010963965999999999
0.021497847
0.025577322
0.024571653000000002
0.008627608
0.018000656
0.034195232
0.011694972
0.02005149
0.031713896
0.010668986
0.0027449355
0.017619204
0.036577724000000006
0.015328796
0.007420251
0.009729248999999999
0.008873607
0.033436348000000005
0.0027337587
0.02216414
0.035075764
0.034100807000000004
0.0033658776
0.023770716
0.006756982
0.025559181
0.016469288
0.033517006
0.037376606
0.026034332
0.011543697
0.020619156
0.0050357223
0.0061829686
0.025930364999999997
0.025179625
0.007321047
0.009860806
0.0019851443
0.028803903999999998
0.007693559
0.0079685817
0.023140861999999998
0.015445024500000001
0.0011990427
0.0042107944000000005
0.029562214
0.018105074
0.03617677
0.034183525000000006
0.028240873
0.011632357000000001
0.030112354
0.021421917000000002
0.037088209999999996
0.019779558000000003
0.005608839
0.0129293
0.009026588
0.036561794
0.026295095
0.010234946
0.006730432000000001
0.008784960999999999
0.014232007
0.0049306164
0.03202153
0.024282177000000002
0.031208511
0.023056189
0.025068899999999998
0.030339516
0.03588833
0.014317064000000001
0.0063599486
0.029462578
0.002547243
0.036854687
0.033171031999999996
0.011077080999999999
0.007200517
0.015513712
0.026243177
0.0027030869000000003
0.013780489
0.014647704
0.035075626
0.010161196
0.023213785
0.0014345775
0.032944443
0.028220376999999998
---flow_allocation with per_flow_loss---
0.019238250000000002
0.0072766886
0.0017154030000000001
0.00018690728
0.015000234000000001
0.023419386
0.010148172
0.013171849999999999
0.030101202
0.014012577
0.029179478
0.016347326
0.02554789
0.021924437999999997
0.016769998999999997
0.0014045981
0.033828673999999996
0.01038995
0.0068615084
0.035528343
0.023850965
0.02445109
0.016315287
0.0075472455
0.015888891
0.034174877
0.0043040104
0.031051922000000003
0.018947638000000003
0.021230463
0.010786775
0.01853443
0.026805575999999998
0.011458032
0.032960079999999996
0.0073030457
0.02029051
0.003266783
0.034054466
0.010963965999999999
0.021497847
0.025577322
0.024571653000000002
0.008627608
0.018000656
0.034195232
0.011694972
0.02005149
0.031713896
0.010668986
0.0027449355
0.017619204
0.036577724000000006
0.015328796
0.007420251
0.009729248999999999
0.008873607
0.033436348000000005
0.0027337587
0.02216414
0.035075764
0.034100807000000004
0.0033658776
0.023770716
0.006756982
0.025559181
0.016469288
0.033517006
0.037376606
0.026034332
0.011543697
0.020619156
0.0050357223
0.0061829686
0.025930364999999997
0.025179625
0.007321047
0.009860806
0.0019851443
0.028803903999999998
0.007693559
0.0079685817
0.023140861999999998
0.015445024500000001
0.0011990427
0.0042107944000000005
0.029562214
0.018105074
0.03617677
0.034183525000000006
0.028240873
0.011632357000000001
0.030112354
0.021421917000000002
0.037088209999999996
0.019779558000000003
0.005608839
0.0129293
0.009026588
0.036561794
0.026295095
0.010234946
0.006730432000000001
0.008784960999999999
0.014232007
0.0049306164
0.03202153
0.024282177000000002
0.031208511
0.023056189
0.025068899999999998
0.030339516
0.03588833
0.014317064000000001
0.0063599486
0.029462578
0.002547243
0.036854687
0.033171031999999996
0.011077080999999999
0.007200517
0.015513712
0.026243177
0.0027030869000000003
0.013780489
0.014647704
0.035075626
0.010161196
0.023213785
0.0014345775
0.032944443
0.028220376999999998
---weights per flow per tunnel---
0.10238031017981676,0.8976196898201831,0.0,0.0
0.5,0.5,0.0,0.0
0.5,0.5,0.0,0.0
0.5,0.5,0.0,0.0
0.009336628865013174,0.9906633711349868,0.0,0.0
0.5,0.5,0.0,0.0
0.5,0.5,0.0,0.0
0.5,0.5,0.0,0.0
0.015926651857321894,0.9840733481426781,0.0,0.0
0.5,0.5,0.0,0.0
0.12559348694239336,0.8744065130576066,0.0,0.0
0.5,0.5,0.0,0.0
0.5,0.5,0.0,0.0
0.5,0.5,0.0,0.0
0.5,0.5,0.0,0.0
0.5,0.5,0.0,0.0
0.5,0.5,0.0,0.0
0.5,0.5,0.0,0.0
0.8410408633335819,0.15895913666641812,0.0,0.0
0.5,0.5,0.0,0.0
0.5,0.5,0.0,0.0
0.6300208681322682,0.36997913186773174,0.0,0.0
0.5,0.5,0.0,0.0
0.5,0.5,0.0,0.0
0.004980779088729865,0.9950192209112702,0.0,0.0
0.3333333333333333,0.3333333333333333,0.3333333333333333,0.0
0.002523389789920271,0.0,0.9974766102100797,0.0
0.0,0.5,0.5,0.0
0.3333333333333333,0.3333333333333333,0.3333333333333333,0.0
0.5,0.5,0.0,0.0
0.5,0.5,0.0,0.0
0.015893710809833105,0.9841062891901668,0.0,0.0
0.5,0.5,0.0,0.0
0.5,0.5,0.0,0.0
0.5,0.5,0.0,0.0
0.0,0.0031248931146994575,0.9968751068853006,0.0
0.3333333333333333,0.3333333333333333,0.3333333333333333,0.0
0.0,0.5,0.5,0.0
0.0,0.7362343348748472,0.2578578624777886,0.005907802647364198
0.25,0.25,0.25,0.25
0.5,0.5,0.0,0.0
0.5,0.5,0.0,0.0
0.5,0.5,0.0,0.0
0.5,0.5,0.0,0.0
0.5,0.5,0.0,0.0
0.5,0.5,0.0,0.0
0.3333333333333333,0.3333333333333333,0.3333333333333333,0.0
0.9761658784541133,0.011917060772943397,0.011917060772943397,0.0
0.3333333333333333,0.3333333333333333,0.3333333333333333,0.0
0.3333333333333333,0.3333333333333333,0.3333333333333333,0.0
0.3333333333333333,0.3333333333333333,0.3333333333333333,0.0
0.5,0.5,0.0,0.0
0.5,0.5,0.0,0.0
0.5,0.5,0.0,0.0
0.5,0.5,0.0,0.0
0.5,0.5,0.0,0.0
0.5,0.5,0.0,0.0
0.5,0.0,0.5,0.0
0.25,0.25,0.25,0.25
0.3333333333333333,0.3333333333333333,0.3333333333333333,0.0
0.021808860491407796,0.0,0.9781911395085923,0.0
0.9814898919913175,0.00925505400434119,0.0,0.00925505400434119
0.5,0.5,0.0,0.0
0.5,0.5,0.0,0.0
0.5,0.5,0.0,0.0
0.5,0.5,0.0,0.0
0.5,0.5,0.0,0.0
0.5,0.5,0.0,0.0
0.96863932238807,0.03136067761192992,0.0,0.0
0.009042742510171618,0.0,0.6342498533296458,0.35670740416018254
0.3333333333333333,0.3333333333333333,0.3333333333333333,0.0
0.049130962686821544,0.0,0.0,0.9508690373131785
0.5,0.0,0.5,0.0
0.9291449042026623,0.07085509579733766,0.0,0.0
0.5,0.5,0.0,0.0
0.013773570217513242,0.9862264297824868,0.0,0.0
0.0065416138899393175,0.9934583861100607,0.0,0.0
0.534106079801851,0.465893920198149,0.0,0.0
0.5,0.5,0.0,0.0
0.3333333333333333,0.3333333333333333,0.3333333333333333,0.0
0.007087359605583151,0.007087359605583151,0.9787379211832505,0.007087359605583151
0.3333333333333333,0.3333333333333333,0.3333333333333333,0.0
0.0,0.5,0.5,0.0
0.5,0.0,0.5,0.0
0.5,0.5,0.0,0.0
0.5,0.5,0.0,0.0
0.5,0.5,0.0,0.0
0.5,0.5,0.0,0.0
0.5,0.5,0.0,0.0
0.03192574630480437,0.9680742536951956,0.0,0.0
0.5,0.5,0.0,0.0
0.5,0.5,0.0,0.0
0.5,0.5,0.0,0.0
0.8408077774509732,0.15919222254902674,0.0,0.0
0.5,0.5,0.0,0.0
0.5,0.5,0.0,0.0
0.5,0.5,0.0,0.0
0.5,0.5,0.0,0.0
0.5,0.5,0.0,0.0
0.9297513901530305,0.07024860984696941,0.0,0.0
0.5,0.5,0.0,0.0
0.5,0.5,0.0,0.0
0.5,0.5,0.0,0.0
0.0052081875568749676,0.9947918124431251,0.0,0.0
0.9210216437888419,0.07897835621115822,0.0,0.0
0.5,0.5,0.0,0.0
0.5,0.5,0.0,0.0
0.5,0.5,0.0,0.0
0.0,0.5687649776182943,0.4312350223817058,0.0
0.5,0.5,0.0,0.0
0.5,0.5,0.0,0.0
0.5,0.5,0.0,0.0
0.5013416732240337,0.49865832677596644,0.0,0.0
0.5,0.5,0.0,0.0
0.5,0.5,0.0,0.0
0.5,0.5,0.0,0.0
0.5,0.5,0.0,0.0
0.5,0.5,0.0,0.0
0.5,0.5,0.0,0.0
0.0,0.43889361427970147,0.5611063857202985,0.0
0.5,0.5,0.0,0.0
0.5,0.5,0.0,0.0
0.5,0.5,0.0,0.0
0.5,0.5,0.0,0.0
0.5,0.5,0.0,0.0
0.5,0.5,0.0,0.0
0.9736560169053575,0.026343983094642417,0.0,0.0
0.5,0.5,0.0,0.0
0.5,0.5,0.0,0.0
0.5,0.5,0.0,0.0
0.5,0.5,0.0,0.0
0.5,0.5,0.0,0.0
