---flow_allocation with alpha---
0.01685875452567342
0.006376666633772104
0.0015032322633089686
0.00016378953140651096
0.013144920293356222
0.02052274399781647
0.008892988740260278
0.011542681158576868
0.02637811523634997
0.012279422292313349
0.025570395269283223
0.014325396342451042
0.02238798259503368
0.019212699614328033
0.014695790757308418
0.0012308694696829122
0.02964455243564413
0.00910486227094567
0.0060128382670693115
0.031133996768985095
0.020900942868266516
0.021426841016992094
0.014297320107021727
0.006613759527477466
0.013923663173842821
0.02994793509222941
0.0037716660719943583
0.027211244814281863
0.01660408706006636
0.018604559363943816
0.009452605712508722
0.016241986960522772
0.023490110883437047
0.01004083785351115
0.028883391049942583
0.006399763738701535
0.01778086506260818
0.002862728818143178
0.02984241720514556
0.009607880728331812
0.018838871799851064
0.022413774278955016
0.021532492103857
0.007560496688406492
0.015774233145171228
0.02996577247080439
0.010248471775375823
0.017571408406897474
0.027791342129182026
0.00934938552164809
0.0024054263658756193
0.015439961284096174
0.03205358439690894
0.01343284388850985
0.006502472424876625
0.008525880504211847
0.0077760691419592395
0.02930075153233748
0.002395631975659121
0.01942275391642479
0.030737395297204935
0.02988302648839504
0.0029495668380368685
0.020830619518069346
0.005921240282894434
0.02239787706034884
0.014432273393090271
0.029371433295103413
0.03275365615670928
0.022814258699615834
0.010115907322222796
0.01806886226816713
0.004412875709337365
0.005418224103925598
0.022723150925687816
0.022065266691279593
0.006415538536193147
0.008641165791030246
0.001739610435031242
0.025241274383951903
0.006741976146987666
0.00698298248531303
0.020278669420060767
0.013534696590828786
0.0010507383231375348
0.0036899795536330126
0.025905792317982464
0.01586573613687067
0.031702222653398636
0.02995551345872003
0.02474788223969011
0.010193601352409855
0.02638788789397061
0.018772333251327454
0.03250093060369972
0.017333110493330733
0.004915106097229404
0.011330131113214006
0.007910128587391752
0.032039624709328515
0.023042769058218004
0.008969030041585023
0.005897974136927071
0.007698387380173066
0.0124717119499261
0.00432076990099721
0.02806092621763867
0.021278820131350466
0.02734846600188576
0.020204469255183384
0.02196823678498067
0.02658695321413024
0.03144945854255773
0.012546248619513522
0.005573314217421041
0.025818479861500196
0.0022321855914254124
0.03229629104796576
0.02906825131450406
0.009707005025924968
0.006309916367701761
0.013594888432679378
0.02299727256984386
0.0023687538372078303
0.012076040247670282
0.012835993195884483
0.030737274365824765
0.008904401858342348
0.02034257289133678
0.0012571408480789188
0.028869688122466437
0.024729921300791914
---flow_allocation with ell_k_beta---
0.01685875452567342
0.006376666633772104
0.0015032322633089686
0.00016378953140651096
0.013144920293356222
0.02052274399781647
0.008892988740260278
0.011542681158576868
0.02637811523634997
0.012279422292313349
0.025570395269283223
0.014325396342451042
0.02238798259503368
0.019212699614328033
0.014695790757308418
0.0012308694696829122
0.02964455243564413
0.00910486227094567
0.0060128382670693115
0.031133996768985095
0.020900942868266516
0.021426841016992094
0.014297320107021727
0.006613759527477466
0.013923663173842821
0.02994793509222941
0.0037716660719943583
0.027211244814281863
0.01660408706006636
0.018604559363943816
0.009452605712508722
0.016241986960522772
0.023490110883437047
0.01004083785351115
0.028883391049942583
0.006399763738701535
0.01778086506260818
0.002862728818143178
0.02984241720514556
0.009607880728331812
0.018838871799851064
0.022413774278955016
0.021532492103857
0.007560496688406492
0.015774233145171228
0.02996577247080439
0.010248471775375823
0.017571408406897474
0.027791342129182026
0.00934938552164809
0.0024054263658756193
0.015439961284096174
0.03205358439690894
0.01343284388850985
0.006502472424876625
0.008525880504211847
0.0077760691419592395
0.02930075153233748
0.002395631975659121
0.01942275391642479
0.030737395297204935
0.02988302648839504
0.0029495668380368685
0.020830619518069346
0.005921240282894434
0.02239787706034884
0.014432273393090271
0.029371433295103413
0.03275365615670928
0.022814258699615834
0.010115907322222796
0.01806886226816713
0.004412875709337365
0.005418224103925598
0.022723150925687816
0.022065266691279593
0.006415538536193147
0.008641165791030246
0.001739610435031242
0.025241274383951903
0.006741976146987666
0.00698298248531303
0.020278669420060767
0.013534696590828786
0.0010507383231375348
0.0036899795536330126
0.025905792317982464
0.01586573613687067
0.031702222653398636
0.02995551345872003
0.02474788223969011
0.010193601352409855
0.02638788789397061
0.018772333251327454
0.03250093060369972
0.017333110493330733
0.004915106097229404
0.011330131113214006
0.007910128587391752
0.032039624709328515
0.023042769058218004
0.008969030041585023
0.005897974136927071
0.007698387380173066
0.0124717119499261
0.00432076990099721
0.02806092621763867
0.021278820131350466
0.02734846600188576
0.020204469255183384
0.02196823678498067
0.02658695321413024
0.03144945854255773
0.012546248619513522
0.005573314217421041
0.025818479861500196
0.0022321855914254124
0.03229629104796576
0.02906825131450406
0.009707005025924968
0.006309916367701761
0.013594888432679378
0.02299727256984386
0.0023687538372078303
0.012076040247670282
0.012835993195884483
0.030737274365824765
0.008904401858342348
0.02034257289133678
0.0012571408480789188
0.028869688122466437
0.024729921300791914
---flow_allocation with per_flow_loss---
0.019238250000000002
0.0072766886
0.0017154030000000001
0.00018690728
0.015000234000000001
0.023419386
0.0
0.0
0.0
0.0
0.0
0.016347326
0.02554789
0.021924437999999997
0.016769998999999997
0.0014045981
0.033828673999999996
0.0
0.0
0.0
0.0
0.0
0.016315287
0.0075472455
0.015888891
0.034174877
0.0043040104
0.031051922000000003
0.018947638000000003
0.021230463
0.010786775
0.01853443
0.026805575999999998
0.011458032
0.032960079999999996
0.0073030457
0.02029051
0.003266783
0.034054466
0.010963965999999999
0.021497847
0.025577322
0.024571653000000002
0.008627608
0.018000656
0.034195232
0.011694972
0.02005149
0.031713896
0.010668986
0.0027449355
0.017619204
0.036577724000000006
0.015328796
0.007420251
0.009729248999999999
0.008873607
0.033436348000000005
0.0027337587
0.02216414
0.035075764
0.034100807000000004
0.0033658776
0.023770716
0.006756982
0.025559181
0.016469288
0.033517006
0.037376606
0.026034332
0.011543697
0.020619156
0.0050357223
0.0061829686
0.025930364999999997
0.025179625
0.007321047
0.0
0.0
0.028803903999999998
0.007693559
0.0079685817
0.023140861999999998
0.015445024500000001
0.0011990427
0.0042107944000000005
0.029562214
0.018105074
0.0
0.0
0.028240873
0.011632357000000001
0.030112354
0.021421917000000002
0.037088209999999996
0.019779558000000003
0.005608839
0.0129293
0.009026588
0.0
0.0
0.010234946
0.006730432000000001
0.008784960999999999
0.014232007
0.0049306164
0.03202153
0.024282177000000002
0.031208511
0.023056189
0.0
0.0
0.03588833
0.014317064000000001
0.0063599486
0.029462578
0.002547243
0.036854687
0.033171031999999996
0.011077080999999999
0.007200517
0.0
0.0
0.0027030869000000003
0.013780489
0.014647704
0.035075626
0.010161196
0.023213785
0.0014345775
0.032944443
0.028220376999999998
---weights per flow per tunnel---
0.5,0.5,0.0,0.0
0.5,0.5,0.0,0.0
0.5,0.5,0.0,0.0
0.5,0.5,0.0,0.0
0.5,0.5,0.0,0.0
0.5,0.5,0.0,0.0
0.007373289459548109,0.9926267105404518,0.0,0.0
0.8229479922655161,0.17705200773448393,0.0,0.0
0.5,0.5,0.0,0.0
0.5,0.5,0.0,0.0
0.3862553363625136,0.6137446636374865,0.0,0.0
0.5,0.5,0.0,0.0
0.5,0.5,0.0,0.0
0.5,0.5,0.0,0.0
0.5,0.5,0.0,0.0
0.5,0.5,0.0,0.0
0.5,0.5,0.0,0.0
0.004054305603018872,0.9959456943969811,0.0,0.0
0.5,0.5,0.0,0.0
0.5,0.5,0.0,0.0
0.012487853959106754,0.9875121460408932,0.0,0.0
0.9632162590806137,0.03678374091938625,0.0,0.0
0.5,0.5,0.0,0.0
0.5,0.5,0.0,0.0
0.33333333333333337,0.33333333333333337,0.33333333333333337,0.0
0.9734769193506595,0.01326154032467032,0.01326154032467032,0.0
0.3333333333333333,0.3333333333333333,0.3333333333333333,0.0
0.33333333333333337,0.33333333333333337,0.33333333333333337,0.0
0.3333333333333333,0.3333333333333333,0.3333333333333333,0.0
0.5,0.5,0.0,0.0
0.005103626644471732,0.9948963733555282,0.0,0.0
0.5,0.5,0.0,0.0
0.5,0.5,0.0,0.0
0.5,0.5,0.0,0.0
0.5,0.5,0.0,0.0
0.3333333333333333,0.3333333333333333,0.3333333333333333,0.0
0.007410257573544609,0.9851794848529106,0.007410257573544609,0.0
0.25,0.25,0.25,0.25
0.04297086159931026,0.8710874152020694,0.04297086159931026,0.04297086159931026
0.25,0.25,0.25,0.25
0.5,0.5,0.0,0.0
0.5,0.5,0.0,0.0
0.5,0.5,0.0,0.0
0.5,0.5,0.0,0.0
0.5,0.5,0.0,0.0
0.9922880606365206,0.007711939363479298,0.0,0.0
0.3333333333333333,0.3333333333333333,0.3333333333333333,0.0
0.33333333333333337,0.33333333333333337,0.33333333333333337,0.0
0.3333333333333333,0.3333333333333333,0.3333333333333333,0.0
0.005265319303668428,0.989469361392663,0.005265319303668428,0.0
0.3333333333333333,0.3333333333333333,0.3333333333333333,0.0
0.5,0.5,0.0,0.0
0.9819477150839507,0.018052284916049387,0.0,0.0
0.5,0.5,0.0,0.0
0.5,0.5,0.0,0.0
0.5,0.5,0.0,0.0
0.5,0.5,0.0,0.0
0.40898218313354107,0.29550890843322947,0.29550890843322947,0.0
0.0034941270250824687,0.0034941270250824687,0.0034941270250824687,0.9895176189247527
0.040258479911520026,0.9194830401769599,0.040258479911520026,0.0
0.25,0.25,0.25,0.25
0.25,0.25,0.25,0.25
0.5,0.5,0.0,0.0
0.5,0.5,0.0,0.0
0.5,0.5,0.0,0.0
0.5,0.5,0.0,0.0
0.9878734544940729,0.012126545505927174,0.0,0.0
0.5,0.5,0.0,0.0
0.963840444370172,0.018079777814914,0.018079777814914,0.0
0.25,0.25,0.25,0.25
0.3333333333333333,0.3333333333333333,0.3333333333333333,0.0
0.25,0.25,0.25,0.25
0.25,0.25,0.25,0.25
0.013310183579616804,0.9866898164203832,0.0,0.0
0.5,0.5,0.0,0.0
0.5,0.5,0.0,0.0
0.5,0.5,0.0,0.0
0.5,0.5,0.0,0.0
0.016539672240985567,0.9834603277590144,0.0,0.0
0.3333333333333333,0.3333333333333333,0.3333333333333333,0.0
0.004339336749588026,0.9869819897512359,0.004339336749588026,0.004339336749588026
0.0031780260836943557,0.0031780260836943557,0.9936439478326113,0.0
0.01604656269945051,0.01604656269945051,0.9518603119016485,0.01604656269945051
0.014864400295989923,0.9554067991120303,0.014864400295989923,0.014864400295989923
0.5,0.5,0.0,0.0
0.5,0.5,0.0,0.0
0.5,0.5,0.0,0.0
0.011579712459228007,0.988420287540772,0.0,0.0
0.5,0.5,0.0,0.0
0.5,0.5,0.0,0.0
0.5,0.5,0.0,0.0
0.5,0.5,0.0,0.0
0.5,0.5,0.0,0.0
0.5,0.5,0.0,0.0
0.5,0.5,0.0,0.0
0.5,0.5,0.0,0.0
0.0026335122592243488,0.9973664877407755,0.0,0.0
0.5,0.5,0.0,0.0
0.7788201917722143,0.22117980822778568,0.0,0.0
0.5,0.5,0.0,0.0
0.5,0.5,0.0,0.0
0.5,0.5,0.0,0.0
0.9930241486578859,0.006975851342114076,0.0,0.0
0.5,0.5,0.0,0.0
0.5,0.5,0.0,0.0
0.5,0.5,0.0,0.0
0.5,0.5,0.0,0.0
0.5,0.5,0.0,0.0
0.0,0.3511502889603135,0.6446548696638881,0.004194841375798419
0.008595374551884721,0.9914046254481153,0.0,0.0
0.5,0.5,0.0,0.0
0.5,0.5,0.0,0.0
0.5,0.5,0.0,0.0
0.5,0.5,0.0,0.0
0.025121684231137562,0.9748783157688624,0.0,0.0
0.5,0.5,0.0,0.0
0.5,0.5,0.0,0.0
0.9913620854827948,0.0086379145172052,0.0,0.0
0.7102312065793832,0.2897687934206169,0.0,0.0
0.0,0.995361311562383,0.002319344218808515,0.002319344218808515
0.5,0.5,0.0,0.0
0.5,0.5,0.0,0.0
0.051078263563605016,0.948921736436395,0.0,0.0
0.0010626432918134148,0.9989373567081866,0.0,0.0
0.5,0.5,0.0,0.0
0.5,0.5,0.0,0.0
0.5,0.5,0.0,0.0
0.5,0.5,0.0,0.0
0.5,0.5,0.0,0.0
0.0008022358876137612,0.9991977641123863,0.0,0.0
0.5,0.5,0.0,0.0
0.5,0.5,0.0,0.0
