---flow_allocation with alpha---
0.18219348
0.25566077000000004
0.07498976
0.27973642
0.27941705
0.05726047
0.10177828
0.23768417
0.28384305
0.24054
0.030149216
0.09143208
0.07429049
0.29389175
0.21279718
0.26292453
0.27956595
0.28719396999999997
0.22892331999999999
0.15568987999999997
0.10229345000000001
0.16937049999999998
0.22284471
0.14283336
0.022906927
0.29267563
0.090348145
0.08438564
0.021590302000000002
0.028038706
0.08534492
0.032953598
0.03159964
0.05140181
0.070360725
0.06619844000000001
0.2980323
0.021095442
0.13405799999999998
0.25736755
0.09144121599999999
0.24746259
0.015091625000000001
0.10107926
0.18687766
0.18205950999999998
0.00020735697
0.29803354000000004
0.290317
0.036849533000000004
0.25369307
0.052115047
0.04148604
0.01183693
0.11353591
0.05617632299999999
0.14761984
0.07489955999999999
0.07230604
0.10658603
0.28873899999999997
0.053638559999999995
0.08847361
0.27339923
0.08392367
0.28281387
0.070993935
0.21959982
0.24365987
0.1440575
0.24683643
0.051102978
0.12564246
0.2744187
0.09483578
0.10188609
0.1057025
0.2862587
0.25477573000000003
0.14758717
0.24246494999999998
0.017567620000000003
0.21691019
0.07941308600000001
0.0277866
0.11363542
0.10872489
0.14378932
0.013945294
0.029805150000000002
0.20063788
0.24945483
0.075782166
0.27134732
0.07649456
0.18184036
0.27619036999999996
0.04411709
0.029430826
0.19898108
0.19970499
0.056471832
0.09786684
0.28005579999999997
0.13854996
0.21507355
0.10170646000000001
0.15861427
0.26875098000000003
0.19370607
0.013749223999999999
0.0736447
0.28903354000000003
0.1291326
0.2573609
0.24597008
0.18693236
0.062647118
0.28242345999999996
0.27479169999999997
0.16137723
0.113442215
0.07651063999999999
0.13334135
0.1909083
0.15013337999999998
0.29977974999999996
0.06467789500000001
0.16323245
0.20546956
0.12087339
0.27163754
---flow_allocation with ell_k_beta---
0.18219348
0.25566077000000004
0.07498976
0.27973642
0.27941705
0.05726047
0.10177828
0.23768417
0.28384305
0.24054
0.030149216
0.09143208
0.07429049
0.29389175
0.21279718
0.26292453
0.27956595
0.28719396999999997
0.22892331999999999
0.15568987999999997
0.10229345000000001
0.16937049999999998
0.22284471
0.14283336
0.022906927
0.29267563
0.090348145
0.08438564
0.021590302000000002
0.028038706
0.08534492
0.032953598
0.03159964
0.05140181
0.070360725
0.06619844000000001
0.2980323
0.021095442
0.13405799999999998
0.25736755
0.09144121599999999
0.24746259
0.015091625000000001
0.10107926
0.18687766
0.18205950999999998
0.00020735697
0.29803354000000004
0.290317
0.036849533000000004
0.25369307
0.052115047
0.04148604
0.01183693
0.11353591
0.05617632299999999
0.14761984
0.07489955999999999
0.07230604
0.10658603
0.28873899999999997
0.053638559999999995
0.08847361
0.27339923
0.08392367
0.28281387
0.070993935
0.21959982
0.24365987
0.1440575
0.24683643
0.051102978
0.12564246
0.2744187
0.09483578
0.10188609
0.1057025
0.2862587
0.25477573000000003
0.14758717
0.24246494999999998
0.017567620000000003
0.21691019
0.07941308600000001
0.0277866
0.11363542
0.10872489
0.14378932
0.013945294
0.029805150000000002
0.20063788
0.24945483
0.075782166
0.27134732
0.07649456
0.18184036
0.27619036999999996
0.04411709
0.029430826
0.19898108
0.19970499
0.056471832
0.09786684
0.28005579999999997
0.13854996
0.21507355
0.10170646000000001
0.15861427
0.26875098000000003
0.19370607
0.013749223999999999
0.0736447
0.28903354000000003
0.1291326
0.2573609
0.24597008
0.18693236
0.062647118
0.28242345999999996
0.27479169999999997
0.16137723
0.113442215
0.07651063999999999
0.13334135
0.1909083
0.15013337999999998
0.29977974999999996
0.06467789500000001
0.16323245
0.20546956
0.12087339
0.27163754
---flow_allocation with per_flow_loss---
0.18219348
0.25566077000000004
0.07498976
0.27973642
0.27941705
0.05726047
0.10177828
0.23768417
0.28384305
0.24054
0.030149216
0.09143208
0.07429049
0.29389175
0.21279718
0.26292453
0.27956595
0.28719396999999997
0.22892331999999999
0.15568987999999997
0.10229345000000001
0.16937049999999998
0.22284471
0.14283336
0.022906927
0.29267563
0.090348145
0.08438564
0.021590302000000002
0.028038706
0.08534492
0.032953598
0.03159964
0.05140181
0.070360725
0.06619844000000001
0.2980323
0.021095442
0.13405799999999998
0.25736755
0.09144121599999999
0.24746259
0.015091625000000001
0.10107926
0.18687766
0.18205950999999998
0.00020735697
0.29803354000000004
0.290317
0.036849533000000004
0.25369307
0.052115047
0.04148604
0.01183693
0.11353591
0.05617632299999999
0.14761984
0.07489955999999999
0.07230604
0.10658603
0.28873899999999997
0.053638559999999995
0.08847361
0.27339923
0.08392367
0.28281387
0.070993935
0.21959982
0.24365987
0.1440575
0.24683643
0.051102978
0.12564246
0.2744187
0.09483578
0.10188609
0.1057025
0.2862587
0.25477573000000003
0.14758717
0.24246494999999998
0.017567620000000003
0.21691019
0.07941308600000001
0.0277866
0.11363542
0.10872489
0.14378932
0.013945294
0.029805150000000002
0.20063788
0.24945483
0.075782166
0.27134732
0.07649456
0.18184036
0.27619036999999996
0.04411709
0.029430826
0.19898108
0.19970499
0.056471832
0.09786684
0.28005579999999997
0.13854996
0.21507355
0.10170646000000001
0.15861427
0.26875098000000003
0.19370607
0.013749223999999999
0.0736447
0.28903354000000003
0.1291326
0.2573609
0.24597008
0.18693236
0.062647118
0.28242345999999996
0.27479169999999997
0.16137723
0.113442215
0.07651063999999999
0.13334135
0.1909083
0.15013337999999998
0.29977974999999996
0.06467789500000001
0.16323245
0.20546956
0.12087339
0.27163754
---weights per flow per tunnel---
0.7071464878874593,0.2928535121125407,0.0,0.0
0.5,0.5,0.0,0.0
0.5,0.5,0.0,0.0
0.5,0.5,0.0,0.0
0.5,0.5,0.0,0.0
0.5,0.5,0.0,0.0
0.5,0.5,0.0,0.0
0.5,0.5,0.0,0.0
0.6591514823199732,0.3408485176800267,0.0,0.0
0.5,0.5,0.0,0.0
0.5,0.5,0.0,0.0
0.5,0.5,0.0,0.0
0.5,0.5,0.0,0.0
0.5,0.5,0.0,0.0
0.5,0.5,0.0,0.0
0.5717289130993514,0.4282710869006485,0.0,0.0
0.5,0.5,0.0,0.0
0.21490124862435944,0.7850987513756406,0.0,0.0
0.5,0.5,0.0,0.0
0.5,0.5,0.0,0.0
0.5,0.5,0.0,0.0
0.5,0.5,0.0,0.0
0.5,0.5,0.0,0.0
0.5,0.5,0.0,0.0
0.5,0.5,0.0,0.0
0.0,0.8866530840607411,0.11334691593925889,0.0
0.5,0.0,0.5,0.0
0.5,0.5,0.0,0.0
0.5,0.5,0.0,0.0
0.5,0.5,0.0,0.0
0.5,0.5,0.0,0.0
0.5,0.5,0.0,0.0
0.5,0.5,0.0,0.0
0.5,0.5,0.0,0.0
0.5,0.5,0.0,0.0
0.10385564997117717,0.8961443500288229,0.0,0.0
0.8335147459107675,0.16648525408923256,0.0,0.0
0.6255487330311996,0.0,0.0,0.37445126696880043
0.5,0.0,0.5,0.0
0.8737263818310378,0.12627361816896215,0.0,0.0
0.5,0.5,0.0,0.0
0.5,0.5,0.0,0.0
0.5,0.5,0.0,0.0
0.5,0.5,0.0,0.0
0.5,0.5,0.0,0.0
0.893245021066376,0.10675497893362393,0.0,0.0
0.0,0.5,0.5,0.0
0.1528346899071,0.8471653100929,0.0,0.0
0.8627167446770411,0.13728325532295896,0.0,0.0
0.5,0.5,0.0,0.0
0.26154048798740764,0.7384595120125924,0.0,0.0
0.5,0.5,0.0,0.0
0.5,0.5,0.0,0.0
0.5,0.5,0.0,0.0
0.5,0.5,0.0,0.0
0.5,0.5,0.0,0.0
0.5,0.5,0.0,0.0
0.8879798497608941,0.11202015023910593,0.0,0.0
0.0,0.0,0.11898820789032553,0.8810117921096745
0.5,0.5,0.0,0.0
0.3333333333333333,0.3333333333333333,0.0,0.3333333333333333
0.7388354121907673,0.2611645878092327,0.0,0.0
0.9248362686901642,0.07516373130983575,0.0,0.0
0.5,0.5,0.0,0.0
0.5,0.5,0.0,0.0
0.5,0.5,0.0,0.0
0.08263396090477969,0.9173660390952204,0.0,0.0
0.5,0.5,0.0,0.0
0.5,0.5,0.0,0.0
0.10048763640182143,0.0,0.8995123635981787,0.0
0.0,0.5,0.5,0.0
0.5,0.5,0.0,0.0
0.0,0.18888181446168367,0.8111181855383164,0.0
0.5,0.5,0.0,0.0
0.5,0.5,0.0,0.0
0.5,0.5,0.0,0.0
0.1317824255989514,0.8682175744010485,0.0,0.0
0.8420624237189107,0.15793757628108937,0.0,0.0
0.2771881890554041,0.7228118109445959,0.0,0.0
0.5,0.0,0.5,0.0
0.5,0.0,0.5,0.0
0.0,0.5,0.5,0.0
0.5,0.5,0.0,0.0
0.9763595299567094,0.023640470043290538,0.0,0.0
0.5,0.5,0.0,0.0
0.5,0.5,0.0,0.0
0.5,0.5,0.0,0.0
0.5,0.5,0.0,0.0
0.5,0.5,0.0,0.0
0.5,0.5,0.0,0.0
0.5,0.5,0.0,0.0
0.5,0.5,0.0,0.0
0.5,0.5,0.0,0.0
0.5,0.5,0.0,0.0
0.24301380455330787,0.7569861954466921,0.0,0.0
0.5,0.5,0.0,0.0
0.3546706259698812,0.6453293740301189,0.0,0.0
0.02779641439297201,0.9722035856070279,0.0,0.0
0.5,0.5,0.0,0.0
0.5,0.5,0.0,0.0
0.5,0.5,0.0,0.0
0.5,0.5,0.0,0.0
0.5,0.5,0.0,0.0
0.5,0.5,0.0,0.0
0.5,0.5,0.0,0.0
0.5,0.5,0.0,0.0
0.5,0.5,0.0,0.0
0.2110758928645511,0.7889241071354488,0.0,0.0
0.04047384803088148,0.5006858549032233,0.45884029706589524,0.0
0.5,0.5,0.0,0.0
0.5,0.5,0.0,0.0
0.5,0.5,0.0,0.0
0.5,0.5,0.0,0.0
0.5,0.5,0.0,0.0
0.5,0.5,0.0,0.0
0.5,0.5,0.0,0.0
0.5,0.5,0.0,0.0
0.5,0.5,0.0,0.0
0.5,0.5,0.0,0.0
0.19466143011145168,0.298474474414341,0.5068640954742073,0.0
0.7848896122996993,0.21511038770030058,0.0,0.0
0.5,0.5,0.0,0.0
0.5,0.5,0.0,0.0
0.5,0.5,0.0,0.0
0.5,0.5,0.0,0.0
0.5,0.5,0.0,0.0
0.5,0.5,0.0,0.0
0.5,0.5,0.0,0.0
0.47467738140189264,0.5253226185981072,0.0,0.0
0.5,0.5,0.0,0.0
0.31187311298611214,0.6881268870138879,0.0,0.0
0.5,0.5,0.0,0.0
