---flow_allocation with alpha---
0.13768352115699303
0.12690844123315703
0.05760011097620622
0.13879054741525523
0.02309011786329798
0.5328126107194778
0.3109267451094503
0.08630232933445285
0.39939682765355733
0.37545642512622973
0.414127338351992
0.13760920819468184
0.30392643971631794
0.21527514852000343
0.1686134524339327
0.5635995056948894
0.17682091043268208
0.2881575043817521
0.24665727749641944
0.15899530277353952
0.03143206387901074
0.32530841463996374
0.2883285449758684
0.4465050381874826
0.5531943239948193
0.12920913758907013
0.46538939723608597
0.35237288279442114
0.1927612046983579
0.4246747511482535
0.4874303016480239
0.08410579471543181
0.36292423735169216
0.1545153743504954
0.5351448037120565
0.5475449284484941
0.10317599141064446
0.24291153717210692
0.42218310877326837
0.198102337680599
0.5417163091747457
0.5454808313816832
0.3051671394233539
0.015993388194789838
0.012884275979794002
0.12479141595972583
0.194270365482419
0.036319957076263905
0.429391344400369
0.2472448526838708
0.46703885100581816
0.17106596744725736
0.008714829585079216
0.4319741060583594
0.08842141911691637
0.48715447200588113
0.44711310865961323
0.4425220619000806
0.511569983133375
0.06332347774071691
0.39526425170484647
0.08767401535152201
0.060851811012083194
0.3569817002484815
0.24217237739856276
0.26072159313282456
0.30324117252322774
0.3434121364773213
0.22370363538372454
0.3612576776499778
0.5203428825356646
0.23813166039822478
0.07089870817094421
0.3417494155452362
0.38514707135549975
0.10640276378734825
0.23471555803083438
0.23220401959374626
0.025530169047036113
0.09813775233271792
0.0009438426892917758
0.44418624343719537
0.05613145670201619
0.3208183368845339
0.49022848382218615
0.13183745888856307
0.08442602768676213
0.18179956993339164
0.5305818174222288
0.04446964838016016
0.4671037168497002
0.15351392361989113
0.5537706075818489
0.5128183322911112
0.33887871807649156
0.563793635083898
0.551016281009988
0.30382571414638676
0.05848174528011319
0.47569015503938705
0.4373002584761936
0.3006431681409534
0.11435932542083961
0.04528570315673461
0.1091282022133209
0.520011812062271
0.5443315973832045
0.5533727799683169
0.031248118464943138
0.031944956271467144
0.16545210392713508
0.2721839719887984
0.34357786833392584
0.2107927763923904
0.152711761210163
0.26862526401110665
0.4649976180254334
0.04630141819351011
0.5200788126365811
0.13002710449424756
0.35195771517758817
0.0
0.0
0.16180712662416477
0.0
0.32582004468579784
0.3214488126633057
0.5245592560165266
0.39289411107005445
0.3687068943812697
0.285584377099246
0.11460495518142336
---flow_allocation with ell_k_beta---
0.13768352115699303
0.12690844123315703
0.05760011097620622
0.13879054741525523
0.02309011786329798
0.5328126107194778
0.3109267451094503
0.08630232933445285
0.39939682765355733
0.37545642512622973
0.414127338351992
0.13760920819468184
0.30392643971631794
0.21527514852000343
0.1686134524339327
0.5635995056948894
0.17682091043268208
0.2881575043817521
0.24665727749641944
0.15899530277353952
0.03143206387901074
0.32530841463996374
0.2883285449758684
0.4465050381874826
0.5531943239948193
0.12920913758907013
0.46538939723608597
0.35237288279442114
0.1927612046983579
0.4246747511482535
0.4874303016480239
0.08410579471543181
0.36292423735169216
0.1545153743504954
0.5351448037120565
0.5475449284484941
0.10317599141064446
0.24291153717210692
0.42218310877326837
0.198102337680599
0.5417163091747457
0.5454808313816832
0.3051671394233539
0.015993388194789838
0.012884275979794002
0.12479141595972583
0.194270365482419
0.036319957076263905
0.429391344400369
0.2472448526838708
0.46703885100581816
0.17106596744725736
0.008714829585079216
0.4319741060583594
0.08842141911691637
0.48715447200588113
0.44711310865961323
0.4425220619000806
0.511569983133375
0.06332347774071691
0.39526425170484647
0.08767401535152201
0.060851811012083194
0.3569817002484815
0.24217237739856276
0.26072159313282456
0.30324117252322774
0.3434121364773213
0.22370363538372454
0.3612576776499778
0.5203428825356646
0.23813166039822478
0.07089870817094421
0.3417494155452362
0.38514707135549975
0.10640276378734825
0.23471555803083438
0.23220401959374626
0.025530169047036113
0.09813775233271792
0.0009438426892917758
0.44418624343719537
0.05613145670201619
0.3208183368845339
0.49022848382218615
0.13183745888856307
0.08442602768676213
0.18179956993339164
0.5305818174222288
0.04446964838016016
0.4671037168497002
0.15351392361989113
0.5537706075818489
0.5128183322911112
0.33887871807649156
0.563793635083898
0.551016281009988
0.30382571414638676
0.05848174528011319
0.47569015503938705
0.4373002584761936
0.3006431681409534
0.11435932542083961
0.04528570315673461
0.1091282022133209
0.520011812062271
0.5443315973832045
0.5533727799683169
0.031248118464943138
0.031944956271467144
0.16545210392713508
0.2721839719887984
0.34357786833392584
0.2107927763923904
0.152711761210163
0.26862526401110665
0.4649976180254334
0.04630141819351011
0.5200788126365811
0.13002710449424756
0.35195771517758817
0.0
0.0
0.16180712662416477
0.0
0.32582004468579784
0.3214488126633057
0.5245592560165266
0.39289411107005445
0.3687068943812697
0.285584377099246
0.11460495518142336
---flow_allocation with per_flow_loss---
0.14705296
0.13554463
0.06151983
0.14823532
0.024661413
0.5690708
0.33208548000000004
0.09217525
0.426576
0.40100644
0.44230893
0.14697359000000002
0.3246088
0.22992474000000002
0.18008769000000002
0.60195276
0.18885367
0.30776677999999996
0.26344244
0.16981502
0.033571033
0.34744583
0.30794946
0.47688995
0.5908395000000001
0.13800189000000002
0.4970594
0.37635205
0.20587871000000002
0.4535741
0.5206002
0.08982924
0.38762143
0.16503023
0.5715617
0.58480566
0.11019717400000001
0.2594418
0.4509129
0.21158331000000002
0.5785804000000001
0.5826011
0.32593393
0.017081747
0.013761058
0.13328353999999998
0.20749056999999999
0.03879155
0.45861166
0.26406999999999997
0.4988211
0.18270709999999998
0.0093078785
0.46137018
0.094438545
0.5203056
0.4775394
0.47263593
0.5463826
0.067632675
0.4221622
0.09364028
0.06499281000000001
0.3812745
0.25865234
0.27846384
0.32387689999999997
0.36678152
0.23892679
0.38584145999999997
0.5557525000000001
0.25433665
0.07572340400000001
0.36500565
0.41135654
0.11364352999999999
0.25068808000000004
0.24800563
0.027267510999999998
0.10481608
0.0010080717
0.47441336
0.059951233
0.34265019999999996
0.5235888
0.14080906999999998
0.090171265
0.19417113
0.5666882000000001
0.047495832249999204
0.49889037999999997
0.16396063
0.5914550000000001
0.5477159
0.3619396
0.6021601000000001
0.58851324
0.32450122
0.06246146
0.50806113
0.46705878
0.3211021
0.12214154
0.04836742
0.116554436
0.5553989
0.58137366
0.5910301
0.03337457
0.034118828000000004
0.17671121
0.29070624
0.36695853
0.22513734
0.16310388
0.28690536
0.49664096
0.049452255
0.55547046
0.13887552
0.37590863
0.0
0.0
0.17281818999999998
0.0
0.34799227675000033
0.34332358
0.5602558
0.41963077
0.39379759999999997
0.30501855
0.122403885
---weights per flow per tunnel---
1.0,0.0,0.0,0.0
0.5,0.5,0.0,0.0
0.31180616538973294,0.6881938346102671,0.0,0.0
0.5,0.5,0.0,0.0
0.8004492786337335,0.1995507213662665,0.0,0.0
0.5,0.5,0.0,0.0
0.5,0.5,0.0,0.0
0.0,1.0,0.0,0.0
0.26263569123672886,0.7373643087632711,0.0,0.0
1.0,0.0,0.0,0.0
0.5,0.5,0.0,0.0
0.5959276178391546,0.4040723821608454,0.0,0.0
0.613063829341283,0.3869361706587169,0.0,0.0
0.5,0.5,0.0,0.0
1.0,0.0,0.0,0.0
1.0,0.0,0.0,0.0
0.5,0.5,0.0,0.0
0.20194751096674965,0.7980524890332504,0.0,0.0
1.0,0.0,0.0,0.0
0.0,1.0,0.0,0.0
1.0,0.0,0.0,0.0
0.5,0.5,0.0,0.0
0.5,0.5,0.0,0.0
0.5,0.5,0.0,0.0
0.4502914871389959,0.5497085128610042,0.0,0.0
0.0,1.0,0.0,0.0
1.0,0.0,0.0,0.0
0.0,1.0,0.0,0.0
0.5,0.0,0.5,0.0
0.0,1.0,0.0,0.0
0.0,1.0,0.0,0.0
0.0,1.0,0.0,0.0
0.38274933056866517,0.6172506694313349,0.0,0.0
0.5,0.5,0.0,0.0
0.5,0.5,0.0,0.0
1.0,0.0,0.0,0.0
0.3333333333333333,0.3333333333333333,0.3333333333333333,0.0
0.0,0.0,0.4378074677688301,0.5621925322311697
0.07172784350005125,0.8249977810145346,0.10327437548541411,0.0
0.3333333333333333,0.3333333333333333,0.3333333333333333,0.0
0.0,1.0,0.0,0.0
0.0,1.0,0.0,0.0
1.0,0.0,0.0,0.0
0.5,0.5,0.0,0.0
1.0,0.0,0.0,0.0
1.0,0.0,0.0,0.0
0.0,1.0,0.0,0.0
0.9494322226885592,0.05056777731144075,0.0,0.0
1.0,0.0,0.0,0.0
0.0,1.0,0.0,0.0
0.5,0.5,0.0,0.0
0.0,1.0,0.0,0.0
0.0,1.0,0.0,0.0
0.0,1.0,0.0,0.0
0.0,1.0,0.0,0.0
0.5,0.5,0.0,0.0
1.0,0.0,0.0,0.0
1.0,0.0,0.0,0.0
0.0,0.0,0.359926846892989,0.6400731531070111
1.0,0.0,0.0,0.0
1.0,0.0,0.0,0.0
0.0,1.0,0.0,0.0
1.0,0.0,0.0,0.0
0.0,1.0,0.0,0.0
1.0,0.0,0.0,0.0
1.0,0.0,0.0,0.0
0.5,0.5,0.0,0.0
0.5,0.5,0.0,0.0
0.13047861630702995,0.86952138369297,0.0,0.0
0.5818499644990698,0.4181500355009302,0.0,0.0
0.0,1.0,0.0,0.0
0.3770945368310222,0.6229054631689779,0.0,0.0
1.0,0.0,0.0,0.0
0.0,1.0,0.0,0.0
1.0,0.0,0.0,0.0
0.0,1.0,0.0,0.0
0.6160235844679922,0.38397641553200773,0.0,0.0
0.5,0.5,0.0,0.0
0.027342457025602025,0.972657542974398,0.0,0.0
0.5090495114369602,0.49095048856303986,0.0,0.0
0.35170191430878933,0.0,0.6482980856912107,0.0
0.37854977909943976,0.6214502209005602,0.0,0.0
0.0,0.07198080558252505,0.9280191944174749,0.0
1.0,0.0,0.0,0.0
1.0,0.0,0.0,0.0
1.0,0.0,0.0,0.0
0.0,1.0,0.0,0.0
0.0,1.0,0.0,0.0
0.1514288344542899,0.8485711655457101,0.0,0.0
1.0,0.0,0.0,0.0
0.0,1.0,0.0,0.0
0.0,1.0,0.0,0.0
0.0,1.0,0.0,0.0
1.0,0.0,0.0,0.0
0.0,1.0,0.0,0.0
1.0,0.0,0.0,0.0
0.7102857127087355,0.2897142872912644,0.0,0.0
0.0,1.0,0.0,0.0
0.9780010911144764,0.02199890888552351,0.0,0.0
0.23569540695165414,0.7643045930483459,0.0,0.0
0.5399990073697656,0.4600009926302344,0.0,0.0
0.0,1.0,0.0,0.0
0.0,1.0,0.0,0.0
0.0,1.0,0.0,0.0
0.0,1.0,0.0,0.0
1.0,0.0,0.0,0.0
0.0,1.0,0.0,0.0
1.0,0.0,0.0,0.0
0.0,0.08172324604974955,0.9182767539502505,0.0
0.5,0.5,0.0,0.0
1.0,0.0,0.0,0.0
1.0,0.0,0.0,0.0
0.0,1.0,0.0,0.0
1.0,0.0,0.0,0.0
0.0,1.0,0.0,0.0
1.0,0.0,0.0,0.0
0.6540801100054255,0.34591988999457446,0.0,0.0
1.0,0.0,0.0,0.0
0.8688963436943946,0.13110365630560547,0.0,0.0
0.0,0.5,0.5,0.0
0.3955545681287618,0.6044454318712381,0.0,0.0
0.0,0.0,0.0,0.0
0.0,0.0,0.0,0.0
0.0,1.0,0.0,0.0
0.0,0.0,0.0,0.0
0.0,1.0,0.0,0.0
1.0,0.0,0.0,0.0
0.025886673551618125,0.9741133264483819,0.0,0.0
0.0,1.0,0.0,0.0
0.3788252128860734,0.6211747871139266,0.0,0.0
0.5,0.5,0.0,0.0
0.05523467767477943,0.9447653223252205,0.0,0.0
