---flow allocation with alpha---
0.059464674071253436
0.05481098268990056
0.024877137052317193
0.05994279196860746
0.011089081988866037
0.2558844766384467
0.13428736716347464
0.03727345031807794
0.17249705688766145
0.16215734287207578
0.17885907472556042
0.05943257875551796
0.13126397790741978
0.09297602527019985
0.0728231229762048
0.2706699534639073
0.07636787408910403
0.12445347079486979
0.10652977560693602
0.06866910272804698
0.013575316916982109
0.14049872262595822
0.12452734218555338
0.19284280605168605
0.2656728411206858
0.055804639431038784
0.2235043239386388
0.16922788402788638
0.09257401005173443
0.18341443806137672
0.21051817803891432
0.0363247803965891
0.17429519622056924
0.06673424893218055
0.2311257808214913
0.2364813191582424
0.04456108218075449
0.11665882208529513
0.20275440494578928
0.08555919287899391
0.2339639739996763
0.2355898482087931
0.13179982855301062
0.006907446935597973
0.0055646403094886
0.05389665237043082
0.08390418742953963
0.015686368213660786
0.20621617661526345
0.10678354575110824
0.22429647788941956
0.07388234927065668
0.003763881810317366
0.1865669849821148
0.03818867228642253
0.23395705094700522
0.19310542798446165
0.21252223376876048
0.22094395942253756
0.027349024293302288
0.18982656218441585
0.04210564667889762
0.026281526489673523
0.15417822173848195
0.10459277457500361
0.12521214225212782
0.13096801518111528
0.16492446508563433
0.10743418325813602
0.17349482710677505
0.24989586111782294
0.10284761351709246
0.03062072017065041
0.1475994907645246
0.16634267394670957
0.045954705513963884
0.11272268433083735
0.10028750156260624
0.011026324491185471
0.047130880329993324
0.0004076399079689002
0.2133214607635588
0.026957260643200417
0.1385594853952603
0.23543335216242398
0.05693979538954067
0.036463087066167334
0.0785181267993312
0.22915505483891843
0.06031472479655269
0.2017392498864611
0.0663017284620954
0.23917015205143233
0.22148311381928823
0.1463596540149876
0.2434990365730372
0.2646268309886865
0.14591299509347072
0.025257909537588587
0.2054476802352208
0.18886731776645133
0.12984595291448078
0.04939109601507487
0.019558619329848405
0.0471318057677912
0.22458993391246715
0.2350935010455533
0.2657585450106891
0.015006980462682683
0.013796832016935639
0.07145775581387019
0.11755459945913077
0.14838918838570997
0.09104011605321624
0.06595527940380684
0.11601761516188201
0.20082963863382564
0.0199973004668761
0.22461887105236927
0.056157914354636844
0.16902849882901305
0.043274515751409295
0.13148938916923691
0.06988351232055408
0.22619792257521906
0.15142172058102119
0.13883178404348953
0.2265539472549845
0.16968857320736086
0.17707233050347404
0.13715255119708814
0.04949718201238648
---weights per flow tunnel---
0.5,0.5,0.0,0.0
0.5,0.5,0.0,0.0
0.5,0.5,0.0,0.0
0.5,0.5,0.0,0.0
0.9302294181892657,0.06977058181073423,0.0,0.0
0.212601204198964,0.7873987958010361,0.0,0.0
0.5,0.5,0.0,0.0
0.5,0.5,0.0,0.0
0.5,0.5,0.0,0.0
0.5,0.5,0.0,0.0
0.5,0.5,0.0,0.0
0.5,0.5,0.0,0.0
0.5,0.5,0.0,0.0
0.5,0.5,0.0,0.0
0.5,0.5,0.0,0.0
0.57393728205003,0.42606271794996986,0.0,0.0
0.5,0.5,0.0,0.0
0.5,0.5,0.0,0.0
0.5,0.5,0.0,0.0
0.5,0.5,0.0,0.0
0.5,0.5,0.0,0.0
0.5,0.5,0.0,0.0
0.5,0.5,0.0,0.0
0.5,0.5,0.0,0.0
0.2411430068696156,0.7588569931303845,0.0,0.0
0.5,0.0,0.5,0.0
0.4527884820187824,0.2736057589906088,0.2736057589906088,0.0
0.13037550273636794,0.13037550273636794,0.7392489945272641,0.0
0.3333333333333333,0.3333333333333333,0.3333333333333333,0.0
0.5,0.5,0.0,0.0
0.5,0.5,0.0,0.0
0.5,0.5,0.0,0.0
0.26412437434760366,0.7358756256523964,0.0,0.0
0.5,0.5,0.0,0.0
0.5,0.5,0.0,0.0
0.5,0.5,0.0,0.0
0.5,0.0,0.5,0.0
0.0,0.0,0.11083806694313172,0.8891619330568683
0.17987049145587605,0.3863282050011097,0.43380130354301427,0.0
0.5,0.0,0.5,0.0
0.5,0.5,0.0,0.0
0.5,0.5,0.0,0.0
0.5,0.5,0.0,0.0
0.5,0.49999999999999994,0.0,0.0
0.49999999999999994,0.5,0.0,0.0
0.5,0.5,0.0,0.0
0.5,0.5,0.0,0.0
0.5,0.5,0.0,0.0
0.0916719017834097,0.22178294556440462,0.6865451526521857,0.0
0.5,0.5,0.0,0.0
0.6005634065629886,0.19971829671850574,0.19971829671850574,0.0
0.5,0.5,0.0,0.0
0.5,0.5,0.0,0.0
0.5,0.5,0.0,0.0
0.5,0.5,0.0,0.0
0.7712976116552628,0.22870238834473722,0.0,0.0
0.5,0.5,0.0,0.0
0.7499625828815699,0.12501870855921504,0.12501870855921504,0.0
0.0,0.0,0.5,0.5
0.5,0.5,0.0,0.0
0.07897212212994434,0.8420557557401113,0.07897212212994434,0.0
0.3333333333333333,0.3333333333333333,0.3333333333333333,0.0
0.5,0.5,0.0,0.0
0.5,0.5,0.0,0.0
0.5,0.5,0.0,0.0
0.8787021865448419,0.12129781345515815,0.0,0.0
0.5,0.5,0.0,0.0
0.31512512944611376,0.6848748705538863,0.0,0.0
0.06137297819360588,0.8772540436127882,0.06137297819360588,0.0
0.0804555694773828,0.3694053048517683,0.550139125670849,0.0
0.13759257285938323,0.8624074271406168,0.0,0.0
0.5,0.0,0.5,0.0
0.0,0.5,0.5,0.0
0.5,0.5,0.0,0.0
0.5,0.5,0.0,0.0
0.5,0.5,0.0,0.0
0.12687125020029646,0.8731287497997036,0.0,0.0
0.5,0.5,0.0,0.0
0.5,0.5,0.0,0.0
0.3333333333333333,0.3333333333333333,0.3333333333333333,0.0
0.5,0.5,0.0,0.0
0.18047999949971066,0.8195200005002894,0.0,0.0
0.02925565508354665,0.02925565508354665,0.9414886898329067,0.0
0.0,0.5,0.5,0.0
0.35490828022691295,0.645091719773087,0.0,0.0
0.5,0.5,0.0,0.0
0.5,0.5,0.0,0.0
0.5,0.5,0.0,0.0
0.5,0.5,0.0,0.0
0.5,0.5,0.0,0.0
0.5,0.5,0.0,0.0
0.5,0.5,0.0,0.0
0.5,0.5,0.0,0.0
0.5,0.5,0.0,0.0
0.5000000000000006,0.49999999999999956,0.0,0.0
0.5,0.4999999999999999,0.0,0.0
0.584938715842943,0.41506128415705695,0.0,0.0
0.8862717718724931,0.1137282281275069,0.0,0.0
0.5000000000000001,0.5,0.0,0.0
0.5,0.5,0.0,0.0
0.5000000000000001,0.49999999999999994,0.0,0.0
0.5,0.5,0.0,0.0
0.5,0.5,0.0,0.0
0.5,0.5,0.0,0.0
0.5,0.5,0.0,0.0
0.5,0.5,0.0,0.0
0.5,0.4999999999999999,0.0,0.0
0.555799074931737,0.44420092506826314,0.0,0.0
0.005133387925347305,0.0,0.9948666120746527,0.0
0.49999999999999994,0.5,0.0,0.0
0.5,0.5,0.0,0.0
0.5,0.5,0.0,0.0
0.5,0.5,0.0,0.0
0.5,0.5,0.0,0.0
0.5,0.5,0.0,0.0
0.5,0.5,0.0,0.0
0.5,0.5,0.0,0.0
0.5,0.5,0.0,0.0
0.5,0.5,0.0,0.0
0.5,0.5,0.0,0.0
0.9508488617783717,0.049151138221628296,0.0,0.0
0.5,0.5,0.0,0.0
0.5,0.5,0.0,0.0
0.5,0.5,0.0,0.0
0.5,0.5,0.0,0.0
0.5,0.5,0.0,0.0
0.5,0.5,0.0,0.0
0.5,0.5,0.0,0.0
0.5,0.5,0.0,0.0
0.7757312011467143,0.22426879885328566,0.0,0.0
0.9620928069270851,0.037907193072914916,0.0,0.0
0.49999999999999994,0.5,0.0,0.0
