---flow allocation with alpha---
0.2502188602337348
0.12871791525256757
0.093585055510497
0.07865558721750587
0.22742565757146252
0.06544511973564249
0.28546739677688093
0.21495514547356698
0.28985312033712257
0.17510869686264152
0.09186508566662131
0.2503748250657117
0.1710116956208486
0.13441518508482977
0.06042640025301248
0.2524290360581587
0.2765748205629013
0.005645497774488511
0.04967569089028406
0.013660741402723765
0.12742125055489087
0.007690611032645449
0.2420835237837583
0.1968160192260992
0.27301051046599256
0.05971532501136092
0.1338299486335914
0.09310102760812163
0.04654537793049658
0.14309730320689307
0.2394940309670397
0.09939618075779215
0.12329276563687819
0.06740241756520321
0.18645068133272244
0.06424630756933225
0.013640966213002688
0.09474324147325308
0.03976686729090285
0.08179518805953999
0.012657419727609377
0.031071906518502133
0.018493920778385287
0.06552344329071058
0.024757496314988022
0.19476801795371065
0.16300927486677225
0.25600184002374604
0.24272126598899382
0.28775745847447676
0.24615666506615472
0.29457003555920624
0.2662959737863256
0.11459676463748679
0.1750130197109134
0.008435864158198811
0.2325994025175892
0.05886756572299032
0.2918782702352198
0.03622274669465538
0.06903307225398386
0.008427618480560726
0.2525291628500561
0.11397956394889038
0.26170662480384965
0.14815680116965196
0.02873032095417318
0.19573854380315978
0.02347128332766443
0.12478220852286537
0.07922766262193255
0.14327719721489127
0.25462986763822715
0.2597432754636588
0.285162586537198
0.15842429641975153
0.12594933925117052
0.27769866123640435
0.25759034178799
0.17642714502096904
0.038889538660394185
0.25117431663514417
0.15972032827971525
0.22340075038850074
0.2018225961351118
0.20352542398743767
0.15239430227181128
0.2828729203631728
0.021854616329958047
0.07997048555178723
0.11440838664889925
0.08265552697507353
0.022229574652504754
0.28312588735083927
0.29439165442886556
0.09912280475388265
0.011622914974188882
0.10139977462129159
0.2968340124773209
0.005009469175122602
0.2642389644646166
0.16013448101049058
0.22946965416769874
0.28310189884628245
0.22028450916854625
0.003647294897256342
0.07048606764294023
0.28736046157857614
0.08544535248030104
0.12803942423147097
0.18804934805273085
0.10416720953718743
0.04947317590047435
0.21812328927407343
0.17555659764207832
0.1206827055944884
0.00024100314126257496
0.24956172748545064
0.016512050058192125
0.09987961438600271
0.10775469731533334
0.20668550899519317
0.20114721986213369
0.15273843744250112
0.0930480076734827
0.1937362255031755
0.034218766206865675
0.047836977948851736
0.05467096373564891
0.10174695532347507
0.23533528849587615
0.040998687876797515
---weights per flow tunnel---
0.46900162714716814,0.5309983728528318,0.0,0.0
0.5,0.5,0.0,0.0
0.5,0.5,0.0,0.0
0.5,0.5,0.0,0.0
0.5,0.5,0.0,0.0
0.5,0.5,0.0,0.0
0.5,0.5,0.0,0.0
0.5,0.5,0.0,0.0
0.5,0.5,0.0,0.0
0.5,0.5,0.0,0.0
0.5,0.5,0.0,0.0
0.5,0.5,0.0,0.0
0.5,0.5,0.0,0.0
0.5,0.5,0.0,0.0
0.5,0.5,0.0,0.0
0.5607039235965973,0.43929607640340285,0.0,0.0
0.7316263072866955,0.26837369271330447,0.0,0.0
0.5,0.5,0.0,0.0
0.5,0.5,0.0,0.0
0.5,0.5,0.0,0.0
0.5,0.5,0.0,0.0
0.5,0.5,0.0,0.0
0.5,0.5,0.0,0.0
0.5,0.5,0.0,0.0
0.5,0.5,0.0,0.0
0.029368451206949964,0.8948154358867902,0.0758161129062599,0.0
0.3333333333333333,0.3333333333333333,0.3333333333333333,0.0
0.5,0.5,0.0,0.0
0.3333333333333327,0.3333333333333336,0.3333333333333336,0.0
0.5,0.5,0.0,0.0
0.5,0.5,0.0,0.0
0.5,0.5,0.0,0.0
0.5,0.5,0.0,0.0
0.5,0.5,0.0,0.0
0.5,0.5,0.0,0.0
0.5,0.0,0.5,0.0
0.016375914379741646,0.9836240856202584,0.0,0.0
0.5,0.5,0.0,0.0
0.012604269202471277,0.782104804257868,0.20529092653966075,0.0
0.5,0.0,0.5,0.0
0.5,0.5,0.0,0.0
0.5,0.5,0.0,0.0
0.5,0.5,0.0,0.0
0.5,0.5,0.0,0.0
0.5,0.5,0.0,0.0
0.5,0.5,0.0,0.0
0.5,0.0,0.5,0.0
0.5,0.2181276381963432,0.2818723618036568,0.0
0.33333333333333337,0.33333333333333337,0.33333333333333337,0.0
0.5,0.5,0.0,0.0
0.49840016451278457,0.25079991774360766,0.25079991774360766,0.0
0.5,0.5,0.0,0.0
0.5,0.5,0.0,0.0
0.5,0.5,0.0,0.0
0.5,0.5,0.0,0.0
0.5,0.5,0.0,0.0
0.5,0.5,0.0,0.0
0.9383073562832595,0.030846321858370312,0.030846321858370312,0.0
0.45653715877823314,0.007539415285540539,0.12854524549681073,0.40737818043941565
0.33333333333333337,0.33333333333333337,0.33333333333333337,0.0
0.5,0.5,0.0,0.0
0.33333333333333337,0.33333333333333337,0.33333333333333337,0.0
0.5,0.5,0.0,0.0
0.5,0.5,0.0,0.0
0.5,0.5,0.0,0.0
0.5,0.5,0.0,0.0
0.04859278462190723,0.9514072153780928,0.0,0.0
0.5,0.5,0.0,0.0
0.33333333333333337,0.33333333333333337,0.33333333333333337,0.0
0.5,0.5,0.0,0.0
0.5,0.5,0.0,0.0
0.5,0.5,0.0,0.0
0.6593230023020199,0.05199234666620982,0.28868465103177027,0.0
0.5,0.5,0.0,0.0
0.5000000000000001,0.5,0.0,0.0
0.5,0.5000000000000001,0.0,0.0
0.5000000000000007,0.49999999999999933,0.0,0.0
0.7554636281172727,0.24453637188272725,0.0,0.0
0.19372938508375595,0.8062706149162441,0.0,0.0
0.1252396378555028,0.7495207242889946,0.1252396378555028,0.0
0.5,0.5,0.0,0.0
0.5,0.5,0.0,0.0
0.33333333333333337,0.33333333333333337,0.33333333333333337,0.0
0.0,0.12856046075573124,0.8714395392442688,0.0
0.5,0.5,0.0,0.0
0.5,0.5,0.0,0.0
0.5,0.5,0.0,0.0
0.49999999999999933,0.5000000000000006,0.0,0.0
0.5,0.5,0.0,0.0
0.5,0.5,0.0,0.0
0.5,0.5,0.0,0.0
0.5,0.5,0.0,0.0
0.5000000000000001,0.5,0.0,0.0
0.5,0.5,0.0,0.0
0.5529958986915775,0.44700410130842255,0.0,0.0
0.5,0.5,0.0,0.0
0.5,0.5,0.0,0.0
0.5,0.5,0.0,0.0
0.5831996872338955,0.4168003127661046,0.0,0.0
0.5,0.5,0.0,0.0
0.5,0.5,0.0,0.0
0.5,0.5,0.0,0.0
0.5,0.5,0.0,0.0
0.5,0.5,0.0,0.0
0.5,0.5,0.0,0.0
0.5,0.5,0.0,0.0
0.5,0.5,0.0,0.0
0.6001659539935785,0.39983404600642136,0.0,0.0
0.5,0.0,0.5,0.0
0.8966450340329631,0.1033549659670368,0.0,0.0
0.5,0.5,0.0,0.0
0.5,0.5,0.0,0.0
0.5,0.5,0.0,0.0
0.5,0.5,0.0,0.0
0.5,0.5,0.0,0.0
0.5,0.5,0.0,0.0
0.5,0.5,0.0,0.0
0.22402949877527462,0.7759705012247254,0.0,0.0
0.5,0.5,0.0,0.0
0.07975263393548902,0.9202473660645109,0.0,0.0
0.5,0.5,0.0,0.0
0.4193452414600641,0.580654758539936,0.0,0.0
0.5,0.5,0.0,0.0
0.5,0.5,0.0,0.0
0.5,0.5,0.0,0.0
0.5,0.5,0.0,0.0
0.5,0.5,0.0,0.0
0.9125024020503454,0.08749759794965467,0.0,0.0
0.5,0.5,0.0,0.0
0.5,0.5,0.0,0.0
0.7076019231483811,0.29239807685161895,0.0,0.0
0.9764196685244206,0.023580331475579346,0.0,0.0
