---flow_allocation with alpha---
0.13767537395409102
0.19319128277883962
0.056666370556880175
0.21138416277069116
0.21114282930376516
0.04326914783139885
0.0769092437303694
0.17960717906984236
0.21448735735779215
0.18176520065875604
0.02278239916830539
0.06909108825080001
0.05613796383922553
0.222080705540463
0.1608012061291986
0.19868017773991486
0.21125534630043136
0.21701949607148396
0.17298700089493896
0.11764780194037434
0.07729853440311978
0.127985627829774
0.16839367019577742
0.10793271115475321
0.017309728871000567
0.22116173865002844
0.06827200758739248
0.06376641218640372
0.01631481489695328
0.021187582199641918
0.0644912967032738
0.02490154383012381
0.023878418996193786
0.03884202340098633
0.053168418134699226
0.0500231675808457
0.2252095319376843
0.015940871572774382
0.10130156842899939
0.19448101924337918
0.06909799191286543
0.1869962888787124
0.011404058561535292
0.07638102592640963
0.141214996959087
0.1375741388832826
0.00015669028544126407
0.2252104689496109
0.21937942861747767
0.027845525733459935
0.19170438086923525
0.03938098434894613
0.03134912440815324
0.008944632728999955
0.08579395303535572
0.04244990696917806
0.11154963764369112
0.05659821049577008
0.05463840471206469
0.08054224299646708
0.2181870053754409
0.04053223422901274
0.06685550625531939
0.20659543485864884
0.06341732234792229
0.21370965257183566
0.05364690629762069
0.165941653558355
0.18412274533564651
0.10885773839651929
0.18652312808198632
0.03861620957192149
0.09494232540600205
0.2073658022366965
0.0716631104237534
0.07699071087214632
0.07987459932914343
0.21631275482586948
0.19252249807279895
0.11152495040204513
0.18321979832653715
0.013275056017281019
0.16390922179379272
0.06000887799002682
0.02099707709580357
0.08586914824246288
0.08215848277812912
0.1086550868977554
0.010537828062506638
0.022522404050945053
0.1516129729689341
0.18850173455660543
0.05726515593807749
0.20504489926006356
0.05780347986905818
0.13740853713835718
0.20870457313987723
0.03333728991573293
0.022239544331266875
0.1503610041302735
0.1509080301816948
0.04267320975741066
0.07395354539967727
0.21162550379416498
0.10469593947228163
0.16252135599958842
0.07685497260410637
0.11985763122096993
0.20308296252988
0.14637491761191088
0.010389666829891843
0.05564996953917806
0.21840957593419222
0.0975796663780946
0.19447599413909555
0.18586846656377431
0.14125633127552514
0.047339594138034284
0.21341463738937455
0.2076476614694466
0.1219454751505123
0.08572315196079132
0.05781563079791238
0.10076002843127721
0.14426076933949444
0.11344900615813282
0.22653000088210573
0.04887416048416461
0.12334738101051951
0.155264055053905
0.09133855486677507
0.20526420539016743
---flow_allocation with ell_k_beta---
0.13767537395409105
0.19319128277883965
0.05666637055688018
0.2113841627706912
0.21114282930376518
0.04326914783139886
0.07690924373036942
0.1796071790698424
0.21448735735779217
0.18176520065875607
0.022782399168305392
0.06909108825080001
0.056137963839225535
0.22208070554046302
0.1608012061291986
0.1986801777399149
0.21125534630043138
0.21701949607148402
0.17298700089493899
0.11764780194037436
0.07729853440311978
0.12798562782977402
0.16839367019577745
0.10793271115475322
0.01730972887100057
0.22116173865002847
0.06827200758739249
0.06376641218640372
0.016314814896953283
0.02118758219964192
0.06449129670327382
0.024901543830123815
0.02387841899619379
0.03884202340098634
0.05316841813469923
0.050023167580845705
0.22520953193768434
0.015940871572774382
0.1013015684289994
0.1944810192433792
0.06909799191286545
0.18699628887871242
0.011404058561535294
0.07638102592640965
0.141214996959087
0.13757413888328263
0.0001566902854412641
0.22521046894961091
0.2193794286174777
0.02784552573345994
0.19170438086923527
0.03938098434894613
0.03134912440815324
0.008944632728999957
0.08579395303535574
0.04244990696917807
0.11154963764369114
0.05659821049577009
0.0546384047120647
0.08054224299646709
0.21818700537544092
0.04053223422901275
0.06685550625531939
0.20659543485864887
0.06341732234792229
0.2137096525718357
0.05364690629762071
0.165941653558355
0.18412274533564654
0.1088577383965193
0.18652312808198634
0.038616209571921495
0.09494232540600206
0.20736580223669654
0.07166311042375341
0.07699071087214633
0.07987459932914344
0.2163127548258695
0.19252249807279898
0.11152495040204516
0.18321979832653718
0.01327505601728102
0.16390922179379272
0.06000887799002683
0.020997077095803573
0.08586914824246289
0.08215848277812914
0.10865508689775541
0.01053782806250664
0.022522404050945057
0.15161297296893414
0.18850173455660546
0.057265155938077496
0.20504489926006358
0.057803479869058184
0.1374085371383572
0.20870457313987725
0.03333728991573293
0.02223954433126688
0.15036100413027353
0.15090803018169482
0.042673209757410666
0.07395354539967729
0.211625503794165
0.10469593947228165
0.16252135599958845
0.07685497260410638
0.11985763122096996
0.20308296252988003
0.1463749176119109
0.010389666829891845
0.055649969539178064
0.21840957593419225
0.09757966637809462
0.19447599413909558
0.18586846656377434
0.14125633127552517
0.04733959413803429
0.21341463738937458
0.20764766146944663
0.12194547515051231
0.08572315196079133
0.05781563079791239
0.10076002843127722
0.14426076933949447
0.11344900615813283
0.22653000088210576
0.04887416048416462
0.12334738101051952
0.15526405505390503
0.09133855486677508
0.20526420539016746
---flow_allocation with per_flow_loss---
0.0
0.0
0.0
0.0
0.0
0.0
0.0
0.0
0.0
0.0
0.0
0.0
0.0
0.0
0.0
0.0
0.0
0.0
0.0
0.0
0.0
0.0
0.0
0.0
0.0
0.29267563
0.090348145
0.08438564
0.021590302000000002
0.0
0.0
0.0
0.0
0.0
0.0
0.0
0.2980323
0.021095442
0.13405799999999998
0.25736755
0.0
0.0
0.0
0.0
0.0
0.0
0.00020735697
0.14073379134333308
0.290317
0.036849533000000004
0.25369307
0.0
0.0
0.0
0.0
0.0
0.0
0.07489955999999999
0.07230604
0.10658603
0.28873899999999997
0.053638559999999995
0.0
0.0
0.0
0.0
0.0
0.0
0.06431104434333434
0.1440575
0.24683643
0.051102978
0.12564246
0.0
0.09483578
0.10188609
0.0
0.0
0.0
0.14758717
0.24246494999999998
0.017567620000000003
0.21691019
0.07941308600000001
0.0
0.11363542
0.10872489
0.14378932
0.0
0.0
0.0
0.0
0.0
0.0
0.0
0.0
0.0
0.0
0.0
0.0
0.0
0.0
0.0
0.0
0.0
0.21507355
0.10170646000000001
0.0
0.26875098000000003
0.19370607
0.0
0.0
0.0
0.0
0.0
0.0
0.18693236
0.062647118
0.0
0.27479169999999997
0.16137723
0.0
0.0
0.0
0.0
0.0
0.0
0.0
0.16323245
0.0
0.12087339
0.27163754
---weights per flow per tunnel---
0.8406504151649102,0.15934958483508974,0.0,0.0
0.5313411585558475,0.46865884144415243,0.0,0.0
0.5,0.5,0.0,0.0
0.5,0.5,0.0,0.0
0.5,0.5,0.0,0.0
0.5,0.5,0.0,0.0
0.5,0.5,0.0,0.0
0.682854776826253,0.3171452231737471,0.0,0.0
0.5,0.5,0.0,0.0
0.5,0.5,0.0,0.0
0.5,0.5,0.0,0.0
0.9179265435829149,0.08207345641708519,0.0,0.0
0.5,0.5,0.0,0.0
0.49999999999999983,0.5000000000000002,0.0,0.0
0.6511498809868248,0.34885011901317514,0.0,0.0
0.5,0.5,0.0,0.0
0.5,0.5,0.0,0.0
0.5,0.5,0.0,0.0
0.5,0.5,0.0,0.0
0.5,0.5,0.0,0.0
0.5,0.5,0.0,0.0
0.5,0.5,0.0,0.0
0.8751118847681515,0.12488811523184858,0.0,0.0
0.5,0.5,0.0,0.0
0.9536484792344223,0.046351520765577685,0.0,0.0
0.10567888084997891,0.7886422383000421,0.10567888084997891,0.0
0.3333333333333333,0.3333333333333333,0.3333333333333333,0.0
0.3333333333333333,0.3333333333333333,0.3333333333333333,0.0
0.9356985597795711,0.032150720110214484,0.032150720110214484,0.0
0.5,0.5,0.0,0.0
0.5,0.5,0.0,0.0
0.5,0.5,0.0,0.0
0.5,0.5,0.0,0.0
0.5,0.5,0.0,0.0
0.5,0.5,0.0,0.0
0.9441904449104365,0.05580955508956362,0.0,0.0
0.5166182452288755,0.2416908773855623,0.2416908773855623,0.0
0.25,0.25,0.25,0.25
0.24846913920740507,0.6565644530774786,0.04748320385755819,0.04748320385755819
0.25,0.25,0.25,0.25
0.5,0.5,0.0,0.0
0.5,0.5,0.0,0.0
0.5,0.5,0.0,0.0
0.5,0.5,0.0,0.0
0.5,0.5,0.0,0.0
0.8974748835118161,0.10252511648818387,0.0,0.0
0.33333333333333337,0.33333333333333337,0.33333333333333337,0.0
0.4288236303972254,0.38797262976686725,0.1832037398359074,0.0
0.3333333333333333,0.3333333333333333,0.3333333333333333,0.0
0.04968440068523517,0.9006311986295296,0.04968440068523517,0.0
0.8017727611794646,0.09911361941026765,0.09911361941026765,0.0
0.5,0.5,0.0,0.0
0.5,0.5,0.0,0.0
0.5,0.5,0.0,0.0
0.5,0.5,0.0,0.0
0.5,0.5,0.0,0.0
0.5,0.5,0.0,0.0
0.8877800851941192,0.05610995740294038,0.05610995740294038,0.0
0.25,0.25,0.25,0.25
0.3333333333333333,0.3333333333333333,0.3333333333333333,0.0
0.7720759546388998,0.11396202268055008,0.11396202268055008,0.0
0.33333333333333337,0.33333333333333337,0.33333333333333337,0.0
0.5,0.5,0.0,0.0
0.5,0.5,0.0,0.0
0.5,0.5,0.0,0.0
0.5,0.5,0.0,0.0
0.5,0.5,0.0,0.0
0.5,0.5,0.0,0.0
0.8406109827759696,0.12610511385155934,0.03328390337247105,0.0
0.7104139372631888,0.10655314732307593,0.10655314732307593,0.07647976809065934
0.3333333333333333,0.3333333333333333,0.3333333333333333,0.0
0.3333333333333333,0.3333333333333333,0.3333333333333333,0.0
0.9131424440776306,0.043428777961184765,0.043428777961184765,0.0
0.5,0.5,0.0,0.0
0.5,0.5,0.0,0.0
0.8791583112325935,0.12084168876740643,0.0,0.0
0.5,0.5,0.0,0.0
0.5,0.5,0.0,0.0
0.5,0.5,0.0,0.0
0.3333333333333333,0.3333333333333333,0.3333333333333333,0.0
0.7129447079372723,0.09568509735424256,0.09568509735424256,0.09568509735424256
0.33333333333333337,0.33333333333333337,0.33333333333333337,0.0
0.7960949627877111,0.10195251860614446,0.10195251860614446,0.0
0.880899495832326,0.05955025208383703,0.05955025208383703,0.0
0.5,0.5,0.0,0.0
0.8838289402615204,0.11617105973847955,0.0,0.0
0.5,0.5,0.0,0.0
0.5,0.5,0.0,0.0
0.5,0.5,0.0,0.0
0.5,0.5,0.0,0.0
0.5,0.5,0.0,0.0
0.5,0.5,0.0,0.0
0.5,0.5,0.0,0.0
0.5,0.5,0.0,0.0
0.5,0.5,0.0,0.0
0.5,0.5,0.0,0.0
0.20677360323676677,0.7932263967632333,0.0,0.0
0.5,0.5,0.0,0.0
0.44044370965203034,0.5595562903479697,0.0,0.0
0.0,1.0,0.0,0.0
1.0,0.0,0.0,0.0
0.5,0.5,0.0,0.0
0.5,0.5,0.0,0.0
0.5,0.5,0.0,0.0
0.5,0.5,0.0,0.0
0.5,0.5,0.0,0.0
0.5,0.5,0.0,0.0
0.9523632288897051,0.0476367711102948,0.0,0.0
0.33333333333333337,0.33333333333333337,0.33333333333333337,0.0
0.5,0.5,0.0,0.0
0.5,0.5,0.0,0.0
0.5,0.5,0.0,0.0
0.5,0.5,0.0,0.0
0.5,0.5,0.0,0.0
0.5,0.5,0.0,0.0
0.5,0.5,0.0,0.0
0.5,0.5,0.0,0.0
0.5,0.5,0.0,0.0
0.5,0.5,0.0,0.0
0.15422975197357905,0.20673262533033676,0.6390376226960842,0.0
0.31715275517054986,0.6828472448294501,0.0,0.0
0.5354788752988108,0.4645211247011893,0.0,0.0
0.5,0.5,0.0,0.0
0.5,0.5,0.0,0.0
0.5,0.5,0.0,0.0
0.5,0.5,0.0,0.0
0.5,0.5,0.0,0.0
0.5,0.5,0.0,0.0
0.5,0.5,0.0,0.0
0.8936690585773083,0.10633094142269171,0.0,0.0
0.5,0.5,0.0,0.0
0.1111460021955545,0.8888539978044455,0.0,0.0
