---flow_allocation with alpha---
0.1628459651228231
0.22851160664308132
0.06702643717837145
0.25003061193464987
0.24974515651724813
0.05117985836011507
0.09097022700889694
0.21244398020207506
0.2537011501215945
0.2149965435132139
0.02694760634253465
0.08172271209039517
0.06640142415358354
0.26268275720067175
0.19019979283844354
0.2350040124504711
0.24987824450813995
0.256696228767929
0.20461346358015045
0.13915683902879789
0.0914306900059939
0.15138468476388456
0.19918035416232033
0.12766558035411385
0.020474391483784462
0.26159577958157604
0.08075388246375098
0.07542454860792551
0.019297581705356406
0.025061215908303035
0.07628196061533117
0.029454185026706405
0.02824400671930612
0.0459433419818864
0.06288896929443659
0.059168686230842614
0.26638361335035016
0.018855271945969403
0.11982209458008825
0.23003714002853687
0.08173087791903712
0.22118400889177522
0.013489013099682411
0.09034543743607493
0.16703272204139682
0.16272622168333498
0.0001853372903607433
0.26638472167210103
0.259487617540225
0.03293640236582736
0.2267528609098521
0.04658083882110538
0.03708054878211912
0.010579941115023975
0.10147928916033648
0.05021083924620378
0.1319437738171351
0.06694581570907364
0.06462770713863884
0.0952674317651772
0.25807718873144536
0.04794256672082038
0.07907840834013517
0.24436638167944696
0.07501163618917271
0.2527812609445224
0.0634549373717543
0.1962800459637646
0.21778510785266086
0.12875972631227578
0.220624342159896
0.045676243590387515
0.11230021875154751
0.24527759198216345
0.0847649659157711
0.09106658843467294
0.09447772570344015
0.25586027708732867
0.2277205509314702
0.13191457311423088
0.21671707896027367
0.015702076900946237
0.19387603351955807
0.07098004074049057
0.024835881583039288
0.10156823198084451
0.09717916165234222
0.1285200249194123
0.012464413437580282
0.02664007744613315
0.179331714882427
0.22296468866997746
0.06773469589234472
0.24253236838602302
0.06837143925153469
0.16253034369002445
0.24686112455988876
0.03943220196167529
0.026305503711394475
0.17785085401399475
0.17849789046454206
0.05047496751417189
0.08747415117885068
0.2503160762901302
0.12383704375111851
0.19223443024493383
0.09090603372813234
0.141770681807066
0.24021173927741285
0.17313600859536318
0.012289164529761889
0.06582421197334158
0.2583404508995937
0.11541973332865405
0.23003119620624385
0.21984999171725578
0.1670816133315364
0.055994486701024554
0.25243230941648964
0.24561098231529066
0.14424023718191126
0.10139554383255536
0.06838581168198155
0.11918154717463077
0.17063533976878562
0.13419039563463822
0.26794549790161876
0.05780961115286681
0.14589844740664137
0.18365030846088348
0.10803758648343176
0.2427917693042005
---flow_allocation with ell_k_beta---
0.1628459651228231
0.22851160664308132
0.06702643717837145
0.25003061193464987
0.24974515651724813
0.05117985836011507
0.09097022700889694
0.21244398020207506
0.2537011501215945
0.2149965435132139
0.02694760634253465
0.08172271209039517
0.06640142415358354
0.26268275720067175
0.19019979283844354
0.2350040124504711
0.24987824450813995
0.256696228767929
0.20461346358015045
0.13915683902879789
0.0914306900059939
0.15138468476388456
0.19918035416232033
0.12766558035411385
0.020474391483784462
0.26159577958157604
0.08075388246375098
0.07542454860792551
0.019297581705356406
0.025061215908303035
0.07628196061533117
0.029454185026706405
0.02824400671930612
0.0459433419818864
0.06288896929443659
0.059168686230842614
0.26638361335035016
0.018855271945969403
0.11982209458008825
0.23003714002853687
0.08173087791903712
0.22118400889177522
0.013489013099682411
0.09034543743607493
0.16703272204139682
0.16272622168333498
0.0001853372903607433
0.26638472167210103
0.259487617540225
0.03293640236582736
0.2267528609098521
0.04658083882110538
0.03708054878211912
0.010579941115023975
0.10147928916033648
0.05021083924620378
0.1319437738171351
0.06694581570907364
0.06462770713863884
0.0952674317651772
0.25807718873144536
0.04794256672082038
0.07907840834013517
0.24436638167944696
0.07501163618917271
0.2527812609445224
0.0634549373717543
0.1962800459637646
0.21778510785266086
0.12875972631227578
0.220624342159896
0.045676243590387515
0.11230021875154751
0.24527759198216345
0.0847649659157711
0.09106658843467294
0.09447772570344015
0.25586027708732867
0.2277205509314702
0.13191457311423088
0.21671707896027367
0.015702076900946237
0.19387603351955807
0.07098004074049057
0.024835881583039288
0.10156823198084451
0.09717916165234222
0.1285200249194123
0.012464413437580282
0.02664007744613315
0.179331714882427
0.22296468866997746
0.06773469589234472
0.24253236838602302
0.06837143925153469
0.16253034369002445
0.24686112455988876
0.03943220196167529
0.026305503711394475
0.17785085401399475
0.17849789046454206
0.05047496751417189
0.08747415117885068
0.2503160762901302
0.12383704375111851
0.19223443024493383
0.09090603372813234
0.141770681807066
0.24021173927741285
0.17313600859536318
0.012289164529761889
0.06582421197334158
0.2583404508995937
0.11541973332865405
0.23003119620624385
0.21984999171725578
0.1670816133315364
0.055994486701024554
0.25243230941648964
0.24561098231529066
0.14424023718191126
0.10139554383255536
0.06838581168198155
0.11918154717463077
0.17063533976878562
0.13419039563463822
0.26794549790161876
0.05780961115286681
0.14589844740664137
0.18365030846088348
0.10803758648343176
0.2427917693042005
---flow_allocation with per_flow_loss---
0.18219348
0.07529945999999993
0.07498976
0.27973642
0.27941705
0.05726047
0.0
0.0
0.0
0.0
0.0
0.09143208
0.07429049
0.29389175
0.21279718
0.26292453
0.27956595
0.0
0.0
0.0
0.0
0.0
0.22284471
0.14283336
0.022906927
0.29267563
0.090348145
0.08438564
0.021590302000000002
0.028038706
0.08534492
0.032953598
0.03159964
0.05140181
0.070360725
0.06619844000000001
0.2980323
0.021095442
0.13405799999999998
0.25736755
0.09144121599999999
0.24746259
0.015091625000000001
0.10107926
0.18687766
0.18205950999999998
0.00020735697
0.29803354000000004
0.290317
0.036849533000000004
0.25369307
0.052115047
0.04148604
0.01183693
0.11353591
0.05617632299999999
0.14761984
0.07489955999999999
0.07230604
0.10658603
0.28873899999999997
0.053638559999999995
0.08847361
0.27339923
0.08392367
0.28281387
0.070993935
0.21959982
0.24365987
0.1440575
0.24683643
0.051102978
0.12564246
0.2744187
0.09483578
0.10188609
0.1057025
0.0
0.0
0.14758717
0.24246494999999998
0.017567620000000003
0.21691019
0.07941308600000001
0.0277866
0.11363542
0.10872489
0.14378932
0.0
0.0
0.20063788
0.24945483
0.075782166
0.27134732
0.07649456
0.18184036
0.27619036999999996
0.04411709
0.029430826
0.0
0.0
0.056471832
0.09786684
0.28005579999999997
0.13854996
0.21507355
0.10170646000000001
0.15861427
0.26875098000000003
0.19370607
0.0
0.0
0.28903354000000003
0.1291326
0.2573609
0.24597008
0.18693236
0.062647118
0.28242345999999996
0.27479169999999997
0.16137723
0.0
0.0
0.13334135
0.1909083
0.15013337999999998
0.29977974999999996
0.06467789500000001
0.16323245
0.20546956
0.12087339
0.27163754
---weights per flow per tunnel---
0.5,0.5,0.0,0.0
0.7724818477434586,0.22751815225654137,0.0,0.0
0.5,0.5,0.0,0.0
0.5,0.5,0.0,0.0
0.5,0.5,0.0,0.0
0.5,0.5,0.0,0.0
0.5,0.5,0.0,0.0
0.5,0.5,0.0,0.0
0.5,0.5,0.0,0.0
0.5,0.5,0.0,0.0
0.5,0.5,0.0,0.0
0.5,0.5,0.0,0.0
0.5,0.5,0.0,0.0
0.5,0.5,0.0,0.0
0.5,0.5,0.0,0.0
0.5,0.5,0.0,0.0
0.5,0.5,0.0,0.0
0.5,0.5,0.0,0.0
0.5,0.5,0.0,0.0
0.5,0.5,0.0,0.0
0.5,0.5,0.0,0.0
0.5,0.5,0.0,0.0
0.5,0.5,0.0,0.0
0.5,0.5,0.0,0.0
0.0378226513228102,0.9243546973543797,0.0378226513228102,0.0
0.16679498878174048,0.666410022436519,0.16679498878174048,0.0
0.3333333333333333,0.3333333333333333,0.3333333333333333,0.0
0.3333333333333333,0.3333333333333333,0.3333333333333333,0.0
0.33333333333333337,0.33333333333333337,0.33333333333333337,0.0
0.5,0.5,0.0,0.0
0.08458067725031233,0.9154193227496876,0.0,0.0
0.5,0.5,0.0,0.0
0.5,0.5,0.0,0.0
0.9196334312809394,0.08036656871906052,0.0,0.0
0.5,0.5,0.0,0.0
0.33333333333333337,0.33333333333333337,0.33333333333333337,0.0
0.3333333333333333,0.3333333333333333,0.3333333333333333,0.0
0.9003045387220439,0.03323182042598533,0.03323182042598533,0.03323182042598533
0.33333333333333337,0.33333333333333337,0.33333333333333337,0.0
0.6422612784326084,0.27011878105619214,0.08761994051119942,0.0
0.5,0.5,0.0,0.0
0.5,0.5,0.0,0.0
0.5,0.5,0.0,0.0
0.5,0.5,0.0,0.0
0.5,0.5,0.0,0.0
0.5,0.5,0.0,0.0
0.00012321032194212428,0.9997535793561156,0.00012321032194212428,0.0
0.3333333333333333,0.3333333333333333,0.3333333333333333,0.0
0.7681696839573159,0.19082251965880315,0.04100779638388108,0.0
0.5,0.5,0.0,0.0
0.3333333333333333,0.3333333333333333,0.3333333333333333,0.0
0.5,0.5,0.0,0.0
0.5,0.5,0.0,0.0
0.5,0.5,0.0,0.0
0.5,0.5,0.0,0.0
0.06772292769620487,0.9322770723037952,0.0,0.0
0.41710834466250263,0.5828916553374973,0.0,0.0
0.5,0.5,0.0,0.0
0.04744384071232914,0.04744384071232914,0.04744384071232914,0.8576684778630127
0.3333333333333333,0.3333333333333333,0.3333333333333333,0.0
0.3333333333333333,0.3333333333333333,0.3333333333333333,0.0
0.09189476944524651,0.816210461109507,0.09189476944524651,0.0
0.5,0.5,0.0,0.0
0.5,0.5,0.0,0.0
0.5,0.5,0.0,0.0
0.5,0.5,0.0,0.0
0.5,0.5,0.0,0.0
0.617412382326202,0.382587617673798,0.0,0.0
0.4333475852708436,0.4333475852708436,0.13330482945831273,0.0
0.18660327319893788,0.18660327319893788,0.483422181141674,0.14337127246045017
0.3333333333333333,0.3333333333333333,0.3333333333333333,0.0
0.1295741134631653,0.7320969450961712,0.06916447072033177,0.06916447072033177
0.07472144998138361,0.07472144998138361,0.8505571000372328,0.0
0.5,0.5,0.0,0.0
0.5,0.5,0.0,0.0
0.5,0.5,0.0,0.0
0.10069294291748432,0.8993070570825157,0.0,0.0
0.5,0.5,0.0,0.0
0.5618665865867739,0.43813341341322615,0.0,0.0
0.3333333333333333,0.3333333333333333,0.3333333333333333,0.0
0.2726836801764593,0.2726836801764593,0.2726836801764593,0.18194895947062215
0.33333333333333337,0.33333333333333337,0.33333333333333337,0.0
0.3333333333333333,0.3333333333333333,0.3333333333333333,0.0
0.7617650240812198,0.020638193233376487,0.21759678268540356,0.0
0.5,0.5,0.0,0.0
0.5,0.5,0.0,0.0
0.5,0.5,0.0,0.0
0.5,0.5,0.0,0.0
0.5,0.5,0.0,0.0
0.5,0.5,0.0,0.0
0.5,0.5,0.0,0.0
0.5,0.5,0.0,0.0
0.5,0.5,0.0,0.0
0.5,0.5,0.0,0.0
0.5,0.5,0.0,0.0
0.5,0.5,0.0,0.0
0.5,0.5,0.0,0.0
0.036773625621742224,0.9632263743782578,0.0,0.0
0.6014845147267398,0.3985154852732602,0.0,0.0
0.5,0.5,0.0,0.0
0.5,0.5,0.0,0.0
0.5,0.5,0.0,0.0
0.5,0.5,0.0,0.0
0.5,0.5,0.0,0.0
0.5,0.5,0.0,0.0
0.5,0.5,0.0,0.0
0.5,0.5,0.0,0.0
0.22482920992631275,0.7751707900736873,0.0,0.0
0.22932948467382366,0.22932948467382366,0.5413410306523526,0.0
0.5,0.5,0.0,0.0
0.5,0.5,0.0,0.0
0.5,0.5,0.0,0.0
0.5,0.5,0.0,0.0
0.5,0.5,0.0,0.0
0.5,0.5,0.0,0.0
0.5,0.5,0.0,0.0
0.5,0.5,0.0,0.0
0.5,0.5,0.0,0.0
0.5,0.5,0.0,0.0
0.3333333333333333,0.3333333333333333,0.3333333333333333,0.0
0.5997640596162507,0.40023594038374927,0.0,0.0
0.5,0.5,0.0,0.0
0.5,0.5,0.0,0.0
0.5,0.5,0.0,0.0
0.5,0.5,0.0,0.0
0.5,0.5,0.0,0.0
0.5,0.5,0.0,0.0
0.5,0.5,0.0,0.0
0.5,0.5,0.0,0.0
0.43833258298148714,0.5616674170185129,0.0,0.0
0.21139400588898843,0.7886059941110116,0.0,0.0
0.5,0.5,0.0,0.0
