---flow_allocation with alpha---
0.10180028522257413
0.14285000377742896
0.041900395978892224
0.1563022307008011
0.15612378327726248
0.03199418649876302
0.05686843422422697
0.0
0.0
0.0
0.0
0.05108751324412496
0.041509680101202255
0.16421149634202856
0.11890004855585089
0.14690861685067572
0.15620698088932655
0.16046912359434265
0.0
0.0
0.0
0.0
0.12451408820086107
0.07980788767687301
0.012799205010918527
0.16353199143952118
0.05048186647694794
0.047150327337122384
0.01206354311713851
0.015666577465186463
0.04768632334317217
0.01841276469119558
0.01765624304959026
0.028720670569312157
0.03931393084685084
0.03698826145309624
0.16652502134291405
0.011787040965989945
0.07490467077289396
0.14380366408850145
0.051092617967992096
0.1382692851792332
0.008432418819115429
0.05647785803359554
0.10441756252598738
0.10172542972164583
0.00011586034082497765
0.1665257141907244
0.1622141110920218
0.0205896114927859
0.14175055487710353
0.029119190483588412
0.023180251591632804
0.006613863735187694
0.06343798922444703
0.03138842127696035
0.08248232492463922
0.04184999688817242
0.04040087216795493
0.059554756046933416
0.16133240637854235
0.02997045068203404
0.049434473355856566
0.15276133697886524
0.046892202415394824
0.15802175045396796
0.03966773581619325
0.12270101164336912
0.13614452209428862
0.08049187374021821
0.1379194193849415
0.028553698717006398
0.07020250265852468
0.15333096404112817
0.05298932460868133
0.05692867287135005
0.05906108521962006
0.15994654313339465
0.14235548924028202
0.08246407061982973
0.1354768626543451
0.009815876653115127
0.12119818563036804
0.04437192157043605
0.015525713682869324
0.06349359026122672
0.060749840295014935
0.08034202863878544
0.0
0.0
0.11210606115242214
0.1393824457612245
0.042343151432117435
0.15161483588974256
0.04274120032163231
0.10160298004613316
0.15432088152511428
0.02465034613307772
0.01644442205690319
0.0
0.0
0.03155353640888405
0.05468292403126625
0.15648068371182203
0.07741454549074005
0.12017196627360956
0.056828304926050746
0.08862544327256049
0.1501641354995048
0.10823292455549952
0.0
0.0
0.1614969800834272
0.07215261222044046
0.1437999484127444
0.13743534785229075
0.10444812605439506
0.03500396655671903
0.15780360955587572
0.1535393771324639
0.09016924229357136
0.0
0.0
0.07450424385089457
0.10666967550845809
0.08388676096108985
0.16750140594466917
0.036138659619409555
0.09120584319252023
0.11480575382037166
0.06753779321751491
0.15177699580225587
---flow_allocation with ell_k_beta---
0.10180028522257413
0.14285000377742896
0.041900395978892224
0.1563022307008011
0.15612378327726248
0.03199418649876302
0.05686843422422697
0.0
0.0
0.0
0.0
0.05108751324412496
0.041509680101202255
0.16421149634202856
0.11890004855585089
0.14690861685067572
0.15620698088932655
0.16046912359434265
0.0
0.0
0.0
0.0
0.12451408820086107
0.07980788767687301
0.012799205010918527
0.16353199143952118
0.05048186647694794
0.047150327337122384
0.01206354311713851
0.015666577465186463
0.04768632334317217
0.01841276469119558
0.01765624304959026
0.028720670569312157
0.03931393084685084
0.03698826145309624
0.16652502134291405
0.011787040965989945
0.07490467077289396
0.14380366408850145
0.051092617967992096
0.1382692851792332
0.008432418819115429
0.05647785803359554
0.10441756252598738
0.10172542972164583
0.00011586034082497765
0.1665257141907244
0.1622141110920218
0.0205896114927859
0.14175055487710353
0.029119190483588412
0.023180251591632804
0.006613863735187694
0.06343798922444703
0.03138842127696035
0.08248232492463922
0.04184999688817242
0.04040087216795493
0.059554756046933416
0.16133240637854235
0.02997045068203404
0.049434473355856566
0.15276133697886524
0.046892202415394824
0.15802175045396796
0.03966773581619325
0.12270101164336912
0.13614452209428862
0.08049187374021821
0.1379194193849415
0.028553698717006398
0.07020250265852468
0.15333096404112817
0.05298932460868133
0.05692867287135005
0.05906108521962006
0.15994654313339465
0.14235548924028202
0.08246407061982973
0.1354768626543451
0.009815876653115127
0.12119818563036804
0.04437192157043605
0.015525713682869324
0.06349359026122672
0.060749840295014935
0.08034202863878544
0.0
0.0
0.11210606115242214
0.1393824457612245
0.042343151432117435
0.15161483588974256
0.04274120032163231
0.10160298004613316
0.15432088152511428
0.02465034613307772
0.01644442205690319
0.0
0.0
0.03155353640888405
0.05468292403126625
0.15648068371182203
0.07741454549074005
0.12017196627360956
0.056828304926050746
0.08862544327256049
0.1501641354995048
0.10823292455549952
0.0
0.0
0.1614969800834272
0.07215261222044046
0.1437999484127444
0.13743534785229075
0.10444812605439506
0.03500396655671903
0.15780360955587572
0.1535393771324639
0.09016924229357136
0.0
0.0
0.07450424385089457
0.10666967550845809
0.08388676096108985
0.16750140594466917
0.036138659619409555
0.09120584319252023
0.11480575382037166
0.06753779321751491
0.15177699580225587
---flow_allocation with per_flow_loss---
0.0
0.0
0.0
0.0
0.0
0.0
0.0
0.0
0.0
0.0
0.0
0.0
0.0
0.0
0.0
0.0
0.0
0.0
0.0
0.0
0.0
0.0
0.0
0.0
0.022906927
0.29267563
0.090348145
0.08438564
0.021590302000000002
0.0
0.0
0.0
0.0
0.0
0.0
0.06619844000000001
0.2980323
0.021095442
0.13405799999999998
0.25736755
0.0
0.0
0.0
0.0
0.0
0.0
0.00020735697
0.29803354000000004
0.290317
0.0
0.25369307
0.0
0.0
0.0
0.0
0.0
0.0
0.07489955999999999
0.07230604
0.10658603
0.28873899999999997
0.053638559999999995
0.0
0.0
0.0
0.0
0.0
0.0
0.24365987
0.1440575
0.0
0.051102978
0.12564246
0.0
0.0
0.0
0.0
0.0
0.0
0.14758717
0.24246494999999998
0.017567620000000003
0.21691019
0.07941308600000001
0.0
0.0
0.0
0.0
0.0
0.0
0.0
0.0
0.0
0.0
0.0
0.0
0.27619036999999996
0.04411709
0.0
0.0
0.0
0.0
0.0
0.0
0.0
0.0
0.0
0.15861427
0.26875098000000003
0.0
0.0
0.0
0.0
0.0
0.0
0.0
0.0
0.0
0.28242345999999996
0.27479169999999997
0.0
0.0
0.0
0.0
0.0
0.0
0.0
0.0
0.0
0.0
0.0
0.0
---weights per flow per tunnel---
0.5,0.5,0.0,0.0
0.8672885153277831,0.13271148467221697,0.0,0.0
0.5,0.5,0.0,0.0
0.5,0.5,0.0,0.0
0.5,0.5,0.0,0.0
0.5,0.5,0.0,0.0
0.5,0.5,0.0,0.0
0.0,0.0,0.0,0.0
0.0,0.0,0.0,0.0
0.0,0.0,0.0,0.0
0.0,0.0,0.0,0.0
0.8656253204365177,0.13437467956348226,0.0,0.0
0.5,0.5,0.0,0.0
0.8528272255672348,0.14717277443276516,0.0,0.0
0.5,0.5,0.0,0.0
0.7190711474780618,0.28092885252193817,0.0,0.0
0.5,0.5,0.0,0.0
0.5,0.5,0.0,0.0
0.0,0.0,0.0,0.0
0.0,0.0,0.0,0.0
0.0,0.0,0.0,0.0
0.0,0.0,0.0,0.0
0.5,0.5,0.0,0.0
0.9406718872950979,0.05932811270490212,0.0,0.0
0.9875284066393227,0.012471593360677243,0.0,0.0
0.2577241450727763,0.48455170985444757,0.2577241450727763,0.0
0.5,0.5,0.0,0.0
0.5,0.5,0.0,0.0
0.9841816189845697,0.007909190507715174,0.007909190507715174,0.0
0.0,1.0,0.0,0.0
0.5,0.5,0.0,0.0
0.5,0.5,0.0,0.0
0.0,1.0,0.0,0.0
0.5,0.5,0.0,0.0
0.5,0.5,0.0,0.0
0.9678173622648887,0.03218263773511128,0.0,0.0
0.7329556629349501,0.13352216853252494,0.13352216853252494,0.0
0.25,0.25,0.25,0.25
0.913457628049744,0.043271185975128,0.043271185975128,0.0
0.6655725123462005,0.16721374382689974,0.16721374382689974,0.0
0.5,0.5,0.0,0.0
0.9706555071083283,0.02934449289167182,0.0,0.0
0.5,0.5,0.0,0.0
0.5,0.5,0.0,0.0
0.8799266865929175,0.12007331340708256,0.0,0.0
0.5,0.5,0.0,0.0
0.33333333333333337,0.33333333333333337,0.33333333333333337,0.0
0.5572104417322405,0.22139477913387975,0.22139477913387975,0.0
0.5,0.5,0.0,0.0
0.013602490090620959,0.9863975099093791,0.0,0.0
0.3333333333333333,0.3333333333333333,0.3333333333333333,0.0
0.0,1.0,0.0,0.0
0.5,0.5,0.0,0.0
0.5,0.5,0.0,0.0
0.0,1.0,0.0,0.0
0.8511505603901698,0.14884943960983024,0.0,0.0
0.8652434058098261,0.13475659419017394,0.0,0.0
0.5,0.5,0.0,0.0
0.25,0.25,0.25,0.25
0.5,0.5,0.0,0.0
0.5,0.5,0.0,0.0
0.5,0.5,0.0,0.0
0.5,0.5,0.0,0.0
0.5,0.5,0.0,0.0
0.5,0.5,0.0,0.0
0.5,0.5,0.0,0.0
0.5,0.5,0.0,0.0
0.5,0.5,0.0,0.0
0.5569044024447943,0.2215477987776029,0.2215477987776029,0.0
0.874988622159617,0.06250568892019143,0.06250568892019143,0.0
0.12800867368915628,0.8719913263108436,0.0,0.0
0.5,0.5,0.0,0.0
0.9606888641929012,0.03931113580709875,0.0,0.0
0.9216470964584418,0.07835290354155824,0.0,0.0
0.5,0.5,0.0,0.0
0.5,0.5,0.0,0.0
0.5,0.5,0.0,0.0
0.5,0.5,0.0,0.0
0.5,0.5,0.0,0.0
0.8861731388512366,0.05691343057438172,0.05691343057438172,0.0
0.856507177946945,0.07174641102652748,0.07174641102652748,0.0
0.33333333333333337,0.33333333333333337,0.33333333333333337,0.0
0.5,0.5,0.0,0.0
0.9752499802966675,0.02475001970333244,0.0,0.0
0.5,0.5,0.0,0.0
1.0,0.0,0.0,0.0
0.5,0.5,0.0,0.0
0.5,0.5,0.0,0.0
0.0,0.0,0.0,0.0
0.0,0.0,0.0,0.0
0.5,0.5,0.0,0.0
0.5,0.5,0.0,0.0
0.0,1.0,0.0,0.0
0.39977445142999846,0.6002255485700015,0.0,0.0
0.5,0.5,0.0,0.0
1.0,0.0,0.0,0.0
0.5,0.5,0.0,0.0
0.5,0.5,0.0,0.0
0.5180083536401805,0.4819916463598195,0.0,0.0
0.0,0.0,0.0,0.0
0.0,0.0,0.0,0.0
0.5,0.5,0.0,0.0
0.5,0.5,0.0,0.0
0.5,0.5,0.0,0.0
0.5,0.5,0.0,0.0
0.5,0.5,0.0,0.0
0.9394302913639978,0.06056970863600222,0.0,0.0
0.5,0.5,0.0,0.0
0.989395363338369,0.010604636661631018,0.0,0.0
0.6283425601068966,0.3716574398931035,0.0,0.0
0.0,0.0,0.0,0.0
0.0,0.0,0.0,0.0
0.5,0.5,0.0,0.0
0.5,0.5,0.0,0.0
0.3387653641248673,0.6612346358751328,0.0,0.0
0.6526215179095499,0.34737848209045,0.0,0.0
0.9139102342087402,0.08608976579125978,0.0,0.0
0.5,0.5,0.0,0.0
0.4415979538275824,0.5584020461724176,0.0,0.0
1.0,0.0,0.0,0.0
0.5,0.5,0.0,0.0
0.0,0.0,0.0,0.0
0.0,0.0,0.0,0.0
1.0,0.0,0.0,0.0
0.0,1.0,0.0,0.0
1.0,0.0,0.0,0.0
0.35559459155980594,0.644405408440194,0.0,0.0
0.5,0.5,0.0,0.0
0.5,0.5,0.0,0.0
0.22411932324308545,0.7758806767569146,0.0,0.0
0.5,0.5,0.0,0.0
0.9189291247663123,0.08107087523368772,0.0,0.0
