---flow_allocation with alpha---
0.25305077
0.13017471
0.094644226
0.07954578999999999
0.2299996
0.06618581
0.28869824
0.21738795
0.2931336
0.17709053
0.09290479
0.2532085
0.17294716
0.13593646
0.06111029
0.25528596
0.27970501999999997
0.005709392000000001
0.050237907
0.01381535
0.12886337
0.0077776513
0.24482336000000002
0.19904353
0.27610037
0.060391167
0.1353446
0.09415472
0.047072166000000006
0.14471683999999999
0.24220455999999999
0.10052111999999999
0.12468815999999999
0.06816526
0.18856088
0.06497343
0.013795351
0.09581552
0.040216938
0.082720924
0.012800673
0.031423570000000005
0.01870323
0.06626502000000001
0.025037695
0.19697235000000002
0.16485417000000002
0.2588992
0.24546832000000002
0.29101422000000005
0.24894259999999999
0.2979039
0.26930984
0.11589374
0.17699377000000002
0.008531338999999999
0.2352319
0.059533813000000005
0.29518167
0.036632706
0.06981437
0.008523
0.25538722
0.115269554
0.26466855
0.14983359999999998
0.029055483
0.19795385999999998
0.023736925
0.12619446
0.08012434
0.14489877
0.2575117
0.26268298
0.28838998
0.1602173
0.12737479999999998
0.28084158000000004
0.26050567999999996
0.1784239
0.039329680000000006
0.25401704
0.161528
0.22592914
0.20410677000000002
0.20582887
0.15411906
0.2860744
0.022101961
0.08087557
0.11570323
0.083591
0.022481163
0.28633022999999996
0.2977235
0.10024464999999999
0.01175446
0.10254738999999999
0.30019349999999995
0.005066165
0.26722955000000004
0.16194684
0.23206673
0.28630597
0.22277762999999998
0.003688574
0.07128381
0.29061273
0.0864124
0.12948854
0.19017764
0.105346146
0.0500331
0.22059195
0.1775435
0.12204856
0.00024373074999999998
0.2523862
0.016698929
0.101010025
0.108974236
0.20902472
0.20342375000000001
0.15446709
0.09410110000000001
0.19592888
0.034606045
0.048378383999999997
0.055289715
0.1028985
0.23799875
0.0414627
---flow_allocation with ell_k_beta---
0.25305077
0.13017471
0.094644226
0.07954578999999999
0.2299996
0.06618581
0.28869824
0.21738795
0.2931336
0.17709053
0.09290479
0.2532085
0.17294716
0.13593646
0.06111029
0.25528596
0.27970501999999997
0.005709392000000001
0.050237907
0.01381535
0.12886337
0.0077776513
0.24482336000000002
0.19904353
0.27610037
0.060391167
0.1353446
0.09415472
0.047072166000000006
0.14471683999999999
0.24220455999999999
0.10052111999999999
0.12468815999999999
0.06816526
0.18856088
0.06497343
0.013795351
0.09581552
0.040216938
0.082720924
0.012800673
0.031423570000000005
0.01870323
0.06626502000000001
0.025037695
0.19697235000000002
0.16485417000000002
0.2588992
0.24546832000000002
0.29101422000000005
0.24894259999999999
0.2979039
0.26930984
0.11589374
0.17699377000000002
0.008531338999999999
0.2352319
0.059533813000000005
0.29518167
0.036632706
0.06981437
0.008523
0.25538722
0.115269554
0.26466855
0.14983359999999998
0.029055483
0.19795385999999998
0.023736925
0.12619446
0.08012434
0.14489877
0.2575117
0.26268298
0.28838998
0.1602173
0.12737479999999998
0.28084158000000004
0.26050567999999996
0.1784239
0.039329680000000006
0.25401704
0.161528
0.22592914
0.20410677000000002
0.20582887
0.15411906
0.2860744
0.022101961
0.08087557
0.11570323
0.083591
0.022481163
0.28633022999999996
0.2977235
0.10024464999999999
0.01175446
0.10254738999999999
0.30019349999999995
0.005066165
0.26722955000000004
0.16194684
0.23206673
0.28630597
0.22277762999999998
0.003688574
0.07128381
0.29061273
0.0864124
0.12948854
0.19017764
0.105346146
0.0500331
0.22059195
0.1775435
0.12204856
0.00024373074999999998
0.2523862
0.016698929
0.101010025
0.108974236
0.20902472
0.20342375000000001
0.15446709
0.09410110000000001
0.19592888
0.034606045
0.048378383999999997
0.055289715
0.1028985
0.23799875
0.0414627
---flow_allocation with per_flow_loss---
0.25305077
0.13017471
0.094644226
0.07954578999999999
0.2299996
0.06618581
0.28869824
0.21738795
0.2931336
0.17709053
0.09290479
0.2532085
0.17294716
0.13593646
0.06111029
0.25528596
0.27970501999999997
0.005709392000000001
0.050237907
0.01381535
0.12886337
0.0077776513
0.24482336000000002
0.19904353
0.27610037
0.060391167
0.1353446
0.09415472
0.047072166000000006
0.14471683999999999
0.24220455999999999
0.10052111999999999
0.12468815999999999
0.06816526
0.18856088
0.06497343
0.013795351
0.09581552
0.040216938
0.082720924
0.012800673
0.031423570000000005
0.01870323
0.06626502000000001
0.025037695
0.19697235000000002
0.16485417000000002
0.2588992
0.24546832000000002
0.29101422000000005
0.24894259999999999
0.2979039
0.26930984
0.11589374
0.17699377000000002
0.008531338999999999
0.2352319
0.059533813000000005
0.29518167
0.036632706
0.06981437
0.008523
0.25538722
0.115269554
0.26466855
0.14983359999999998
0.029055483
0.19795385999999998
0.023736925
0.12619446
0.08012434
0.14489877
0.2575117
0.26268298
0.28838998
0.1602173
0.12737479999999998
0.28084158000000004
0.26050567999999996
0.1784239
0.039329680000000006
0.25401704
0.161528
0.22592914
0.20410677000000002
0.20582887
0.15411906
0.2860744
0.022101961
0.08087557
0.11570323
0.083591
0.022481163
0.28633022999999996
0.2977235
0.10024464999999999
0.01175446
0.10254738999999999
0.30019349999999995
0.005066165
0.26722955000000004
0.16194684
0.23206673
0.28630597
0.22277762999999998
0.003688574
0.07128381
0.29061273
0.0864124
0.12948854
0.19017764
0.105346146
0.0500331
0.22059195
0.1775435
0.12204856
0.00024373074999999998
0.2523862
0.016698929
0.101010025
0.108974236
0.20902472
0.20342375000000001
0.15446709
0.09410110000000001
0.19592888
0.034606045
0.048378383999999997
0.055289715
0.1028985
0.23799875
0.0414627
---weights per flow per tunnel---
0.5,0.5,0.0,0.0
0.4352958471671044,0.5647041528328957,0.0,0.0
0.5,0.5,0.0,0.0
0.8946619830265152,0.10533801697348488,0.0,0.0
1.0,0.0,0.0,0.0
0.5,0.5,0.0,0.0
0.5,0.5,0.0,0.0
0.5,0.5,0.0,0.0
0.5,0.5,0.0,0.0
0.5,0.5,0.0,0.0
0.5,0.5,0.0,0.0
0.8179828248675926,0.18201717513240748,0.0,0.0
0.5,0.5,0.0,0.0
0.5,0.5,0.0,0.0
1.0,0.0,0.0,0.0
0.7755128854465391,0.22448711455346096,0.0,0.0
0.5,0.5,0.0,0.0
0.5,0.5,0.0,0.0
0.5,0.5,0.0,0.0
0.5,0.5,0.0,0.0
0.5,0.5,0.0,0.0
0.5,0.5,0.0,0.0
1.0,0.0,0.0,0.0
0.5,0.5,0.0,0.0
0.5,0.5,0.0,0.0
0.0,0.9622568462984282,0.03774315370157178,0.0
0.0,0.9109178927764789,0.08908210722352103,0.0
0.0,1.0,0.0,0.0
0.3333333333333333,0.3333333333333333,0.3333333333333333,0.0
0.5,0.5,0.0,0.0
0.5,0.5,0.0,0.0
0.5,0.5,0.0,0.0
0.20186742191877943,0.7981325780812206,0.0,0.0
0.5,0.5,0.0,0.0
0.5,0.5,0.0,0.0
0.5,0.5,0.0,0.0
0.3333333333333333,0.3333333333333333,0.3333333333333333,0.0
0.3333333333333333,0.3333333333333333,0.3333333333333333,0.0
0.0,0.5888420929682583,0.4111579070317417,0.0
0.1764989458779299,0.0,0.82350105412207,0.0
0.5,0.5,0.0,0.0
0.5,0.5,0.0,0.0
0.5,0.5,0.0,0.0
0.5,0.5,0.0,0.0
0.5,0.5,0.0,0.0
1.0,0.0,0.0,0.0
0.0,0.742969899808116,0.257030100191884,0.0
0.42558999874701203,0.14882000250597605,0.42558999874701203,0.0
0.5,0.0,0.5,0.0
0.33333333333333337,0.33333333333333337,0.33333333333333337,0.0
0.0,0.5,0.5,0.0
0.5,0.5,0.0,0.0
0.5,0.5,0.0,0.0
0.5,0.5,0.0,0.0
0.5,0.5,0.0,0.0
1.0,0.0,0.0,0.0
0.5,0.5,0.0,0.0
1.0,0.0,0.0,0.0
0.0,0.19267871068176065,0.0,0.8073212893182393
0.3333333333333333,0.3333333333333333,0.3333333333333333,0.0
0.06830544557486834,0.9316945544251316,0.0,0.0
0.0,0.6578002204079985,0.0,0.3421997795920016
0.5,0.5,0.0,0.0
0.5,0.5,0.0,0.0
1.0,0.0,0.0,0.0
0.5,0.5,0.0,0.0
0.03043607655664559,0.9695639234433544,0.0,0.0
0.5,0.5,0.0,0.0
0.10171520901624574,0.8982847909837542,0.0,0.0
0.6875201855136993,0.3124798144863006,0.0,0.0
0.33333333333333337,0.33333333333333337,0.33333333333333337,0.0
0.05259755212500867,0.9474024478749913,0.0,0.0
0.0,0.5,0.5,0.0
0.5,0.5,0.0,0.0
0.5,0.5,0.0,0.0
1.0,0.0,0.0,0.0
0.5,0.5,0.0,0.0
0.5,0.5,0.0,0.0
0.5,0.5,0.0,0.0
0.3333333333333333,0.3333333333333333,0.3333333333333333,0.0
0.3333333333333333,0.3333333333333333,0.3333333333333333,0.0
0.0,0.5,0.5,0.0
0.0,0.7579663935806277,0.24203360641937235,0.0
0.0,0.5,0.5,0.0
0.5,0.5,0.0,0.0
1.0,0.0,0.0,0.0
0.5,0.5,0.0,0.0
1.0,0.0,0.0,0.0
0.5,0.5,0.0,0.0
0.5,0.5,0.0,0.0
0.882531560154432,0.1174684398455679,0.0,0.0
0.17373074849377648,0.8262692515062234,0.0,0.0
0.5,0.5,0.0,0.0
0.5,0.5,0.0,0.0
0.5,0.5,0.0,0.0
0.5,0.5,0.0,0.0
0.0162303277202131,0.9837696722797868,0.0,0.0
0.2617035834214171,0.7382964165785828,0.0,0.0
0.4163260228801918,0.5836739771198082,0.0,0.0
0.5,0.5,0.0,0.0
0.5,0.5,0.0,0.0
0.5,0.5,0.0,0.0
0.5,0.5,0.0,0.0
0.5,0.5,0.0,0.0
0.5,0.5,0.0,0.0
0.5,0.5,0.0,0.0
1.0,0.0,0.0,0.0
0.7732885844757627,0.22671141552423732,0.0,0.0
0.0,0.5,0.5,0.0
1.0,0.0,0.0,0.0
0.5,0.5,0.0,0.0
0.5,0.5,0.0,0.0
0.5,0.5,0.0,0.0
0.5,0.5,0.0,0.0
0.5,0.5,0.0,0.0
1.0,0.0,0.0,0.0
1.0,0.0,0.0,0.0
0.5,0.5,0.0,0.0
0.5,0.5,0.0,0.0
0.0,0.05287793053334697,0.9471220694666531,0.0
0.5,0.5,0.0,0.0
0.5,0.5,0.0,0.0
0.5,0.5,0.0,0.0
0.5,0.5,0.0,0.0
0.5,0.5,0.0,0.0
0.5,0.5,0.0,0.0
0.5,0.5,0.0,0.0
0.5,0.5,0.0,0.0
1.0,0.0,0.0,0.0
0.9597766752384824,0.04022332476151747,0.0,0.0
0.138781877928159,0.861218122071841,0.0,0.0
0.021867283413283863,0.9781327165867161,0.0,0.0
