---flow allocation with alpha---
0.019238250000000002
0.0072766886
0.0017154030000000001
0.00018690728
0.015000234000000001
0.023419386
0.010148172
0.013171849999999999
0.030101202
0.014012577
0.029179478
0.016347326
0.02554789
0.021924437999999997
0.016769998999999997
0.0014045981
0.033828673999999996
0.01038995
0.0068615084
0.035528343
0.023850965
0.02445109
0.016315287
0.0075472455
0.015888891
0.034174877
0.0043040104
0.031051922000000003
0.018947638000000003
0.021230463
0.010786775
0.01853443
0.026805575999999998
0.011458032
0.032960079999999996
0.0073030457
0.02029051
0.003266783
0.034054466
0.010963965999999999
0.021497847
0.025577322
0.024571653000000002
0.008627608
0.018000656
0.034195232
0.011694972
0.02005149
0.031713896
0.010668986
0.0027449355
0.017619204
0.036577724000000006
0.015328796
0.007420251
0.009729248999999999
0.008873607
0.033436348000000005
0.0027337587
0.02216414
0.035075764
0.034100807000000004
0.0033658776
0.023770716
0.006756982
0.025559181
0.016469288
0.033517006
0.037376606
0.026034332
0.011543697
0.020619156
0.0050357223
0.0061829686
0.025930364999999997
0.025179625
0.007321047
0.009860806
0.0019851443
0.028803903999999998
0.007693559
0.0079685817
0.023140861999999998
0.015445024500000001
0.0011990427
0.0042107944000000005
0.029562214
0.018105074
0.03617677
0.034183525000000006
0.028240873
0.011632357000000001
0.030112354
0.021421917000000002
0.037088209999999996
0.019779558000000003
0.005608839
0.0129293
0.009026588
0.036561794
0.026295095
0.010234946
0.006730432000000001
0.008784960999999999
0.014232007
0.0049306164
0.03202153
0.024282177000000002
0.031208511
0.023056189
0.025068899999999998
0.030339516
0.03588833
0.014317064000000001
0.0063599486
0.029462578
0.002547243
0.036854687
0.033171031999999996
0.011077080999999999
0.007200517
0.015513712
0.026243177
0.0027030869000000003
0.013780489
0.014647704
0.035075626
0.010161196
0.023213785
0.0014345775
0.032944443
0.028220376999999998
---weights per flow tunnel---
0.5,0.5,0.0,0.0
0.5,0.5,0.0,0.0
0.5,0.5,0.0,0.0
0.5,0.5,0.0,0.0
0.5,0.5,0.0,0.0
0.05151817340982934,0.9484818265901707,0.0,0.0
0.5,0.5,0.0,0.0
0.892498776959706,0.10750122304029402,0.0,0.0
0.5,0.5,0.0,0.0
0.5,0.5,0.0,0.0
0.9625954699513887,0.03740453004861136,0.0,0.0
0.5,0.5,0.0,0.0
0.5,0.5,0.0,0.0
0.5,0.5,0.0,0.0
0.5,0.5,0.0,0.0
0.5,0.5,0.0,0.0
0.009584090472086736,0.9904159095279133,0.0,0.0
0.5,0.5,0.0,0.0
0.5,0.5,0.0,0.0
0.5,0.5,0.0,0.0
0.5,0.5,0.0,0.0
0.9423392685638552,0.057660731436144814,0.0,0.0
0.020330344001361227,0.9796696559986389,0.0,0.0
0.5,0.5,0.0,0.0
0.5,0.0,0.5,0.0
0.5,0.0,0.5,0.0
0.3333333333333333,0.3333333333333333,0.3333333333333333,0.0
0.5,0.5,0.0,0.0
0.005018426090221263,0.005018426090221263,0.9899631478195575,0.0
0.5,0.5,0.0,0.0
0.5,0.5,0.0,0.0
0.5,0.5,0.0,0.0
0.5,0.5,0.0,0.0
0.5,0.5,0.0,0.0
0.5,0.5,0.0,0.0
0.5,0.0,0.5,0.0
0.5,0.0,0.5,0.0
0.0,0.0,0.5,0.5
0.0,0.33333333333333337,0.33333333333333337,0.33333333333333337
0.008791294761936116,0.0,0.9912087052380638,0.0
0.5,0.5,0.0,0.0
0.01668246607907929,0.9833175339209207,0.0,0.0
0.5,0.5,0.0,0.0
0.010344902518967108,0.989655097481033,0.0,0.0
0.5,0.5,0.0,0.0
0.5,0.5,0.0,0.0
0.006482819787014294,0.9935171802129857,0.0,0.0
0.5,0.5,0.0,0.0
0.3333333333333333,0.3333333333333333,0.3333333333333333,0.0
0.5,0.5,0.0,0.0
0.3333333333333333,0.3333333333333333,0.3333333333333333,0.0
0.5,0.5,0.0,0.0
0.5,0.5,0.0,0.0
0.5,0.5,0.0,0.0
0.5,0.5,0.0,0.0
0.5,0.5,0.0,0.0
0.9966250802090308,0.00337491979096914,0.0,0.0
0.3333333333333333,0.3333333333333333,0.3333333333333333,0.0
0.0,0.0,0.5,0.5
0.25203715794280224,0.25203715794280224,0.4959256841143955,0.0
0.0,0.33333333333333337,0.33333333333333337,0.33333333333333337
0.0,0.33333333333333337,0.33333333333333337,0.33333333333333337
0.5,0.5,0.0,0.0
0.5,0.5,0.0,0.0
0.5,0.5,0.0,0.0
0.1833934990823575,0.8166065009176425,0.0,0.0
0.5,0.5,0.0,0.0
0.5,0.5,0.0,0.0
0.33333333333333337,0.33333333333333337,0.33333333333333337,0.0
0.0,0.08117781658398222,0.7681566065055544,0.15066557691046334
0.5,0.5,0.0,0.0
0.0,0.010115644409587255,0.9797687111808255,0.010115644409587255
0.5,0.0,0.0,0.5
0.5,0.5,0.0,0.0
0.5,0.5,0.0,0.0
0.5,0.5,0.0,0.0
0.5,0.5,0.0,0.0
0.5,0.5,0.0,0.0
0.5,0.5,0.0,0.0
0.0956677324037475,0.0956677324037475,0.808664535192505,0.0
0.3333333333333333,0.0,0.3333333333333333,0.3333333333333333
0.5,0.5,0.0,0.0
0.0,0.8815700028407742,0.11382812280098392,0.00460187435824185
0.0,0.9911583149470301,0.008841685052969905,0.0
0.5,0.5,0.0,0.0
0.5,0.5,0.0,0.0
0.5,0.5,0.0,0.0
0.5,0.5,0.0,0.0
0.5,0.5,0.0,0.0
0.5,0.5,0.0,0.0
0.5,0.5,0.0,0.0
0.5,0.5,0.0,0.0
0.5,0.5,0.0,0.0
0.5,0.5,0.0,0.0
0.5,0.5,0.0,0.0
0.5,0.5,0.0,0.0
0.5,0.5,0.0,0.0
0.5,0.5,0.0,0.0
0.5,0.5,0.0,0.0
0.5,0.5,0.0,0.0
0.969586887841774,0.03041311215822587,0.0,0.0
0.5,0.5,0.0,0.0
0.5,0.5,0.0,0.0
0.5,0.5,0.0,0.0
0.5,0.5,0.0,0.0
0.5,0.5,0.0,0.0
0.5,0.5,0.0,0.0
0.8322452766584603,0.16775472334153968,0.0,0.0
0.0,0.8457971828156554,0.09130291701561817,0.06289990016872632
0.008703977129492906,0.9912960228705071,0.0,0.0
0.5,0.5,0.0,0.0
0.5,0.5,0.0,0.0
0.9853094044375825,0.014690595562417414,0.0,0.0
0.5,0.5,0.0,0.0
0.5,0.5,0.0,0.0
0.5,0.5,0.0,0.0
0.5,0.5,0.0,0.0
0.5,0.5,0.0,0.0
0.5,0.5,0.0,0.0
0.0,0.9292121915312658,0.06862260182523748,0.002165206643496671
0.5,0.5,0.0,0.0
0.9602947492009595,0.03970525079904044,0.0,0.0
0.06743508545690634,0.9325649145430936,0.0,0.0
0.5,0.5,0.0,0.0
0.5,0.5,0.0,0.0
0.00784654089045853,0.9921534591095416,0.0,0.0
0.5,0.5,0.0,0.0
0.5,0.5,0.0,0.0
0.012324075932396752,0.9876759240676032,0.0,0.0
0.5,0.5,0.0,0.0
0.013116925284370183,0.9868830747156299,0.0,0.0
0.014342639068043955,0.985657360931956,0.0,0.0
