---flow_allocation with alpha---
0.2018726806868838
0.10384760996908922
0.0755029657256339
0.06345810314924517
0.18348347965473888
0.05280010366351686
0.23031065117243213
0.1734224646521576
0.23384898465788792
0.14127497029691322
0.07411532083443965
0.2019985106850488
0.13796957348275765
0.10844407856686371
0.04875107892322505
0.20365581613098666
0.2231362591347912
0.004554699707620922
0.040077573991133736
0.011021273474597767
0.10280148107925444
0.0062046652431795675
0.19530921790109554
0.15878810001044527
0.22026062924266335
0.04817739448925319
0.10797191890976668
0.07511245955000632
0.03755208623217385
0.11544867629264614
0.1932200554133354
0.0801912910996
0.09947068372530571
0.05437922107851486
0.15042550677983638
0.051832920672486384
0.011005319159418023
0.07643737212816121
0.03208328938528108
0.06599108422699518
0.010211809168200576
0.02506833040915838
0.01492060734532974
0.05286329388829748
0.019973962568343846
0.1571358044699691
0.13151334501100814
0.2065382987441203
0.19582373838303602
0.23215823729523752
0.19859536487149454
0.23765451841967275
0.2148434455906053
0.09245488551024261
0.14119777946053183
0.006805923861755325
0.18765757652533122
0.04749343549447273
0.23548284406536726
0.029223948067948948
0.055694807893159
0.006799271377416914
0.20373659686777856
0.0919569376041081
0.21114083028481023
0.11953060047581074
0.0231791756328668
0.15791880961482987
0.018936265955695412
0.1006723430560347
0.0639196446786837
0.11559381197746295
0.20543141278422755
0.209556830605254
0.23006473501675892
0.12781425578517178
0.10161396595614267
0.22404295629268367
0.20781987723554263
0.14233867374364634
0.031375474305639625
0.20264352803568786
0.12885987411139263
0.18023624720478926
0.16282732831139476
0.1642011433106966
0.1229493503898158
0.2282174679962123
0.017631964192430474
0.06451894265320639
0.09230290508197654
0.06668519226911385
0.01793447472919678
0.22842155782332532
0.2375106033009955
0.07997073559593763
0.00937718683972686
0.08180775943397975
0.23948105974851627
0.0040415617362162815
0.21318388249618708
0.1291940060864856
0.18513254428484563
0.22840220427133473
0.17772211230643853
0.0029425807370273634
0.05686706195074805
0.23183794638061594
0.06893598005090947
0.10330021397694536
0.15171528619930755
0.08404048283690994
0.0399141880503858
0.17597847374440728
0.14163632967223042
0.0973649279200928
0.00019443758210387863
0.20134251621671018
0.013321664904753875
0.08058131782408388
0.08693481212139809
0.16675065069442507
0.16228244524953822
0.12322699328756101
0.07506968389222654
0.15630337038523448
0.027607167811111315
0.038594129017585875
0.04410768234952935
0.08208785941911703
0.18986484673659557
0.033077103055312015
---flow_allocation with ell_k_beta---
0.2018726806868838
0.10384760996908922
0.0755029657256339
0.06345810314924517
0.18348347965473888
0.05280010366351686
0.23031065117243213
0.1734224646521576
0.23384898465788792
0.14127497029691322
0.07411532083443965
0.2019985106850488
0.13796957348275765
0.10844407856686371
0.04875107892322505
0.20365581613098666
0.2231362591347912
0.004554699707620922
0.040077573991133736
0.011021273474597767
0.10280148107925444
0.0062046652431795675
0.19530921790109554
0.15878810001044527
0.22026062924266335
0.04817739448925319
0.10797191890976668
0.07511245955000632
0.03755208623217385
0.11544867629264614
0.1932200554133354
0.0801912910996
0.09947068372530571
0.05437922107851486
0.15042550677983638
0.051832920672486384
0.011005319159418023
0.07643737212816121
0.03208328938528108
0.06599108422699518
0.010211809168200576
0.02506833040915838
0.01492060734532974
0.05286329388829748
0.019973962568343846
0.1571358044699691
0.13151334501100814
0.2065382987441203
0.19582373838303602
0.23215823729523752
0.19859536487149454
0.23765451841967275
0.2148434455906053
0.09245488551024261
0.14119777946053183
0.006805923861755325
0.18765757652533122
0.04749343549447273
0.23548284406536726
0.029223948067948948
0.055694807893159
0.006799271377416914
0.20373659686777856
0.0919569376041081
0.21114083028481023
0.11953060047581074
0.0231791756328668
0.15791880961482987
0.018936265955695412
0.1006723430560347
0.0639196446786837
0.11559381197746295
0.20543141278422755
0.209556830605254
0.23006473501675892
0.12781425578517178
0.10161396595614267
0.22404295629268367
0.20781987723554263
0.14233867374364634
0.031375474305639625
0.20264352803568786
0.12885987411139263
0.18023624720478926
0.16282732831139476
0.1642011433106966
0.1229493503898158
0.2282174679962123
0.017631964192430474
0.06451894265320639
0.09230290508197654
0.06668519226911385
0.01793447472919678
0.22842155782332532
0.2375106033009955
0.07997073559593763
0.00937718683972686
0.08180775943397975
0.23948105974851627
0.0040415617362162815
0.21318388249618708
0.1291940060864856
0.18513254428484563
0.22840220427133473
0.17772211230643853
0.0029425807370273634
0.05686706195074805
0.23183794638061594
0.06893598005090947
0.10330021397694536
0.15171528619930755
0.08404048283690994
0.0399141880503858
0.17597847374440728
0.14163632967223042
0.0973649279200928
0.00019443758210387863
0.20134251621671018
0.013321664904753875
0.08058131782408388
0.08693481212139809
0.16675065069442507
0.16228244524953822
0.12322699328756101
0.07506968389222654
0.15630337038523448
0.027607167811111315
0.038594129017585875
0.04410768234952935
0.08208785941911703
0.18986484673659557
0.033077103055312015
---flow_allocation with per_flow_loss---
0.0
0.13017471
0.0
0.0
0.0
0.0
0.0
0.0
0.0
0.0
0.0
0.0
0.0
0.0
0.06111029
0.0
0.0
0.0
0.0
0.0
0.0
0.0
0.24482336000000002
0.0
0.27610037
0.060391167
0.1353446
0.09415472
0.047072166000000006
0.0
0.0
0.0
0.0
0.0
0.0
0.06497343
0.013795351
0.09581552
0.040216938
0.082720924
0.0
0.0
0.0
0.0
0.0
0.12485623800000051
0.16485417000000002
0.2588992
0.24546832000000002
0.29101422000000005
0.24894259999999999
0.0
0.0
0.0
0.0
0.0
0.0
0.059533813000000005
0.29518167
0.036632706
0.06981437
0.008523
0.0
0.0
0.26466855
0.0
0.0
0.0
0.023736925
0.12619446
0.08012434
0.14489877
0.2575117
0.0
0.28838998
0.1602173
0.0
0.0
0.0
0.1784239
0.039329680000000006
0.25401704
0.161528
0.22592914
0.0
0.20582887
0.15411906
0.2860744
0.0
0.0
0.0
0.0
0.0
0.0
0.0
0.0
0.01175446
0.10254738999999999
0.30019349999999995
0.0
0.0
0.0
0.0
0.0
0.0
0.003688574
0.07128381
0.29061273
0.0864124
0.12948854
0.0
0.0
0.0
0.0
0.0
0.12204856
0.00024373074999999998
0.2523862
0.016698929
0.101010025
0.108974236
0.0
0.0
0.0
0.0
0.0
0.0
0.0
0.055289715
0.1028985
0.23799875
0.0414627
---weights per flow per tunnel---
0.5,0.5,0.0,0.0
0.5,0.5,0.0,0.0
0.5,0.5,0.0,0.0
0.5,0.5,0.0,0.0
0.5,0.5,0.0,0.0
0.5,0.5,0.0,0.0
0.5,0.5,0.0,0.0
0.5,0.5,0.0,0.0
0.5,0.5,0.0,0.0
0.5,0.5,0.0,0.0
0.5,0.5,0.0,0.0
0.7186775649600807,0.2813224350399193,0.0,0.0
0.5,0.5,0.0,0.0
0.5,0.5,0.0,0.0
0.5,0.5,0.0,0.0
0.8007512801667476,0.1992487198332525,0.0,0.0
0.25751626517699805,0.7424837348230019,0.0,0.0
0.5,0.5,0.0,0.0
1.0,0.0,0.0,0.0
1.0,0.0,0.0,0.0
0.6102668473930579,0.3897331526069421,0.0,0.0
0.23604153232579483,0.7639584676742052,0.0,0.0
0.5,0.5,0.0,0.0
0.5,0.5,0.0,0.0
0.3333333333333333,0.3333333333333333,0.3333333333333333,0.0
0.08508204756671346,0.829835904866573,0.08508204756671346,0.0
0.33333333333333337,0.33333333333333337,0.33333333333333337,0.0
0.5,0.5,0.0,0.0
0.928667886431796,0.03566605678410202,0.03566605678410202,0.0
0.5,0.5,0.0,0.0
0.5,0.5,0.0,0.0
0.5,0.5,0.0,0.0
0.5,0.5,0.0,0.0
0.5,0.5,0.0,0.0
0.5,0.5,0.0,0.0
0.3333333333333333,0.3333333333333333,0.3333333333333333,0.0
0.03993310418543116,0.9201337916291377,0.03993310418543116,0.0
0.25,0.25,0.25,0.25
0.01824871585937117,0.9452538524218866,0.01824871585937117,0.01824871585937117
0.06342976779440808,0.6385648301425088,0.2980054020630832,0.0
0.5,0.5,0.0,0.0
0.5,0.5,0.0,0.0
0.5,0.5,0.0,0.0
0.5,0.5,0.0,0.0
0.5,0.5,0.0,0.0
0.6120411838615148,0.3879588161384852,0.0,0.0
0.3333333333333333,0.3333333333333333,0.3333333333333333,0.0
0.3333333333333333,0.3333333333333333,0.3333333333333333,0.0
0.33333333333333337,0.33333333333333337,0.33333333333333337,0.0
0.33333333333333337,0.33333333333333337,0.33333333333333337,0.0
0.48229841708903975,0.2588507914554801,0.2588507914554801,0.0
0.5,0.5,0.0,0.0
0.5,0.5,0.0,0.0
0.5,0.5,0.0,0.0
0.440934855272144,0.5590651447278561,0.0,0.0
0.9858716406906487,0.014128359309351282,0.0,0.0
0.5,0.5,0.0,0.0
0.7871761182727806,0.10641194086360974,0.10641194086360974,0.0
0.25,0.25,0.25,0.25
0.3333333333333333,0.3333333333333333,0.3333333333333333,0.0
0.19949117874850517,0.8005088212514948,0.0,0.0
0.00710101908247035,0.9857979618350592,0.00710101908247035,0.0
0.5,0.5,0.0,0.0
0.5,0.5,0.0,0.0
0.5,0.5,0.0,0.0
0.5,0.5,0.0,0.0
0.1156459232480702,0.8843540767519298,0.0,0.0
0.5,0.5,0.0,0.0
0.08730562556828134,0.8253887488634374,0.08730562556828134,0.0
0.21838210258575416,0.21838210258575416,0.5632357948284917,0.0
0.04541261585541841,0.7330890440371852,0.22149834010739639,0.0
0.3333333333333333,0.3333333333333333,0.3333333333333333,0.0
0.30720418993829024,0.38559162012341963,0.30720418993829024,0.0
0.5,0.5,0.0,0.0
0.5,0.5,0.0,0.0
0.5,0.5,0.0,0.0
0.5,0.5,0.0,0.0
0.5,0.5,0.0,0.0
0.5,0.5,0.0,0.0
0.6515889067290678,0.2517501079222254,0.09666098534870682,0.0
0.3333333333333333,0.3333333333333333,0.3333333333333333,0.0
0.3333333333333333,0.3333333333333333,0.3333333333333333,0.0
0.15964964560690423,0.15964964560690423,0.6807007087861915,0.0
0.3333333333333333,0.3333333333333333,0.3333333333333333,0.0
0.5,0.5,0.0,0.0
0.5,0.5,0.0,0.0
0.5,0.5,0.0,0.0
0.5,0.5,0.0,0.0
0.5,0.5,0.0,0.0
0.5,0.5,0.0,0.0
0.5,0.5,0.0,0.0
0.5,0.5,0.0,0.0
0.5,0.5,0.0,0.0
0.5,0.5,0.0,0.0
0.5,0.5,0.0,0.0
0.5,0.5,0.0,0.0
0.02116493380465937,0.9788350661953406,0.0,0.0
0.06288373409568496,0.9371162659043151,0.0,0.0
0.11327290512614611,0.8867270948738539,0.0,0.0
0.5,0.5,0.0,0.0
0.5,0.5,0.0,0.0
0.5,0.5,0.0,0.0
0.5,0.5,0.0,0.0
0.25284326076599806,0.7471567392340019,0.0,0.0
0.5,0.5,0.0,0.0
0.5,0.5,0.0,0.0
0.5,0.5,0.0,0.0
0.5,0.5,0.0,0.0
0.023292598528587508,0.8206734855541935,0.15603391591721893,0.0
0.5,0.5,0.0,0.0
0.5,0.5,0.0,0.0
0.5,0.5,0.0,0.0
0.06881572472133886,0.9311842752786611,0.0,0.0
0.5,0.5,0.0,0.0
0.5,0.5,0.0,0.0
0.5,0.5,0.0,0.0
0.5,0.5,0.0,0.0
0.5254245102442073,0.47457548975579267,0.0,0.0
0.5,0.5,0.0,0.0
0.027491519457586346,0.027491519457586346,0.9450169610848274,0.0
0.10697141144028936,0.8930285885597106,0.0,0.0
0.5,0.5,0.0,0.0
0.5,0.5,0.0,0.0
0.5,0.5,0.0,0.0
0.5,0.5,0.0,0.0
0.5,0.5,0.0,0.0
0.5,0.5,0.0,0.0
0.5,0.5,0.0,0.0
0.5,0.5,0.0,0.0
0.9255452397902603,0.07445476020973983,0.0,0.0
0.5,0.5,0.0,0.0
0.5,0.5,0.0,0.0
