---flow_allocation with alpha---
0.07254712884486185
0.06686960763550169
0.030350201951215374
0.07313043450059982
0.012166465104866646
0.28074547189970606
0.1638310993880558
0.0
0.0
0.0
0.0
0.07250797243742593
0.16014255298074914
0.11343110493934538
0.08884448738606512
0.2969674628667127
0.09316909724438746
0.151833708364852
0.0
0.0
0.0
0.0
0.15192383174283353
0.23526895784668136
0.2914848455490712
0.06808187264414434
0.24521935726659103
0.1856695755214848
0.10156823297391597
0.22376631298949878
0.256832978989752
0.0
0.19122921310281407
0.0814160378621905
0.2819743328708804
0.2885081100388898
0.054364689976438826
0.12799305564704633
0.22245343619135788
0.10438254117422965
0.2854369393578457
0.28742051208529384
0.1607962928092177
0.008427111569221948
0.006788882371137696
0.06575412116341824
0.1023634282226201
0.019137428963972573
0.22625154357842214
0.13027633251355608
0.2460884746028622
0.0
0.0
0.038571905923658376
0.0
0.2566876409825627
0.23558935760489294
0.2331702789962276
0.26955247198553917
0.03336591379967915
0.2082695616384079
0.04619650946318211
0.03206356241356601
0.18809801772613266
0.1276035833349088
0.1373773916493418
0.15978147732745013
0.18094804884821272
0.11787217760607639
0.19035108244206445
0.27417501982519826
0.12547448019761404
0.03735739523066742
0.18007194088206416
0.20293869574986156
0.05606491575072628
0.12367449413892134
0.12235113386266508
0.013452157874249436
0.05170998027359223
0.0004973222402647244
0.23404715657300487
0.029576350077273744
0.16904309990167948
0.25830737535189086
0.06946676723688641
0.044485105094512756
0.0957924137403451
0.0
0.0
0.0
0.0808883612413835
0.0
0.27021024240300545
0.17855933532557083
0.2970697520127095
0.29033720809963365
0.16008947944777757
0.030814745833461523
0.0
0.0
0.15841255708865506
0.06025732524996332
0.0
0.057500982543514954
0.2740005747493593
0.286814966655747
0.2915788761810138
0.016465015256624964
0.01683218760745571
0.0
0.0
0.18103537498756297
0.11106928832149633
0.0
0.1415419323636972
0.2450129240156463
0.024396782731568024
0.2740358781702502
0.06851286939642146
0.18545081863367796
0.0
0.0
0.0
0.2759623270421232
0.0
0.0
0.27639667850739724
0.2070207055910917
0.1942761657160615
0.15047789617375218
0.060386750570723985
---flow_allocation with ell_k_beta---
0.07254712884486185
0.06686960763550169
0.030350201951215374
0.07313043450059982
0.012166465104866646
0.28074547189970606
0.1638310993880558
0.0
0.0
0.0
0.0
0.07250797243742593
0.16014255298074914
0.11343110493934538
0.08884448738606512
0.2969674628667127
0.09316909724438746
0.151833708364852
0.0
0.0
0.0
0.0
0.15192383174283353
0.23526895784668136
0.2914848455490712
0.06808187264414434
0.24521935726659103
0.1856695755214848
0.10156823297391597
0.22376631298949878
0.256832978989752
0.0
0.19122921310281407
0.0814160378621905
0.2819743328708804
0.2885081100388898
0.054364689976438826
0.12799305564704633
0.22245343619135788
0.10438254117422965
0.2854369393578457
0.28742051208529384
0.1607962928092177
0.008427111569221948
0.006788882371137696
0.06575412116341824
0.1023634282226201
0.019137428963972573
0.22625154357842214
0.13027633251355608
0.2460884746028622
0.0
0.0
0.038571905923658376
0.0
0.2566876409825627
0.23558935760489294
0.2331702789962276
0.26955247198553917
0.03336591379967915
0.2082695616384079
0.04619650946318211
0.03206356241356601
0.18809801772613266
0.1276035833349088
0.1373773916493418
0.15978147732745013
0.18094804884821272
0.11787217760607639
0.19035108244206445
0.27417501982519826
0.12547448019761404
0.03735739523066742
0.18007194088206416
0.20293869574986156
0.05606491575072628
0.12367449413892134
0.12235113386266508
0.013452157874249436
0.05170998027359223
0.0004973222402647244
0.23404715657300487
0.029576350077273744
0.16904309990167948
0.25830737535189086
0.06946676723688641
0.044485105094512756
0.0957924137403451
0.0
0.0
0.0
0.0808883612413835
0.0
0.27021024240300545
0.17855933532557083
0.2970697520127095
0.29033720809963365
0.16008947944777757
0.030814745833461523
0.0
0.0
0.15841255708865506
0.06025732524996332
0.0
0.057500982543514954
0.2740005747493593
0.286814966655747
0.2915788761810138
0.016465015256624964
0.01683218760745571
0.0
0.0
0.18103537498756297
0.11106928832149633
0.0
0.1415419323636972
0.2450129240156463
0.024396782731568024
0.2740358781702502
0.06851286939642146
0.18545081863367796
0.0
0.0
0.0
0.2759623270421232
0.0
0.0
0.27639667850739724
0.2070207055910917
0.1942761657160615
0.15047789617375218
0.060386750570723985
---flow_allocation with per_flow_loss---
0.0
0.0
0.0
0.0
0.0
0.0
0.0
0.0
0.0
0.0
0.0
0.0
0.0
0.0
0.0
0.0
0.0
0.0
0.0
0.0
0.0
0.0
0.0
0.0
0.5908395000000001
0.13800189000000002
0.4970594
0.37635205
0.20587871000000002
0.0
0.0
0.0
0.0
0.0
0.0
0.58480566
0.11019717400000001
0.2594418
0.4509129
0.21158331000000002
0.0
0.0
0.0
0.0
0.0
0.0
0.20749056999999999
0.03879155
0.45861166
0.0
0.4988211
0.0
0.0
0.0
0.0
0.0
0.0
0.47263593
0.5463826
0.067632675
0.4221622
0.09364028
0.0
0.0
0.0
0.0
0.0
0.0
0.23892679
0.20043149829999984
0.0
0.25433665
0.07572340400000001
0.0
0.0
0.0
0.0
0.0
0.0
0.10481608
0.0010080717
0.47441336
0.059951233
0.34265019999999996
0.0
0.0
0.0
0.0
0.0
0.0
0.0
0.0
0.0
0.0
0.0
0.0
0.58851324
0.32450122
0.0
0.0
0.0
0.0
0.0
0.0
0.0
0.0
0.0
0.5910301
0.03337457
0.0
0.0
0.0
0.0
0.0
0.0
0.0
0.0
0.0
0.55547046
0.13887552
0.0
0.0
0.0
0.0
0.0
0.0
0.0
0.0
0.0
0.0
0.0
0.0
---weights per flow per tunnel---
0.8355334411371194,0.16446655886288067,0.0,0.0
0.7901912360442833,0.2098087639557168,0.0,0.0
0.5,0.5,0.0,0.0
0.5,0.5,0.0,0.0
0.5,0.5,0.0,0.0
0.5,0.5,0.0,0.0
0.5,0.5,0.0,0.0
0.0,0.0,0.0,0.0
0.0,0.0,0.0,0.0
0.0,0.0,0.0,0.0
0.0,0.0,0.0,0.0
0.5,0.5,0.0,0.0
0.5,0.5,0.0,0.0
0.5,0.5,0.0,0.0
0.5,0.5,0.0,0.0
0.6159357647502547,0.38406423524974526,0.0,0.0
0.5,0.5,0.0,0.0
0.5,0.5,0.0,0.0
0.0,0.0,0.0,0.0
0.0,0.0,0.0,0.0
0.0,0.0,0.0,0.0
0.0,0.0,0.0,0.0
0.5,0.5,0.0,0.0
0.5,0.5,0.0,0.0
0.5,0.5,0.0,0.0
0.3333333333333333,0.3333333333333333,0.3333333333333333,0.0
0.5,0.5,0.0,0.0
0.5,0.5,0.0,0.0
0.3333333333333333,0.3333333333333333,0.3333333333333333,0.0
0.0,1.0,0.0,0.0
0.0,1.0,0.0,0.0
0.0,0.0,0.0,0.0
0.0,1.0,0.0,0.0
0.5,0.5,0.0,0.0
0.5,0.5,0.0,0.0
0.5,0.5,0.0,0.0
0.3333333333333333,0.3333333333333333,0.3333333333333333,0.0
0.288517352093039,0.288517352093039,0.0672239718604415,0.3557413239534805
0.1746335849436443,0.6507328301127113,0.1746335849436443,0.0
0.3333333333333333,0.3333333333333333,0.3333333333333333,0.0
0.0,1.0,0.0,0.0
1.0,0.0,0.0,0.0
0.5,0.5,0.0,0.0
0.0,1.0,0.0,0.0
0.5,0.5,0.0,0.0
0.5,0.5,0.0,0.0
0.33333333333333337,0.33333333333333337,0.33333333333333337,0.0
0.33333333333333337,0.33333333333333337,0.33333333333333337,0.0
0.5,0.5,0.0,0.0
0.5,0.5,0.0,0.0
0.4860616779284204,0.2569691610357898,0.2569691610357898,0.0
0.0,0.0,0.0,0.0
0.0,0.0,0.0,0.0
0.0,1.0,0.0,0.0
0.0,0.0,0.0,0.0
0.5803739989686464,0.4196260010313536,0.0,0.0
0.5316907932297781,0.4683092067702218,0.0,0.0
0.708812231388717,0.29118776861128304,0.0,0.0
0.0,0.5419393908508346,0.21192070316045836,0.24613990598870697
0.5,0.5,0.0,0.0
0.5,0.5,0.0,0.0
0.5,0.5,0.0,0.0
0.0,1.0,0.0,0.0
1.0,0.0,0.0,0.0
0.5016046224441636,0.49839537755583646,0.0,0.0
0.0,1.0,0.0,0.0
0.5,0.5,0.0,0.0
0.5,0.5,0.0,0.0
0.33333333333333337,0.33333333333333337,0.33333333333333337,0.0
0.3969095126422939,0.3969095126422939,0.20618097471541214,0.0
0.4342387538771036,0.5657612461228964,0.0,0.0
0.5,0.5,0.0,0.0
0.9663241061300801,0.0,0.03367589386991987,0.0
0.7024748022120668,0.2975251977879331,0.0,0.0
0.13460192268902493,0.8653980773109751,0.0,0.0
1.0,0.0,0.0,0.0
1.0,0.0,0.0,0.0
0.5,0.5,0.0,0.0
0.5,0.5,0.0,0.0
0.3333333333333333,0.3333333333333333,0.3333333333333333,0.0
0.9990514782912936,0.000474260854353266,0.000474260854353266,0.0
0.43566390003668914,0.2821680499816554,0.2821680499816554,0.0
0.9779008240620096,0.022099175937990354,0.0,0.0
0.5,0.30471784198579444,0.19528215801420556,0.0
1.0,0.0,0.0,0.0
0.5,0.5,0.0,0.0
0.5312612380289516,0.46873876197104836,0.0,0.0
0.5,0.5,0.0,0.0
0.0,0.0,0.0,0.0
0.0,0.0,0.0,0.0
0.0,0.0,0.0,0.0
1.0,0.0,0.0,0.0
0.0,0.0,0.0,0.0
0.8891015128463587,0.11089848715364127,0.0,0.0
0.5,0.5,0.0,0.0
0.6557147593364608,0.3442852406635391,0.0,0.0
0.5,0.5,0.0,0.0
0.5,0.5,0.0,0.0
0.4954403481303003,0.5045596518696998,0.0,0.0
0.0,0.0,0.0,0.0
0.0,0.0,0.0,0.0
0.0,1.0,0.0,0.0
0.5,0.5,0.0,0.0
0.0,0.0,0.0,0.0
1.0,0.0,0.0,0.0
0.2898206188507589,0.7101793811492411,0.0,0.0
1.0,0.0,0.0,0.0
0.22309493884841897,0.776905061151581,0.0,0.0
0.5,0.0,0.5,0.0
0.9722621855032569,0.02773781449674307,0.0,0.0
0.0,0.0,0.0,0.0
0.0,0.0,0.0,0.0
0.5111807330108843,0.4888192669891157,0.0,0.0
1.0,0.0,0.0,0.0
0.0,0.0,0.0,0.0
0.17698486951524475,0.8230151304847553,0.0,0.0
1.0,0.0,0.0,0.0
0.5,0.5,0.0,0.0
0.24333278664660726,0.7566672133533926,0.0,0.0
1.0,0.0,0.0,0.0
0.5,0.5,0.0,0.0
0.0,0.0,0.0,0.0
0.0,0.0,0.0,0.0
0.0,0.0,0.0,0.0
0.0,1.0,0.0,0.0
0.0,0.0,0.0,0.0
0.0,0.0,0.0,0.0
0.5,0.5,0.0,0.0
1.0,0.0,0.0,0.0
0.7947180740351059,0.2052819259648941,0.0,0.0
0.9061352898267883,0.0938647101732118,0.0,0.0
0.9546522421508775,0.04534775784912238,0.0,0.0
