---flow allocation with alpha---
0.059464674071253436
0.05481098268990056
0.024877137052317193
0.05994279196860746
0.011089081988866037
0.2558844766384467
0.13428736716347464
0.03727345031807794
0.17249705688766145
0.16215734287207578
0.17885907472556042
0.05943257875551796
0.14596136877912946
0.09297602527019985
0.0728231229762048
0.2706699534639073
0.07636787408910403
0.12445347079486979
0.10652977560693602
0.06866910272804698
0.013575316916982109
0.14049872262595822
0.12452734218555338
0.19284280605168605
0.2656728411206858
0.055804639431038784
0.20099884568833423
0.16922788402788638
0.09257401005173443
0.18341443806137672
0.21051817803891432
0.0363247803965891
0.15674476731364792
0.06673424893218055
0.257004517664728
0.2629597059703317
0.04456108218075449
0.11665882208529513
0.20275440494578928
0.08555919287899391
0.2339639739996763
0.2355898482087931
0.13179982855301062
0.006907446935597972
0.005564640309488599
0.05389665237043082
0.08390418742953963
0.015686368213660786
0.20621617661526345
0.10678354575110824
0.22429647788941956
0.07388234927065668
0.003763881810317366
0.1865669849821148
0.03818867228642253
0.23395705094700522
0.21472709449024246
0.19112258285595712
0.24568265608664827
0.03041124521945804
0.18982656218441585
0.04210564667889762
0.026281526489673523
0.15417822173848195
0.10459277457500363
0.11260406785575527
0.13096801518111528
0.16492446508563433
0.10743418325813602
0.17349482710677505
0.24989586111782294
0.11436327531693034
0.03062072017065041
0.1475994907645246
0.16634267394670957
0.045954705513963884
0.11272268433083735
0.10028750156260624
0.011026324491185471
0.047130880329993324
0.0004076399079689002
0.2133214607635588
0.026957260643200417
0.1385594853952603
0.23543335216242398
0.05693979538954067
0.036463087066167334
0.0785181267993312
0.22915505483891863
0.06031472479655269
0.2017392498864611
0.0663017284620954
0.23917015205143205
0.22148311381928823
0.14635965401498777
0.2434990365730372
0.2646268309886865
0.14591299509347072
0.02525790953758859
0.2054476802352208
0.18886731776645135
0.12984595291448078
0.04939109601507487
0.019558619329848405
0.0471318057677912
0.22458993391246715
0.2350935010455533
0.2657585450106891
0.015006980462682683
0.013796832016935639
0.07145775581387019
0.11755459945913077
0.14838918838570997
0.09104011605321624
0.06595527940380684
0.11601761516188201
0.2008296386338256
0.019997300466876075
0.22461887105236927
0.056157914354636844
0.16902849882901305
0.043274515751409295
0.13148938916923691
0.06988351232055408
0.22619792257521906
0.15142172058102119
0.13883178404348953
0.2265539472549845
0.16968857320736086
0.17707233050347404
0.13715255119708814
0.049497182012386474
---weights per flow tunnel---
0.5,0.5,0.0,0.0
0.5,0.5,0.0,0.0
0.5,0.5,0.0,0.0
0.5,0.5,0.0,0.0
0.9302294181892663,0.06977058181073365,0.0,0.0
0.1189329411999511,0.881067058800049,0.0,0.0
0.5,0.5,0.0,0.0
0.5,0.5,0.0,0.0
0.5,0.5,0.0,0.0
0.5,0.5,0.0,0.0
0.5,0.5,0.0,0.0
0.5,0.5,0.0,0.0
0.1936990468416925,0.8063009531583075,0.0,0.0
0.5,0.5,0.0,0.0
0.5,0.5,0.0,0.0
0.11985968401455639,0.8801403159854437,0.0,0.0
0.5,0.5,0.0,0.0
0.5,0.5,0.0,0.0
0.5,0.5,0.0,0.0
0.5,0.5,0.0,0.0
0.5,0.5,0.0,0.0
0.5,0.5,0.0,0.0
0.5,0.5,0.0,0.0
0.5,0.5,0.0,0.0
0.19717358600203982,0.8028264139979601,0.0,0.0
0.5,0.0,0.5,0.0
0.5,0.0,0.5,0.0
0.36898903360663393,0.6310109663933661,0.0,0.0
0.3333333333333333,0.3333333333333333,0.3333333333333333,0.0
0.5,0.5,0.0,0.0
0.5,0.5,0.0,0.0
0.5,0.5,0.0,0.0
0.5,0.5,0.0,0.0
0.5,0.5,0.0,0.0
0.8407077565314051,0.159292243468595,0.0,0.0
0.8238132083134284,0.15783059656401546,0.018356195122556106,0.0
0.5,0.0,0.5,0.0
0.0,0.0,0.3566800791555979,0.6433199208444021
0.08026753670556735,0.8394649265888652,0.08026753670556735,0.0
0.5,0.0,0.5,0.0
0.5,0.5,0.0,0.0
0.5,0.5,0.0,0.0
0.5,0.5,0.0,0.0
0.5,0.5,0.0,0.0
0.5,0.5,0.0,0.0
0.5,0.5,0.0,0.0
0.5,0.0,0.5,0.0
0.5,0.5,0.0,0.0
0.5957636469511781,0.3170413107470885,0.08719504230173333,0.0
0.5,0.5,0.0,0.0
0.3333333333333333,0.3333333333333333,0.3333333333333333,0.0
0.5,0.5,0.0,0.0
0.5,0.5,0.0,0.0
0.5,0.5,0.0,0.0
0.5,0.5,0.0,0.0
0.881293649576212,0.1187063504237879,0.0,0.0
0.7174805957751411,0.282519404224859,0.0,0.0
0.5,0.5,0.0,0.0
0.08149346724938145,0.08445515030355769,0.0,0.8340513824470609
0.33333333333333337,0.33333333333333337,0.33333333333333337,0.0
0.21176011190109648,0.576479776197807,0.21176011190109648,0.0
0.3333333333333333,0.3333333333333333,0.3333333333333333,0.0
0.5,0.5,0.0,0.0
0.5,0.5,0.0,0.0
0.49999999999999994,0.5000000000000001,0.0,0.0
0.5,0.5,0.0,0.0
0.5,0.5,0.0,0.0
0.3268514365888307,0.6731485634111694,0.0,0.0
0.33333333333333337,0.33333333333333337,0.33333333333333337,0.0
0.08158173353750997,0.37100747837947046,0.5474107880830197,0.0
0.13562375467047613,0.864376245329524,0.0,0.0
0.08361066147301884,0.8327786770539622,0.08361066147301884,0.0
0.0,0.5,0.5,0.0
0.5,0.5,0.0,0.0
0.5,0.5,0.0,0.0
0.5,0.5,0.0,0.0
0.09395211287917027,0.9060478871208297,0.0,0.0
0.5,0.5,0.0,0.0
0.5,0.5,0.0,0.0
0.3333333333333333,0.3333333333333333,0.3333333333333333,0.0
0.5,0.5,0.0,0.0
0.26985220159667705,0.730147798403323,0.0,0.0
0.3333333333333333,0.3333333333333333,0.3333333333333333,0.0
0.0,0.5,0.5,0.0
0.16290597538961107,0.837094024610389,0.0,0.0
0.5,0.5,0.0,0.0
0.5,0.5,0.0,0.0
0.5,0.5,0.0,0.0
0.5000000000000004,0.49999999999999956,0.0,0.0
0.5,0.5,0.0,0.0
0.5,0.5,0.0,0.0
0.5,0.5,0.0,0.0
0.4999999999999994,0.5000000000000007,0.0,0.0
0.5,0.5,0.0,0.0
0.5,0.5,0.0,0.0
0.5,0.5,0.0,0.0
0.6086080648342264,0.39139193516577375,0.0,0.0
0.7615558726365739,0.2384441273634261,0.0,0.0
0.5,0.5,0.0,0.0
0.5,0.5,0.0,0.0
0.5,0.5,0.0,0.0
0.5,0.5,0.0,0.0
0.5,0.5,0.0,0.0
0.5,0.5,0.0,0.0
0.5,0.5,0.0,0.0
0.5,0.5,0.0,0.0
0.5,0.5,0.0,0.0
0.0996405146827405,0.9003594853172595,0.0,0.0
0.005133387925347305,0.0,0.9948666120746527,0.0
0.5,0.5,0.0,0.0
0.5,0.5,0.0,0.0
0.5,0.5,0.0,0.0
0.5,0.5,0.0,0.0
0.5,0.5,0.0,0.0
0.5,0.5,0.0,0.0
0.5,0.5,0.0,0.0
0.5,0.5000000000000001,0.0,0.0
0.4999999999999994,0.5000000000000007,0.0,0.0
0.5,0.5,0.0,0.0
0.5,0.5,0.0,0.0
0.959953445324342,0.04004655467565805,0.0,0.0
0.5,0.5,0.0,0.0
0.5,0.5,0.0,0.0
0.5,0.5,0.0,0.0
0.5,0.5,0.0,0.0
0.5,0.5,0.0,0.0
0.5,0.5,0.0,0.0
0.5,0.5,0.0,0.0
0.5,0.5,0.0,0.0
0.05021063313653932,0.9497893668634607,0.0,0.0
0.3501574389590034,0.6498425610409966,0.0,0.0
0.5,0.5,0.0,0.0
