---flow_allocation with alpha---
0.14289688117006272
0.13171380492001056
0.059781128085503746
0.1440458247643993
0.023964420729421832
0.5529874576135871
0.3226999264337368
0.08957015041431891
0.4145199116155205
0.3896730103570162
0.4298081902647018
0.14281975436174504
0.31543455582503505
0.22342650056032579
0.174997968338217
0.5849400924382023
0.18351620015347014
0.29906853279085865
0.25599690780676143
0.16501562929322758
0.03262223292450049
0.3376261551113545
0.29924604980413166
0.4634118654690606
0.5741409205369228
0.13410161670036475
0.4830112771362281
0.3657154141403172
0.2000600705916821
0.4407549788152387
0.5058867561490151
0.08729044443496442
0.3766662937058851
0.16036606924320407
0.5554079586446884
0.568277611716215
0.10708273045544085
0.2521093357464357
0.43816899088157335
0.20560344454568302
0.5622282928961604
0.5661353580114799
0.31672223438753994
0.016598974758726893
0.013372136608473171
0.12951661889230448
0.2016263754581926
0.0376952052563413
0.44565016496250875
0.2566067314155285
0.48472318715529406
0.17754334736020794
0.009044814928988043
0.4483307223932823
0.09176947912329422
0.5056004822705927
0.46404296041251425
0.45927807455159064
0.5309404820249107
0.06572120903032806
0.4102308564743766
0.09099377505826065
0.06315595311701624
0.37049874357969453
0.251342187830416
0.2705937660461874
0.3147233411216495
0.35641537088961
0.23217413045595633
0.3749366300420168
0.5400455655735545
0.24714846985903466
0.07358327410193342
0.35468969134964373
0.3997305910395013
0.11043168394676622
0.2436030174333871
0.2409963800770589
0.02649686398131923
0.10185371942510907
0.000979581110953517
0.4610052700021148
0.05825686350005972
0.33296606142642904
0.508790890952319
0.1368294588796923
0.08762280296608266
0.18868337563736765
0.0
0.14493959979887522
0.4847905091318626
0.1593266987735481
0.3533504572521103
0.5322360996830935
0.3517102954740933
0.5851415724991397
0.5718804063739255
0.3153300163007965
0.06069614530254016
0.4937020711499978
0.45385854854669
0.31202696380377243
0.11868951925420924
0.04700043758549651
0.11326032057386454
0.5397019591804445
0.5649426084889719
0.5743261337114892
0.03243132245275403
0.03315454588862277
0.1717169159790323
0.28249016567008056
0.3565873781510477
0.2187744042753305
0.15849416263865868
0.27879670790016103
0.48260466328121426
0.04805461247652981
0.5397714967185977
0.13495055576488
0.3652845262816272
0.10399104059010604
0.0
0.1679339223124466
0.5435660443444991
0.3638747197454627
0.333620410049145
0.5444215912242665
0.4077709709208976
0.38266790993024474
0.2963979745393417
0.11894444973837331
---flow_allocation with ell_k_beta---
0.14289688117006272
0.13171380492001056
0.059781128085503746
0.1440458247643993
0.023964420729421832
0.5529874576135871
0.3226999264337368
0.08957015041431891
0.4145199116155205
0.3896730103570162
0.4298081902647018
0.14281975436174504
0.31543455582503505
0.22342650056032579
0.174997968338217
0.5849400924382023
0.18351620015347014
0.29906853279085865
0.25599690780676143
0.16501562929322758
0.03262223292450049
0.3376261551113545
0.29924604980413166
0.4634118654690606
0.5741409205369228
0.13410161670036475
0.4830112771362281
0.3657154141403172
0.2000600705916821
0.4407549788152387
0.5058867561490151
0.08729044443496442
0.3766662937058851
0.16036606924320407
0.5554079586446884
0.568277611716215
0.10708273045544085
0.2521093357464357
0.43816899088157335
0.20560344454568302
0.5622282928961604
0.5661353580114799
0.31672223438753994
0.016598974758726893
0.013372136608473171
0.12951661889230448
0.2016263754581926
0.0376952052563413
0.44565016496250875
0.2566067314155285
0.48472318715529406
0.17754334736020794
0.009044814928988043
0.4483307223932823
0.09176947912329422
0.5056004822705927
0.46404296041251425
0.45927807455159064
0.5309404820249107
0.06572120903032806
0.4102308564743766
0.09099377505826065
0.06315595311701624
0.37049874357969453
0.251342187830416
0.2705937660461874
0.3147233411216495
0.35641537088961
0.23217413045595633
0.3749366300420168
0.5400455655735545
0.24714846985903466
0.07358327410193342
0.35468969134964373
0.3997305910395013
0.11043168394676622
0.2436030174333871
0.2409963800770589
0.02649686398131923
0.10185371942510907
0.000979581110953517
0.4610052700021148
0.05825686350005972
0.33296606142642904
0.508790890952319
0.1368294588796923
0.08762280296608266
0.18868337563736765
0.0
0.14493959979887522
0.4847905091318626
0.1593266987735481
0.3533504572521103
0.5322360996830935
0.3517102954740933
0.5851415724991397
0.5718804063739255
0.3153300163007965
0.06069614530254016
0.4937020711499978
0.45385854854669
0.31202696380377243
0.11868951925420924
0.04700043758549651
0.11326032057386454
0.5397019591804445
0.5649426084889719
0.5743261337114892
0.03243132245275403
0.03315454588862277
0.1717169159790323
0.28249016567008056
0.3565873781510477
0.2187744042753305
0.15849416263865868
0.27879670790016103
0.48260466328121426
0.04805461247652981
0.5397714967185977
0.13495055576488
0.3652845262816272
0.10399104059010604
0.0
0.1679339223124466
0.5435660443444991
0.3638747197454627
0.333620410049145
0.5444215912242665
0.4077709709208976
0.38266790993024474
0.2963979745393417
0.11894444973837331
---flow_allocation with per_flow_loss---
0.14705296
0.13554463
0.06151983
0.14823532
0.024661413
0.5690708
0.33208548000000004
0.09217525
0.426576
0.40100644
0.44230893
0.14697359000000002
0.3246088
0.22992474000000002
0.18008769000000002
0.60195276
0.18885367
0.30776677999999996
0.26344244
0.16981502
0.033571033
0.34744583
0.30794946
0.47688995
0.5908395000000001
0.13800189000000002
0.4970594
0.37635205
0.20587871000000002
0.4535741
0.5206002
0.08982924
0.38762143
0.16503023
0.5715617
0.58480566
0.11019717400000001
0.2594418
0.4509129
0.21158331000000002
0.5785804000000001
0.5826011
0.32593393
0.017081747
0.013761058
0.13328353999999998
0.20749056999999999
0.03879155
0.45861166
0.26406999999999997
0.4988211
0.18270709999999998
0.0093078785
0.46137018
0.094438545
0.5203056
0.4775394
0.47263593
0.5463826
0.067632675
0.4221622
0.09364028
0.06499281000000001
0.3812745
0.25865234
0.27846384
0.32387689999999997
0.36678152
0.23892679
0.38584145999999997
0.5557525000000001
0.25433665
0.07572340400000001
0.36500565
0.41135654
0.11364352999999999
0.25068808000000004
0.24800563
0.027267510999999998
0.10481608
0.0010080717
0.47441336
0.059951233
0.34265019999999996
0.5235888
0.14080906999999998
0.090171265
0.19417113
0.0
0.14915509
0.49889037999999997
0.16396063
0.36362746500000104
0.5477159
0.3619396
0.6021601000000001
0.58851324
0.32450122
0.06246146
0.50806113
0.46705878
0.3211021
0.12214154
0.04836742
0.116554436
0.5553989
0.58137366
0.5910301
0.03337457
0.034118828000000004
0.17671121
0.29070624
0.36695853
0.22513734
0.16310388
0.28690536
0.49664096
0.049452255
0.55547046
0.13887552
0.37590863
0.107015564
0.0
0.17281818999999998
0.5593753699999999
0.37445782000000005
0.34332358
0.5602558
0.41963077
0.39379759999999997
0.30501855
0.122403885
---weights per flow per tunnel---
0.856035824779054,0.143964175220946,0.0,0.0
1.0,0.0,0.0,0.0
0.5,0.5,0.0,0.0
0.5,0.5,0.0,0.0
1.0,0.0,0.0,0.0
0.5,0.5,0.0,0.0
0.5,0.5,0.0,0.0
1.0,0.0,0.0,0.0
0.32231033597889713,0.6776896640211028,0.0,0.0
1.0,0.0,0.0,0.0
0.5,0.5,0.0,0.0
0.9324736488205294,0.06752635117947063,0.0,0.0
0.5,0.5,0.0,0.0
0.5,0.5,0.0,0.0
1.0,0.0,0.0,0.0
0.5,0.5,0.0,0.0
0.5,0.5,0.0,0.0
0.5,0.5,0.0,0.0
1.0,0.0,0.0,0.0
0.0,1.0,0.0,0.0
1.0,0.0,0.0,0.0
0.5,0.5,0.0,0.0
1.0,0.0,0.0,0.0
0.5,0.5,0.0,0.0
0.5397360633120007,0.46026393668799936,0.0,0.0
0.32702836261793083,0.6729716373820691,0.0,0.0
1.0,0.0,0.0,0.0
0.0,1.0,0.0,0.0
0.5,0.0,0.5,0.0
0.0,1.0,0.0,0.0
0.0,1.0,0.0,0.0
0.0,1.0,0.0,0.0
0.0,1.0,0.0,0.0
0.5,0.5,0.0,0.0
0.5,0.5,0.0,0.0
0.5,0.5,0.0,0.0
0.5,0.0,0.5,0.0
0.5,0.0,0.0,0.5
0.0,0.7447373980567037,0.2552626019432963,0.0
0.5,0.0,0.5,0.0
0.16962546691868252,0.8303745330813175,0.0,0.0
1.0,0.0,0.0,0.0
1.0,0.0,0.0,0.0
0.0,1.0,0.0,0.0
0.5,0.5,0.0,0.0
1.0,0.0,0.0,0.0
0.266353559181179,0.733646440818821,0.0,0.0
0.5,0.5,0.0,0.0
0.7138648715167518,0.28613512848324807,0.0,0.0
0.5,0.5,0.0,0.0
0.3591974546087201,0.3591974546087201,0.28160509078255985,0.0
0.22995386981264773,0.7700461301873522,0.0,0.0
0.0,1.0,0.0,0.0
0.0,1.0,0.0,0.0
0.0,1.0,0.0,0.0
1.0,0.0,0.0,0.0
0.7457053475074826,0.25429465249251737,0.0,0.0
1.0,0.0,0.0,0.0
0.11542644326734976,0.054747299093123876,0.05862950497389783,0.7711967526656285
0.5,0.5,0.0,0.0
1.0,0.0,0.0,0.0
0.5,0.5,0.0,0.0
1.0,0.0,0.0,0.0
0.0,1.0,0.0,0.0
1.0,0.0,0.0,0.0
0.7907277099245659,0.2092722900754341,0.0,0.0
0.5,0.5,0.0,0.0
0.5,0.5,0.0,0.0
0.22938324525842757,0.7706167547415724,0.0,0.0
0.6161428191943139,0.3838571808056861,0.0,0.0
0.43181786523343657,0.43181786523343657,0.13636426953312686,0.0
0.1474209118497551,0.852579088150245,0.0,0.0
0.9629681817360861,0.03703181826391389,0.0,0.0
1.0,0.0,0.0,0.0
0.0,1.0,0.0,0.0
1.0,0.0,0.0,0.0
0.0,1.0,0.0,0.0
0.5,0.5,0.0,0.0
0.5,0.5,0.0,0.0
0.5,0.5,0.0,0.0
0.9756151996311999,0.02438480036880002,0.0,0.0
0.30661847434305245,0.6933815256569476,0.0,0.0
0.5,0.5,0.0,0.0
0.8980320995754137,0.0,0.1019679004245862,0.0
1.0,0.0,0.0,0.0
1.0,0.0,0.0,0.0
0.0,1.0,0.0,0.0
1.0,0.0,0.0,0.0
0.0,0.0,0.0,0.0
1.0,0.0,0.0,0.0
0.0,1.0,0.0,0.0
1.0,0.0,0.0,0.0
1.0,0.0,0.0,0.0
1.0,0.0,0.0,0.0
1.0,0.0,0.0,0.0
1.0,0.0,0.0,0.0
0.2949560795845169,0.7050439204154831,0.0,0.0
0.13595443880804922,0.8640455611919508,0.0,0.0
0.574093705289952,0.42590629471004815,0.0,0.0
0.0,1.0,0.0,0.0
1.0,0.0,0.0,0.0
0.0,1.0,0.0,0.0
1.0,0.0,0.0,0.0
0.0,1.0,0.0,0.0
0.0,1.0,0.0,0.0
0.0,1.0,0.0,0.0
1.0,0.0,0.0,0.0
0.8030853790535369,0.19691462094646298,0.0,0.0
0.02108022265399305,0.0,0.9789197773460069,0.0
1.0,0.0,0.0,0.0
0.0,1.0,0.0,0.0
1.0,0.0,0.0,0.0
0.0,1.0,0.0,0.0
1.0,0.0,0.0,0.0
1.0,0.0,0.0,0.0
1.0,0.0,0.0,0.0
1.0,0.0,0.0,0.0
0.0,1.0,0.0,0.0
0.5,0.5,0.0,0.0
0.06706801512133397,0.0,0.9329319848786661,0.0
0.5,0.5,0.0,0.0
1.0,0.0,0.0,0.0
0.0,0.0,0.0,0.0
0.0,1.0,0.0,0.0
0.0,1.0,0.0,0.0
0.0,1.0,0.0,0.0
1.0,0.0,0.0,0.0
0.10405955458203121,0.8959404454179688,0.0,0.0
1.0,0.0,0.0,0.0
0.8809911803694441,0.11900881963055589,0.0,0.0
0.9743997477819143,0.0256002522180857,0.0,0.0
0.5,0.5,0.0,0.0
