---flow_allocation with alpha---
0.10051132597095049
0.09264533328361343
0.04204906645066824
0.10131947407878193
0.01685618107209291
0.38896232132525294
0.22698184334745497
0.0
0.09436415466692052
0.20370634943473256
0.0
0.10045707623709738
0.22187150064737948
0.15715454140417193
0.12309070496061747
0.4114372813677013
0.12908228971508165
0.21035990807400137
0.0
0.0
0.022945944379797155
0.0
0.21048477063391433
0.3259563168039615
0.4038413207120306
0.09432488098435593
0.33974222198808557
0.25723823292904446
0.14071897723982424
0.3100198337869601
0.35583245929046253
0.06139866904659889
0.1677006019716161
0.11279886676603403
0.39066486210961415
0.3997171653118498
0.07532023889210765
0.17732957793090423
0.3082008922255397
0.1446180956943857
0.3954621735244427
0.39821033913995557
0.2227772326597367
0.011675447001340915
0.009405741892874213
0.0910998686153765
0.14182069043131343
0.026514190037170447
0.31346302755373784
0.1804929723900076
0.3409463514592844
0.12488108287862444
0.00636197469273316
0.3153484877506451
0.06454914869253414
0.3556310989327313
0.3264002186516484
0.32304867597233905
0.37345483976286814
0.046227222105643805
0.2885496660306164
0.06400353115701361
0.04442286310780859
0.26060274851938486
0.17678997865047422
0.19033122348140835
0.22137124387269003
0.25069673481472726
0.16330748101148615
0.2637242851770372
0.37985920641563875
0.1738401861105655
0.05175726991876924
0.24948292008803266
0.2811639512881776
0.07767583793158254
0.1713463729387815
0.16951290691163876
0.018637460181267197
0.07164223816968543
0.0006890213106950733
0.32426355696569376
0.04097692370438109
0.23420287457125225
0.35787518014964675
0.0962436004990065
0.061632444594300985
0.1327167963268322
0.0
0.0
0.06133853160127696
0.11206779059960713
0.4042620175897753
0.37436615600510537
0.24738726182319232
0.41157899914289486
0.40225131207056436
0.22179796925808984
0.042692674575754784
0.0
0.0
0.21947465622627887
0.08348426404700653
0.03305933806428561
0.07966545461006895
0.37961751930601967
0.39737137865966476
0.4039715966257562
0.022811661080540675
0.023320364600989962
0.0
0.0
0.25081772190543333
0.1538823330653984
0.11148219831689747
0.1961010384406604
0.3394562164616461
0.03380082741825507
0.3796664308715296
0.09492201081913111
0.25693515346595824
0.0
0.0
0.0
0.1697668377300659
0.25594351863703735
0.2346631326761032
0.3829372311915084
0.28681942281822104
0.26916234083406393
0.20848148113602513
0.08366357797453201
---flow_allocation with ell_k_beta---
0.10051132597095049
0.09264533328361343
0.04204906645066824
0.10131947407878193
0.01685618107209291
0.38896232132525294
0.22698184334745497
0.0
0.09436415466692052
0.20370634943473256
0.0
0.10045707623709738
0.22187150064737948
0.15715454140417193
0.12309070496061747
0.4114372813677013
0.12908228971508165
0.21035990807400137
0.0
0.0
0.022945944379797155
0.0
0.21048477063391433
0.3259563168039615
0.4038413207120306
0.09432488098435593
0.33974222198808557
0.25723823292904446
0.14071897723982424
0.3100198337869601
0.35583245929046253
0.06139866904659889
0.1677006019716161
0.11279886676603403
0.39066486210961415
0.3997171653118498
0.07532023889210765
0.17732957793090423
0.3082008922255397
0.1446180956943857
0.3954621735244427
0.39821033913995557
0.2227772326597367
0.011675447001340915
0.009405741892874213
0.0910998686153765
0.14182069043131343
0.026514190037170447
0.31346302755373784
0.1804929723900076
0.3409463514592844
0.12488108287862444
0.00636197469273316
0.3153484877506451
0.06454914869253414
0.3556310989327313
0.3264002186516484
0.32304867597233905
0.37345483976286814
0.046227222105643805
0.2885496660306164
0.06400353115701361
0.04442286310780859
0.26060274851938486
0.17678997865047422
0.19033122348140835
0.22137124387269003
0.25069673481472726
0.16330748101148615
0.2637242851770372
0.37985920641563875
0.1738401861105655
0.05175726991876924
0.24948292008803266
0.2811639512881776
0.07767583793158254
0.1713463729387815
0.16951290691163876
0.018637460181267197
0.07164223816968543
0.0006890213106950733
0.32426355696569376
0.04097692370438109
0.23420287457125225
0.35787518014964675
0.0962436004990065
0.061632444594300985
0.1327167963268322
0.0
0.0
0.06133853160127696
0.11206779059960713
0.4042620175897753
0.37436615600510537
0.24738726182319232
0.41157899914289486
0.40225131207056436
0.22179796925808984
0.042692674575754784
0.0
0.0
0.21947465622627887
0.08348426404700653
0.03305933806428561
0.07966545461006895
0.37961751930601967
0.39737137865966476
0.4039715966257562
0.022811661080540675
0.023320364600989962
0.0
0.0
0.25081772190543333
0.1538823330653984
0.11148219831689747
0.1961010384406604
0.3394562164616461
0.03380082741825507
0.3796664308715296
0.09492201081913111
0.25693515346595824
0.0
0.0
0.0
0.1697668377300659
0.25594351863703735
0.2346631326761032
0.3829372311915084
0.28681942281822104
0.26916234083406393
0.20848148113602513
0.08366357797453201
---flow_allocation with per_flow_loss---
0.14705296
0.13554463
0.06151983
0.14823532
0.024661413
0.5690708
0.33208548000000004
0.0
0.0
0.0
0.0
0.14697359000000002
0.3246088
0.22992474000000002
0.18008769000000002
0.60195276
0.18885367
0.30776677999999996
0.0
0.0
0.0
0.0
0.0
0.45186806431666454
0.5908395000000001
0.13800189000000002
0.4970594
0.37635205
0.20587871000000002
0.0
0.0
0.0
0.0
0.16503023
0.5715617
0.58480566
0.11019717400000001
0.2594418
0.4509129
0.21158331000000002
0.0
0.0
0.0
0.0
0.013761058
0.13328353999999998
0.20749056999999999
0.03879155
0.45861166
0.26406999999999997
0.4988211
0.0
0.0
0.0
0.0
0.5203056
0.4775394
0.47263593
0.5463826
0.067632675
0.4221622
0.09364028
0.06499281000000001
0.0
0.0
0.0
0.32387689999999997
0.36678152
0.23892679
0.38584145999999997
0.5557525000000001
0.25433665
0.07572340400000001
0.36500565
0.0
0.0
0.0
0.24800563
0.027267510999999998
0.10481608
0.0010080717
0.47441336
0.059951233
0.34265019999999996
0.5235888
0.14080906999999998
0.0
0.0
0.0
0.0
0.0
0.0
0.0
0.0759091358499937
0.3619396
0.5348190166666602
0.58851324
0.32450122
0.06246146
0.0
0.0
0.0
0.0
0.0
0.0
0.0
0.0
0.5910301
0.03337457
0.034118828000000004
0.0
0.0
0.0
0.0
0.0
0.0
0.0
0.0
0.55547046
0.13887552
0.37590863
0.0
0.0
0.0
0.0
0.0
0.0
0.0
0.0
0.39379759999999997
0.30501855
0.122403885
---weights per flow per tunnel---
1.0,0.0,0.0,0.0
0.5,0.5,0.0,0.0
0.5,0.5,0.0,0.0
0.5,0.5,0.0,0.0
0.5,0.5,0.0,0.0
0.5,0.5,0.0,0.0
0.4834764265063232,0.5165235734936768,0.0,0.0
0.0,0.0,0.0,0.0
1.0,0.0,0.0,0.0
1.0,0.0,0.0,0.0
0.0,0.0,0.0,0.0
1.0,0.0,0.0,0.0
0.5,0.5,0.0,0.0
0.5,0.5,0.0,0.0
0.5,0.5,0.0,0.0
0.6084902439181943,0.3915097560818057,0.0,0.0
0.5,0.5,0.0,0.0
0.5,0.5,0.0,0.0
0.0,0.0,0.0,0.0
0.0,0.0,0.0,0.0
1.0,0.0,0.0,0.0
0.0,0.0,0.0,0.0
1.0,0.0,0.0,0.0
0.5134706162948943,0.48652938370510573,0.0,0.0
0.5,0.5,0.0,0.0
0.5,0.5,0.0,0.0
0.5,0.0,0.5,0.0
0.3333333333333333,0.3333333333333333,0.3333333333333333,0.0
0.710967705299897,0.14451614735005158,0.14451614735005158,0.0
0.0,1.0,0.0,0.0
0.6069978577071884,0.3930021422928116,0.0,0.0
1.0,0.0,0.0,0.0
1.0,0.0,0.0,0.0
0.5,0.5,0.0,0.0
0.5,0.5,0.0,0.0
0.35170618461254016,0.35170618461254016,0.2965876307749197,0.0
0.38099481502666366,0.23801036994667257,0.38099481502666366,0.0
0.26369507261393055,0.26369507261393055,0.0,0.47260985477213885
0.23487275849589626,0.5302544830082074,0.23487275849589626,0.0
0.3333333333333333,0.3333333333333333,0.3333333333333333,0.0
0.18949520985618873,0.8105047901438113,0.0,0.0
1.0,0.0,0.0,0.0
1.0,0.0,0.0,0.0
1.0,0.0,0.0,0.0
0.8946200598345837,0.10537994016541638,0.0,0.0
0.5,0.5,0.0,0.0
0.4358491546892505,0.5641508453107494,0.0,0.0
0.950807528258853,0.04919247174114705,0.0,0.0
1.0,0.0,0.0,0.0
0.5,0.5,0.0,0.0
0.3879573053297486,0.3879573053297486,0.22408538934050273,0.0
0.0,1.0,0.0,0.0
0.5,0.5,0.0,0.0
0.9704101139261284,0.02958988607387162,0.0,0.0
0.0,1.0,0.0,0.0
0.5,0.5,0.0,0.0
0.5,0.5,0.0,0.0
0.4702928094098444,0.0594143811803111,0.4702928094098444,0.0
0.19999999999999998,0.19999999999999998,0.19999999999999998,0.39999999999999997
1.0,0.0,0.0,0.0
0.5,0.5,0.0,0.0
0.5,0.5,0.0,0.0
0.5,0.5,0.0,0.0
0.5,0.5,0.0,0.0
1.0,0.0,0.0,0.0
1.0,0.0,0.0,0.0
0.5,0.5,0.0,0.0
0.5,0.5,0.0,0.0
0.495193850083614,0.3735478836535375,0.13125826626284842,0.0
0.7695918316358729,0.23040816836412711,0.0,0.0
0.5,0.5,0.0,0.0
0.18655951282899869,0.7993804363405274,0.014060050830474001,0.0
0.14778147387096693,0.14778147387096693,0.7044370522580662,0.0
0.5,0.5,0.0,0.0
0.5,0.5,0.0,0.0
0.5,0.5,0.0,0.0
0.5,0.5,0.0,0.0
0.5,0.5,0.0,0.0
0.5,0.5,0.0,0.0
0.8290662967630005,0.0854668516184998,0.0854668516184998,0.0
0.9990465217943395,0.00047673910283033816,0.00047673910283033816,0.0
0.42091995344099836,0.42091995344099836,0.15816009311800336,0.0
0.3333333333333333,0.3333333333333333,0.3333333333333333,0.0
0.6225686010384901,0.0,0.3774313989615098,0.0
0.5,0.5,0.0,0.0
0.5,0.5,0.0,0.0
0.5,0.5,0.0,0.0
0.5,0.5,0.0,0.0
0.0,0.0,0.0,0.0
0.0,0.0,0.0,0.0
0.0,1.0,0.0,0.0
0.0,1.0,0.0,0.0
0.0,1.0,0.0,0.0
0.8696031554196015,0.1303968445803985,0.0,0.0
0.5,0.5,0.0,0.0
0.5296140370329612,0.47038596296703883,0.0,0.0
0.20599464846686935,0.7940053515331306,0.0,0.0
0.5,0.5,0.0,0.0
0.9395441893842827,0.06045581061571732,0.0,0.0
0.0,0.0,0.0,0.0
0.0,0.0,0.0,0.0
1.0,0.0,0.0,0.0
1.0,0.0,0.0,0.0
1.0,0.0,0.0,0.0
1.0,0.0,0.0,0.0
0.4999999999999999,0.5,0.0,0.0
1.0,0.0,0.0,0.0
0.6978124953583001,0.30218750464169997,0.0,0.0
0.012070047065236112,0.012070047065236112,0.9758599058695278,0.0
0.4969488674511727,0.5030511325488272,0.0,0.0
0.0,0.0,0.0,0.0
0.0,0.0,0.0,0.0
1.0,0.0,0.0,0.0
1.0,0.0,0.0,0.0
0.8342072100512478,0.16579278994875227,0.0,0.0
1.0,0.0,0.0,0.0
1.0,0.0,0.0,0.0
0.5,0.5,0.0,0.0
0.5,0.5,0.0,0.0
0.03851676132271366,0.5933454309653504,0.3681378077119358,0.0
0.5,0.5,0.0,0.0
0.0,0.0,0.0,0.0
0.0,0.0,0.0,0.0
0.0,0.0,0.0,0.0
0.6330905814347887,0.3669094185652113,0.0,0.0
0.0,1.0,0.0,0.0
1.0,0.0,0.0,0.0
0.5785149963767255,0.4214850036232744,0.0,0.0
0.5,0.5,0.0,0.0
0.5,0.5,0.0,0.0
0.5,0.5,0.0,0.0
0.06789531922509431,0.9321046807749057,0.0,0.0
