---flow_allocation with alpha---
0.1480455896309371
0.20774316095257309
0.060934690064004836
0.22730639559740265
0.22704688400587683
0.0465283392341734
0.08270233091888148
0.19313585257600818
0.23064333421752284
0.19545642429040608
0.024498453290592415
0.07429528320543091
0.06036648180835691
0.23880864132140164
0.17291334456590138
0.21364549967587762
0.22716787619668435
0.23336620293492205
0.18601701822519498
0.12650946721128462
0.08312094439731206
0.1376259761797548
0.18107770095881143
0.11606260004566524
0.018613561332424373
0.23782045446388086
0.07341450637304038
0.06856953295026799
0.01754370677754221
0.022783508840483722
0.06934901843581427
0.026777219724717208
0.025677029364197586
0.04176774750417742
0.057173258996343984
0.05379109659933064
0.2421731424338804
0.017141596666440728
0.10893197525369275
0.2091300451125896
0.07430270687672183
0.20108153732037418
0.012263054208163714
0.08213432580660295
0.15185183006301758
0.14793672916214942
0.00016849277420758713
0.2421741500249926
0.2359038942825219
0.02994295317598454
0.2061442601207936
0.042347304973586325
0.03371045579266965
0.009618375373641958
0.09225626921575356
0.045647390136205605
0.11995196674449929
0.06086139593632962
0.05875397037082845
0.08660898105558307
0.23462165333494453
0.0435852712300923
0.07189130894929706
0.22215696308119365
0.06819414838084321
0.2298070498458957
0.05768778864806481
0.17844098940723707
0.19799154790581686
0.11705730374247598
0.20057273631167008
0.041524924546733545
0.10209373065041313
0.2229853573643538
0.07706103955097533
0.08278993446549639
0.08589104801096138
0.2326062273385718
0.20702400092200027
0.11992541996898765
0.19702058760602018
0.014274982075715575
0.17625546740480835
0.0645289674541719
0.022578654191351948
0.09233712840250477
0.08834696196378036
0.11683938778726603
0.011331576041067824
0.024218874384464944
0.1630330198803009
0.20270037870529276
0.06157857816305806
0.2204896354368695
0.062157450633025385
0.14775865368454388
0.22442496941732865
0.035848377240783366
0.02391470863005369
0.16168674814269243
0.16227497820882725
0.045887512911983584
0.0795239985158447
0.22756591531466325
0.11258202281191815
0.17476306245299686
0.08264397189172369
0.12888574896330351
0.21837991841416166
0.1574004149228698
0.011172254759324162
0.05984172998228846
0.2348609887270228
0.10492972584735716
0.20912464149896387
0.19986876327939274
0.1518962778322397
0.050905386531883
0.2294898130345245
0.22328844727148073
0.13113085697884116
0.0921801351437743
0.06217051681454441
0.10834964447100498
0.15512702122457858
0.12199440268326583
0.24359307395722896
0.05255554206090603
0.13263835954586553
0.1669591149003203
0.09821851085582325
0.22072546051152472
---flow_allocation with ell_k_beta---
0.1480455896309371
0.20774316095257309
0.060934690064004836
0.22730639559740265
0.22704688400587683
0.0465283392341734
0.08270233091888148
0.19313585257600818
0.23064333421752284
0.19545642429040608
0.024498453290592415
0.07429528320543091
0.06036648180835691
0.23880864132140164
0.17291334456590138
0.21364549967587762
0.22716787619668435
0.23336620293492205
0.18601701822519498
0.12650946721128462
0.08312094439731206
0.1376259761797548
0.18107770095881143
0.11606260004566524
0.018613561332424373
0.23782045446388086
0.07341450637304038
0.06856953295026799
0.01754370677754221
0.022783508840483722
0.06934901843581427
0.026777219724717208
0.025677029364197586
0.04176774750417742
0.057173258996343984
0.05379109659933064
0.2421731424338804
0.017141596666440728
0.10893197525369275
0.2091300451125896
0.07430270687672183
0.20108153732037418
0.012263054208163714
0.08213432580660295
0.15185183006301758
0.14793672916214942
0.00016849277420758713
0.2421741500249926
0.2359038942825219
0.02994295317598454
0.2061442601207936
0.042347304973586325
0.03371045579266965
0.009618375373641958
0.09225626921575356
0.045647390136205605
0.11995196674449929
0.06086139593632962
0.05875397037082845
0.08660898105558307
0.23462165333494453
0.0435852712300923
0.07189130894929706
0.22215696308119365
0.06819414838084321
0.2298070498458957
0.05768778864806481
0.17844098940723707
0.19799154790581686
0.11705730374247598
0.20057273631167008
0.041524924546733545
0.10209373065041313
0.2229853573643538
0.07706103955097533
0.08278993446549639
0.08589104801096138
0.2326062273385718
0.20702400092200027
0.11992541996898765
0.19702058760602018
0.014274982075715575
0.17625546740480835
0.0645289674541719
0.022578654191351948
0.09233712840250477
0.08834696196378036
0.11683938778726603
0.011331576041067824
0.024218874384464944
0.1630330198803009
0.20270037870529276
0.06157857816305806
0.2204896354368695
0.062157450633025385
0.14775865368454388
0.22442496941732865
0.035848377240783366
0.02391470863005369
0.16168674814269243
0.16227497820882725
0.045887512911983584
0.0795239985158447
0.22756591531466325
0.11258202281191815
0.17476306245299686
0.08264397189172369
0.12888574896330351
0.21837991841416166
0.1574004149228698
0.011172254759324162
0.05984172998228846
0.2348609887270228
0.10492972584735716
0.20912464149896387
0.19986876327939274
0.1518962778322397
0.050905386531883
0.2294898130345245
0.22328844727148073
0.13113085697884116
0.0921801351437743
0.06217051681454441
0.10834964447100498
0.15512702122457858
0.12199440268326583
0.24359307395722896
0.05255554206090603
0.13263835954586553
0.1669591149003203
0.09821851085582325
0.22072546051152472
---flow_allocation with per_flow_loss---
0.18219348
0.25566077000000004
0.07498976
0.27973642
0.27941705
0.05726047
0.10177828
0.0
0.0
0.0
0.0
0.09143208
0.07429049
0.29389175
0.21279718
0.26292453
0.27956595
0.28719396999999997
0.0
0.0
0.0
0.0
0.22284471
0.14283336
0.022906927
0.29267563
0.090348145
0.08438564
0.021590302000000002
0.0
0.0
0.0
0.0
0.05140181
0.070360725
0.06619844000000001
0.2980323
0.021095442
0.13405799999999998
0.25736755
0.0
0.0
0.0
0.0
0.18687766
0.18205950999999998
0.00020735697
0.29803354000000004
0.290317
0.036849533000000004
0.25369307
0.0
0.0
0.0
0.0
0.05617632299999999
0.14761984
0.07489955999999999
0.07230604
0.10658603
0.28873899999999997
0.053638559999999995
0.08847361
0.0
0.0
0.0
0.070993935
0.21959982
0.24365987
0.1440575
0.24683643
0.051102978
0.12564246
0.2744187
0.0
0.0
0.0
0.2862587
0.25477573000000003
0.14758717
0.24246494999999998
0.017567620000000003
0.21691019
0.07941308600000001
0.0277866
0.11363542
0.0
0.0
0.0
0.0
0.0
0.0
0.0
0.27134732
0.07649456
0.18184036
0.27619036999999996
0.04411709
0.029430826
0.0
0.0
0.0
0.0
0.0
0.0
0.0
0.10170646000000001
0.15861427
0.26875098000000003
0.19370607
0.0
0.0
0.0
0.0
0.0
0.0
0.0
0.0
0.28242345999999996
0.27479169999999997
0.16137723
0.0
0.0
0.0
0.0
0.0
0.0
0.0
0.0
0.20546956
0.12087339
0.27163754
---weights per flow per tunnel---
1.0,0.0,0.0,0.0
0.5,0.5,0.0,0.0
0.5,0.5,0.0,0.0
0.5,0.5,0.0,0.0
0.5,0.5,0.0,0.0
0.5,0.5,0.0,0.0
0.5,0.5,0.0,0.0
0.5,0.5,0.0,0.0
0.5,0.5,0.0,0.0
0.5,0.5,0.0,0.0
0.5,0.5,0.0,0.0
0.5,0.5,0.0,0.0
0.5,0.5,0.0,0.0
0.5,0.5,0.0,0.0
0.5,0.5,0.0,0.0
0.5,0.5,0.0,0.0
0.5,0.5,0.0,0.0
0.5,0.5,0.0,0.0
0.5,0.5,0.0,0.0
0.5,0.5,0.0,0.0
0.5,0.5,0.0,0.0
0.5,0.5,0.0,0.0
0.8083615191269956,0.1916384808730044,0.0,0.0
0.5,0.5,0.0,0.0
0.3333333333333333,0.3333333333333333,0.3333333333333333,0.0
0.11574956785669738,0.7685008642866052,0.11574956785669738,0.0
0.17473371110069133,0.6505325777986174,0.17473371110069133,0.0
0.3333333333333333,0.3333333333333333,0.3333333333333333,0.0
0.33333333333333337,0.33333333333333337,0.33333333333333337,0.0
0.09458101535568916,0.9054189846443107,0.0,0.0
0.5,0.5,0.0,0.0
0.5,0.5,0.0,0.0
0.5,0.5,0.0,0.0
0.5,0.5,0.0,0.0
0.5,0.5,0.0,0.0
0.33333333333333337,0.33333333333333337,0.33333333333333337,0.0
0.3333333333333333,0.3333333333333333,0.3333333333333333,0.0
0.023941279501990802,0.023941279501990802,0.023941279501990802,0.9281761614940275
0.1092692033895031,0.7814615932209937,0.1092692033895031,0.0
0.13093533629125836,0.13093533629125836,0.6558212463857661,0.08230808103171713
0.5,0.5,0.0,0.0
0.5,0.5,0.0,0.0
0.5,0.5,0.0,0.0
0.5,0.5,0.0,0.0
0.7943487397911423,0.20565126020885782,0.0,0.0
0.7796376030124934,0.22036239698750656,0.0,0.0
0.0001114174226370908,0.9997771651547257,0.0001114174226370908,0.0
0.25841927573806267,0.566289804124326,0.1752909201376114,0.0
1.0,0.0,0.0,0.0
0.45258658212539943,0.45258658212539943,0.09482683574920114,0.0
0.3333333333333333,0.3333333333333333,0.3333333333333333,0.0
0.5,0.5,0.0,0.0
0.5,0.5,0.0,0.0
0.5,0.5,0.0,0.0
0.5,0.5,0.0,0.0
0.5,0.5,0.0,0.0
0.7246904537699704,0.2753095462300296,0.0,0.0
0.3333333333333333,0.3333333333333333,0.3333333333333333,0.0
0.25,0.25,0.25,0.25
0.5,0.5,0.0,0.0
0.3333333333333333,0.3333333333333333,0.3333333333333333,0.0
0.028376263786824323,0.9432474724263513,0.028376263786824323,0.0
0.5,0.5,0.0,0.0
0.5,0.5,0.0,0.0
0.5,0.5,0.0,0.0
0.5,0.5,0.0,0.0
0.5,0.5,0.0,0.0
0.5,0.5,0.0,0.0
0.3333333333333333,0.3333333333333333,0.3333333333333333,0.0
0.3333333333333333,0.3333333333333333,0.3333333333333333,0.0
0.3702172475047436,0.3702172475047436,0.2595655049905128,0.0
0.20109524891233216,0.5978095021753358,0.20109524891233216,0.0
0.0764158528857738,0.0764158528857738,0.8471682942284524,0.0
0.5,0.5,0.0,0.0
0.5,0.5,0.0,0.0
0.5,0.5,0.0,0.0
0.13059744070871152,0.8694025592912884,0.0,0.0
0.5,0.5,0.0,0.0
0.27301227099053393,0.7269877290094661,0.0,0.0
0.3333333333333333,0.3333333333333333,0.3333333333333333,0.0
0.6343323570618253,0.1379884674546739,0.22767917548350078,0.0
0.33333333333333337,0.33333333333333337,0.33333333333333337,0.0
0.3333333333333333,0.3333333333333333,0.3333333333333333,0.0
0.5886784172024242,0.3689314240849564,0.04239015871261938,0.0
0.03108402348738018,0.9689159765126198,0.0,0.0
0.5,0.5,0.0,0.0
0.5,0.5,0.0,0.0
0.5,0.5,0.0,0.0
0.5,0.5,0.0,0.0
0.5,0.5,0.0,0.0
0.5,0.5,0.0,0.0
0.5,0.5,0.0,0.0
0.5,0.5,0.0,0.0
0.5,0.5,0.0,0.0
0.5,0.5,0.0,0.0
0.5,0.5,0.0,0.0
0.5,0.5,0.0,0.0
0.021156265389941416,0.9788437346100587,0.0,0.0
0.9911911837893803,0.008808816210619672,0.0,0.0
0.5,0.5,0.0,0.0
0.5,0.5,0.0,0.0
0.5,0.5,0.0,0.0
0.5,0.5,0.0,0.0
0.5,0.5,0.0,0.0
0.5,0.5,0.0,0.0
0.5,0.5,0.0,0.0
0.5,0.5,0.0,0.0
0.5,0.5,0.0,0.0
0.33333333333333337,0.33333333333333337,0.33333333333333337,0.0
0.9153467452434305,0.08465325475656955,0.0,0.0
0.5,0.5,0.0,0.0
0.5,0.5,0.0,0.0
0.5,0.5,0.0,0.0
0.5,0.5,0.0,0.0
0.5,0.5,0.0,0.0
0.5,0.5,0.0,0.0
0.5,0.5,0.0,0.0
0.5,0.5,0.0,0.0
0.8113681940597056,0.18863180594029438,0.0,0.0
0.12130688834570885,0.6859659926111304,0.12130688834570885,0.07142023069745183
0.5,0.5,0.0,0.0
0.5,0.5,0.0,0.0
0.5,0.5,0.0,0.0
0.5,0.5,0.0,0.0
0.5,0.5,0.0,0.0
0.5,0.5,0.0,0.0
0.5,0.5,0.0,0.0
0.5,0.5,0.0,0.0
0.5,0.5,0.0,0.0
0.06368334917765843,0.9363166508223415,0.0,0.0
0.15726288238833083,0.8427371176116691,0.0,0.0
0.8827190467294302,0.11728095327056982,0.0,0.0
