---flow_allocation with alpha---
0.13613910486758452
0.12548489059865195
0.05695400206705102
0.1372337134496303
0.02283111261813303
0.5268359733682356
0.30743903411887896
0.08533426342418282
0.394916734746412
0.37124487523227506
0.4094820111416941
0.13606562548469187
0.3005172521800361
0.21286037554437603
0.16672209056023798
0.5572775272185744
0.17483748429652962
0.2849251993103628
0.24389048656846038
0.15721182909797235
0.03107948579953875
0.32165938234888264
0.2850943213170005
0.44149652556022767
0.5469890619706751
0.1277597797054535
0.4601690559783267
0.3484202643869284
0.19059897393900144
0.41991111205867776
0.4819627243265655
0.08316236765676405
0.3588532628496092
0.1527821526903749
0.5291420058093007
0.5414030365243717
0.1020186511532815
0.24018676276380216
0.4174474188023597
0.19588019464770137
0.5356397977295323
0.5393620927376782
0.3017440347761374
0.015813988009180824
0.01273975116278457
0.12339161230880964
0.1920912062447766
0.03591255078052253
0.4245747985911811
0.24447147083868995
0.4618000075827366
0.16914709535226116
0.00861707406097936
0.42712858903211703
0.08742958306515625
0.4816899887060518
0.44209777521651644
0.4375582269031397
0.5058316274573696
0.06261316898551557
0.39083051450939976
0.08669056303762929
0.06016922730578832
0.35297738405834095
0.23945589425405733
0.25779704070962106
0.2998396717297508
0.33956003207804897
0.2211943188323808
0.35720539719296984
0.5145061199578864
0.2354605025700954
0.07010342694282706
0.3379159621309959
0.38082682005875107
0.10520922835006168
0.2320827191249562
0.22959935298358744
0.025243793389177708
0.09703692674346119
0.0009332554671483266
0.43920374107140125
0.055501821903673296
0.31721967045545224
0.48472951888008736
0.13035861873869825
0.08347900852779674
0.17976029744200583
0.0
0.0
0.46186414581691576
0.15179193537977897
0.5475588813000242
0.5070659736991587
0.3350774656976071
0.5574694790296991
0.5448354504140681
0.30041765646362445
0.05782574694941493
0.16574301504594915
0.38025324922594744
0.2972708095444091
0.1130765400624936
0.04477772676969239
0.10790409513270707
0.5141787631506437
0.5382257498658404
0.5471655161772939
0.03089760372821152
0.03158662500265944
0.16359620336420125
0.2691308443775711
0.3397239048960637
0.20842828284360293
0.15099877094367853
0.26561205495021717
0.4597816714126519
0.04578204838164108
0.514245012169666
0.12856857135565533
0.34800975376626236
0.08195926311366482
0.3010333113006845
0.15999211230726768
0.5178601107843995
0.3466666187846004
0.3178430740947652
0.5186751977578177
0.38848696009040035
0.3645710549655246
0.2823809351747056
0.11331941455795759
---flow_allocation with ell_k_beta---
0.13613910486758452
0.12548489059865195
0.05695400206705102
0.1372337134496303
0.02283111261813303
0.5268359733682356
0.30743903411887896
0.08533426342418282
0.394916734746412
0.37124487523227506
0.4094820111416941
0.13606562548469187
0.3005172521800361
0.21286037554437603
0.16672209056023798
0.5572775272185744
0.17483748429652962
0.2849251993103628
0.24389048656846038
0.15721182909797235
0.03107948579953875
0.32165938234888264
0.2850943213170005
0.44149652556022767
0.5469890619706751
0.1277597797054535
0.4601690559783267
0.3484202643869284
0.19059897393900144
0.41991111205867776
0.4819627243265655
0.08316236765676405
0.3588532628496092
0.1527821526903749
0.5291420058093007
0.5414030365243717
0.1020186511532815
0.24018676276380216
0.4174474188023597
0.19588019464770137
0.5356397977295323
0.5393620927376782
0.3017440347761374
0.015813988009180824
0.01273975116278457
0.12339161230880964
0.1920912062447766
0.03591255078052253
0.4245747985911811
0.24447147083868995
0.4618000075827366
0.16914709535226116
0.00861707406097936
0.42712858903211703
0.08742958306515625
0.4816899887060518
0.44209777521651644
0.4375582269031397
0.5058316274573696
0.06261316898551557
0.39083051450939976
0.08669056303762929
0.06016922730578832
0.35297738405834095
0.23945589425405733
0.25779704070962106
0.2998396717297508
0.33956003207804897
0.2211943188323808
0.35720539719296984
0.5145061199578864
0.2354605025700954
0.07010342694282706
0.3379159621309959
0.38082682005875107
0.10520922835006168
0.2320827191249562
0.22959935298358744
0.025243793389177708
0.09703692674346119
0.0009332554671483266
0.43920374107140125
0.055501821903673296
0.31721967045545224
0.48472951888008736
0.13035861873869825
0.08347900852779674
0.17976029744200583
0.0
0.0
0.46186414581691576
0.15179193537977897
0.5475588813000242
0.5070659736991587
0.3350774656976071
0.5574694790296991
0.5448354504140681
0.30041765646362445
0.05782574694941493
0.16574301504594915
0.38025324922594744
0.2972708095444091
0.1130765400624936
0.04477772676969239
0.10790409513270707
0.5141787631506437
0.5382257498658404
0.5471655161772939
0.03089760372821152
0.03158662500265944
0.16359620336420125
0.2691308443775711
0.3397239048960637
0.20842828284360293
0.15099877094367853
0.26561205495021717
0.4597816714126519
0.04578204838164108
0.514245012169666
0.12856857135565533
0.34800975376626236
0.08195926311366482
0.3010333113006845
0.15999211230726768
0.5178601107843995
0.3466666187846004
0.3178430740947652
0.5186751977578177
0.38848696009040035
0.3645710549655246
0.2823809351747056
0.11331941455795759
---flow_allocation with per_flow_loss---
0.14705296
0.13554463
0.06151983
0.14823532
0.024661413
0.5690708
0.33208548000000004
0.09217525
0.426576
0.40100644
0.44230893
0.14697359000000002
0.3246088
0.22992474000000002
0.18008769000000002
0.60195276
0.18885367
0.30776677999999996
0.26344244
0.16981502
0.033571033
0.34744583
0.30794946
0.47688995
0.5908395000000001
0.13800189000000002
0.4970594
0.37635205
0.20587871000000002
0.4535741
0.5206002
0.08982924
0.38762143
0.16503023
0.5715617
0.58480566
0.11019717400000001
0.2594418
0.4509129
0.21158331000000002
0.5785804000000001
0.5826011
0.32593393
0.017081747
0.013761058
0.13328353999999998
0.20749056999999999
0.03879155
0.45861166
0.26406999999999997
0.4988211
0.18270709999999998
0.0093078785
0.46137018
0.094438545
0.5203056
0.4775394
0.47263593
0.5463826
0.067632675
0.4221622
0.09364028
0.06499281000000001
0.3812745
0.25865234
0.27846384
0.32387689999999997
0.36678152
0.23892679
0.38584145999999997
0.5557525000000001
0.25433665
0.07572340400000001
0.36500565
0.41135654
0.11364352999999999
0.25068808000000004
0.24800563
0.027267510999999998
0.10481608
0.0010080717
0.47441336
0.059951233
0.34265019999999996
0.5235888
0.14080906999999998
0.090171265
0.19417113
0.0
0.0
0.49889037999999997
0.16396063
0.5914550000000001
0.5477159
0.3619396
0.6021601000000001
0.58851324
0.32450122
0.06246146
0.17903012499999704
0.4107369877500019
0.3211021
0.12214154
0.04836742
0.116554436
0.5553989
0.58137366
0.5910301
0.03337457
0.034118828000000004
0.17671121
0.29070624
0.36695853
0.22513734
0.16310388
0.28690536
0.49664096
0.049452255
0.55547046
0.13887552
0.37590863
0.0885296862500009
0.32516623
0.17281818999999998
0.5593753699999999
0.37445782000000005
0.34332358
0.5602558
0.41963077
0.39379759999999997
0.30501855
0.122403885
---weights per flow per tunnel---
1.0,0.0,0.0,0.0
1.0,0.0,0.0,0.0
0.5,0.5,0.0,0.0
1.0,0.0,0.0,0.0
1.0,0.0,0.0,0.0
0.1313331596078149,0.8686668403921851,0.0,0.0
0.5,0.5,0.0,0.0
0.5,0.5,0.0,0.0
0.5,0.5,0.0,0.0
1.0,0.0,0.0,0.0
0.690646046885107,0.309353953114893,0.0,0.0
0.9056462126020298,0.09435378739797019,0.0,0.0
0.5,0.5,0.0,0.0
0.5,0.5,0.0,0.0
1.0,0.0,0.0,0.0
0.6930811171374367,0.30691888286256325,0.0,0.0
0.0,1.0,0.0,0.0
0.5,0.5,0.0,0.0
0.5,0.5,0.0,0.0
1.0,0.0,0.0,0.0
1.0,0.0,0.0,0.0
0.0,1.0,0.0,0.0
1.0,0.0,0.0,0.0
0.5,0.5,0.0,0.0
0.6256463922468511,0.3275415889843279,0.04681201876882085,0.0
0.5,0.5,0.0,0.0
1.0,0.0,0.0,0.0
0.0,1.0,0.0,0.0
0.5,0.0,0.5,0.0
0.0,1.0,0.0,0.0
0.0,1.0,0.0,0.0
1.0,0.0,0.0,0.0
0.0,1.0,0.0,0.0
0.5,0.5,0.0,0.0
0.3329819078661607,0.6670180921338393,0.0,0.0
0.6687050749642861,0.3312949250357139,0.0,0.0
0.3333333333333333,0.3333333333333333,0.3333333333333333,0.0
0.33333333333333337,0.33333333333333337,0.0,0.33333333333333337
0.08713100208279569,0.773264333472395,0.13960466444480935,0.0
0.5,0.0,0.5,0.0
1.0,0.0,0.0,0.0
1.0,0.0,0.0,0.0
1.0,0.0,0.0,0.0
0.0,1.0,0.0,0.0
0.5,0.5,0.0,0.0
1.0,0.0,0.0,0.0
0.5,0.5,0.0,0.0
0.9089014337258878,0.09109856627411211,0.0,0.0
0.5,0.5,0.0,0.0
0.33333333333333337,0.33333333333333337,0.33333333333333337,0.0
0.6635544313321284,0.3364455686678716,0.0,0.0
0.47208495569915104,0.5279150443008489,0.0,0.0
0.0,1.0,0.0,0.0
0.5589856842286604,0.44101431577133965,0.0,0.0
0.0,1.0,0.0,0.0
1.0,0.0,0.0,0.0
0.7047146627510134,0.2952853372489867,0.0,0.0
1.0,0.0,0.0,0.0
0.0,0.2614500235730276,0.0,0.7385499764269725
0.5,0.5,0.0,0.0
1.0,0.0,0.0,0.0
0.5,0.5,0.0,0.0
1.0,0.0,0.0,0.0
0.0,1.0,0.0,0.0
1.0,0.0,0.0,0.0
1.0,0.0,0.0,0.0
0.5,0.5,0.0,0.0
0.5,0.5,0.0,0.0
1.0,0.0,0.0,0.0
0.5,0.0,0.5,0.0
0.4083239525167351,0.591676047483265,0.0,0.0
1.0,0.0,0.0,0.0
0.9776790057624222,0.022320994237577777,0.0,0.0
1.0,0.0,0.0,0.0
1.0,0.0,0.0,0.0
1.0,0.0,0.0,0.0
0.0,1.0,0.0,0.0
0.5,0.5,0.0,0.0
0.5,0.5,0.0,0.0
0.5,0.5,0.0,0.0
0.9995132155498693,0.0,0.00048678445013085087,0.0
0.5,0.5,0.0,0.0
0.9649328980793942,0.03506710192060572,0.0,0.0
0.856714556353102,0.0,0.14328544364689802,0.0
1.0,0.0,0.0,0.0
1.0,0.0,0.0,0.0
0.0,1.0,0.0,0.0
1.0,0.0,0.0,0.0
0.0,0.0,0.0,0.0
0.0,0.0,0.0,0.0
0.0,1.0,0.0,0.0
1.0,0.0,0.0,0.0
0.0,1.0,0.0,0.0
1.0,0.0,0.0,0.0
1.0,0.0,0.0,0.0
1.0,0.0,0.0,0.0
0.5,0.5,0.0,0.0
0.1862055026790238,0.8137944973209762,0.0,0.0
0.6984855455246358,0.3015144544753641,0.0,0.0
0.31184051706380655,0.6881594829361934,0.0,0.0
1.0,0.0,0.0,0.0
0.0,1.0,0.0,0.0
1.0,0.0,0.0,0.0
0.0,1.0,0.0,0.0
0.0,1.0,0.0,0.0
1.0,0.0,0.0,0.0
1.0,0.0,0.0,0.0
0.18978670519945712,0.8102132948005429,0.0,0.0
0.5,0.0,0.5,0.0
1.0,0.0,0.0,0.0
1.0,0.0,0.0,0.0
1.0,0.0,0.0,0.0
1.0,0.0,0.0,0.0
1.0,0.0,0.0,0.0
1.0,0.0,0.0,0.0
1.0,0.0,0.0,0.0
1.0,0.0,0.0,0.0
0.8675324006963895,0.13246759930361052,0.0,0.0
0.42345566728627454,0.5765443327137254,0.0,0.0
0.5,0.0,0.5,0.0
0.3546511917158165,0.6453488082841835,0.0,0.0
0.545593077824782,0.454406922175218,0.0,0.0
1.0,0.0,0.0,0.0
0.0,1.0,0.0,0.0
1.0,0.0,0.0,0.0
0.0,1.0,0.0,0.0
1.0,0.0,0.0,0.0
0.0,1.0,0.0,0.0
1.0,0.0,0.0,0.0
0.15559007203308534,0.8444099279669146,0.0,0.0
1.0,0.0,0.0,0.0
0.9642839349246225,0.03571606507537744,0.0,0.0
