---flow allocation with alpha---
0.2502188602337348
0.12871791525256754
0.093585055510497
0.07865558721750587
0.2274256575714625
0.06544511973564249
0.2854673967768809
0.21495514547356695
0.28985312033712257
0.17510869686264152
0.0918650856666213
0.2503748250657117
0.1710116956208486
0.13441518508482975
0.06042640025301247
0.25242903605815864
0.2765748205629012
0.00564549777448851
0.04967569089028406
0.013660741402723763
0.12742125055489084
0.007690611032645448
0.24208352378375828
0.19681601922609918
0.2730105104659925
0.05971532501136091
0.13382994863359138
0.09310102760812163
0.046545377930496575
0.14309730320689307
0.23949403096703967
0.09939618075779214
0.12329276563687817
0.0674024175652032
0.18645068133272244
0.06424630756933224
0.013640966213002688
0.09474324147325307
0.03976686729090284
0.08179518805953999
0.012657419727609377
0.03107190651850213
0.018493920778385287
0.06552344329071057
0.02475749631498802
0.19476801795371063
0.16300927486677225
0.25600184002374604
0.2427212659889938
0.28775745847447676
0.2461566650661547
0.2945700355592062
0.2662959737863255
0.11459676463748678
0.17501301971091338
0.00843586415819881
0.23259940251758918
0.05886756572299031
0.29187827023521973
0.03622274669465538
0.06903307225398385
0.008427618480560726
0.2525291628500561
0.11397956394889036
0.26170662480384965
0.14815680116965194
0.028730320954173178
0.19573854380315975
0.023471283327664426
0.12478220852286535
0.07922766262193254
0.14327719721489127
0.2546298676382271
0.2597432754636588
0.28516258653719795
0.1584242964197515
0.1259493392511705
0.2776986612364043
0.25759034178798995
0.176427145020969
0.038889538660394185
0.2511743166351441
0.15972032827971525
0.2234007503885007
0.20182259613511178
0.20352542398743767
0.15239430227181125
0.28287292036317274
0.021854616329958047
0.07997048555178723
0.11440838664889924
0.08265552697507353
0.022229574652504754
0.28312588735083927
0.29439165442886556
0.09912280475388263
0.01162291497418888
0.10139977462129157
0.2968340124773209
0.005009469175122601
0.26423896446461653
0.16013448101049058
0.22946965416769874
0.2831018988462824
0.22028450916854622
0.0036472948972563414
0.07048606764294023
0.28736046157857614
0.08544535248030104
0.12803942423147094
0.18804934805273082
0.10416720953718743
0.04947317590047434
0.21812328927407343
0.1755565976420783
0.12068270559448839
0.00024100314126257493
0.2495617274854506
0.01651205005819212
0.0998796143860027
0.10775469731533333
0.20668550899519314
0.20114721986213366
0.1527384374425011
0.09304800767348269
0.1937362255031755
0.034218766206865675
0.04783697794885173
0.054670963735648906
0.10174695532347505
0.23533528849587612
0.040998687876797515
---weights per flow tunnel---
0.5,0.5,0.0,0.0
0.5,0.5,0.0,0.0
0.5,0.5,0.0,0.0
0.5,0.5,0.0,0.0
0.5,0.5,0.0,0.0
0.5,0.5,0.0,0.0
0.5,0.5,0.0,0.0
0.5,0.5,0.0,0.0
0.5,0.5,0.0,0.0
0.5,0.5,0.0,0.0
0.5,0.5,0.0,0.0
0.7111149102634329,0.28888508973656707,0.0,0.0
0.5,0.5,0.0,0.0
0.5,0.5,0.0,0.0
0.9353889205563262,0.06461107944367384,0.0,0.0
0.17995262944561644,0.8200473705543835,0.0,0.0
0.40666372340068224,0.5933362765993178,0.0,0.0
0.5,0.5,0.0,0.0
0.5,0.5,0.0,0.0
0.5,0.5,0.0,0.0
0.5,0.5,0.0,0.0
0.5,0.5,0.0,0.0
0.7725596834584817,0.22744031654151825,0.0,0.0
0.5,0.5,0.0,0.0
0.4267344529357841,0.5732655470642158,0.0,0.0
0.722248159809119,0.0,0.277751840190881,0.0
0.3333333333333333,0.3333333333333333,0.3333333333333333,0.0
0.5,0.5,0.0,0.0
0.9191159978286322,0.025320121256382985,0.05556388091498486,0.0
0.5,0.5,0.0,0.0
0.5,0.5,0.0,0.0
0.5,0.5,0.0,0.0
0.5,0.5,0.0,0.0
0.5,0.5,0.0,0.0
0.5,0.5,0.0,0.0
0.5,0.0,0.5,0.0
0.011896652300041548,0.9881033476999586,0.0,0.0
0.0,0.0,0.5,0.5
0.016591930887777946,0.9668161382244441,0.016591930887777946,0.0
0.5,0.0,0.5,0.0
0.5,0.5,0.0,0.0
0.5,0.5,0.0,0.0
0.5,0.5,0.0,0.0
0.5,0.5,0.0,0.0
0.5,0.5,0.0,0.0
0.5,0.5,0.0,0.0
0.5,0.0,0.5,0.0
0.5,0.5,0.0,0.0
0.3333333333333333,0.3333333333333333,0.3333333333333333,0.0
0.12065098161661901,0.8793490183833811,0.0,0.0
0.3333333333333333,0.3333333333333333,0.3333333333333333,0.0
0.5,0.5,0.0,0.0
0.5,0.5,0.0,0.0
0.5,0.5,0.0,0.0
0.5,0.5,0.0,0.0
0.5,0.5,0.0,0.0
0.5,0.5,0.0,0.0
0.9554209636926745,0.02228951815366273,0.02228951815366273,0.0
0.4416853291246066,0.5583146708753933,0.0,0.0
0.33333333333333337,0.33333333333333337,0.33333333333333337,0.0
0.33333333333333337,0.33333333333333337,0.33333333333333337,0.0
0.33333333333333337,0.33333333333333337,0.33333333333333337,0.0
0.5,0.5,0.0,0.0
0.5,0.5,0.0,0.0
0.5,0.5,0.0,0.0
0.5,0.5,0.0,0.0
0.10573020121006976,0.8942697987899302,0.0,0.0
0.5,0.5,0.0,0.0
0.0304228394126298,0.9391543211747403,0.0304228394126298,0.0
0.12249025565456446,0.12249025565456446,0.755019488690871,0.0
0.5,0.5,0.0,0.0
0.3333333333333333,0.3333333333333333,0.3333333333333333,0.0
0.6062738320179397,0.08777486739449082,0.30595130058756936,0.0
0.5,0.5,0.0,0.0
0.5,0.5,0.0,0.0
0.5,0.5,0.0,0.0
0.5,0.5,0.0,0.0
0.5,0.5,0.0,0.0
0.7640242031612923,0.2359757968387078,0.0,0.0
0.3333333333333333,0.3333333333333333,0.3333333333333333,0.0
0.5,0.5,0.0,0.0
0.10787004784966384,0.5256668249039702,0.366463127246366,0.0
0.3287136564699662,0.3425726870600676,0.3287136564699662,0.0
0.0,0.5,0.5,0.0
0.5,0.5,0.0,0.0
0.5,0.5,0.0,0.0
0.5,0.5,0.0,0.0
0.5,0.5,0.0,0.0
0.5,0.5,0.0,0.0
0.5,0.5,0.0,0.0
0.5,0.5,0.0,0.0
0.5,0.5,0.0,0.0
0.5,0.5,0.0,0.0
0.5,0.5,0.0,0.0
0.5067775318435929,0.49322246815640713,0.0,0.0
0.5,0.5,0.0,0.0
0.5,0.5,0.0,0.0
0.5,0.5,0.0,0.0
0.4990116712787023,0.5009883287212978,0.0,0.0
0.5,0.5,0.0,0.0
0.5,0.5,0.0,0.0
0.5,0.5,0.0,0.0
0.6388620982444769,0.36113790175552307,0.0,0.0
0.28398815150058043,0.7160118484994197,0.0,0.0
0.6893948602902203,0.3106051397097797,0.0,0.0
0.5,0.5,0.0,0.0
0.5,0.5,0.0,0.0
0.6487315680887192,0.35126843191128077,0.0,0.0
0.5,0.0,0.5,0.0
0.5,0.5,0.0,0.0
0.5,0.5,0.0,0.0
0.5,0.5,0.0,0.0
0.5,0.5000000000000001,0.0,0.0
0.5,0.5,0.0,0.0
0.5,0.5,0.0,0.0
0.5,0.5,0.0,0.0
0.5,0.5,0.0,0.0
0.5,0.5,0.0,0.0
0.9897833329389799,0.010216667061020123,0.0,0.0
0.5,0.0,0.5,0.0
0.5,0.5,0.0,0.0
0.5,0.5,0.0,0.0
0.5,0.5,0.0,0.0
0.5,0.5,0.0,0.0
0.5,0.5,0.0,0.0
0.5,0.5,0.0,0.0
0.5,0.5,0.0,0.0
0.5,0.5,0.0,0.0
0.5,0.5,0.0,0.0
0.5,0.5,0.0,0.0
0.6300766309301227,0.3699233690698774,0.0,0.0
0.9752182741285848,0.024781725871415156,0.0,0.0
