---flow_allocation with alpha---
0.019238250000000002
0.0072766886
0.0017154030000000001
0.00018690728
0.015000234000000001
0.023419386
0.010148172
0.013171849999999999
0.030101202
0.014012577
0.029179478
0.016347326
0.02554789
0.021924437999999997
0.016769998999999997
0.0014045981
0.033828673999999996
0.01038995
0.0068615084
0.035528343
0.023850965
0.02445109
0.016315287
0.0075472455
0.015888891
0.034174877
0.0043040104
0.031051922000000003
0.018947638000000003
0.021230463
0.010786775
0.01853443
0.026805575999999998
0.011458032
0.032960079999999996
0.0073030457
0.02029051
0.003266783
0.034054466
0.010963965999999999
0.021497847
0.025577322
0.024571653000000002
0.008627608
0.018000656
0.034195232
0.011694972
0.02005149
0.031713896
0.010668986
0.0027449355
0.017619204
0.036577724000000006
0.015328796
0.007420251
0.009729248999999999
0.008873607
0.033436348000000005
0.0027337587
0.02216414
0.035075764
0.034100807000000004
0.0033658776
0.023770716
0.006756982
0.025559181
0.016469288
0.033517006
0.037376606
0.026034332
0.011543697
0.020619156
0.0050357223
0.0061829686
0.025930364999999997
0.025179625
0.007321047
0.009860806
0.0019851443
0.028803903999999998
0.007693559
0.0079685817
0.023140861999999998
0.015445024500000001
0.0011990427
0.0042107944000000005
0.029562214
0.018105074
0.03617677
0.034183525000000006
0.028240873
0.011632357000000001
0.030112354
0.021421917000000002
0.037088209999999996
0.019779558000000003
0.005608839
0.0129293
0.009026588
0.036561794
0.026295095
0.010234946
0.006730432000000001
0.008784960999999999
0.014232007
0.0049306164
0.03202153
0.024282177000000002
0.031208511
0.023056189
0.025068899999999998
0.030339516
0.03588833
0.014317064000000001
0.0063599486
0.029462578
0.002547243
0.036854687
0.033171031999999996
0.011077080999999999
0.007200517
0.015513712
0.026243177
0.0027030869000000003
0.013780489
0.014647704
0.035075626
0.010161196
0.023213785
0.0014345775
0.032944443
0.028220376999999998
---flow_allocation with ell_k_beta---
0.019238250000000002
0.0072766886
0.0017154030000000001
0.00018690728
0.015000234000000001
0.023419386
0.010148172
0.013171849999999999
0.030101202
0.014012577
0.029179478
0.016347326
0.02554789
0.021924437999999997
0.016769998999999997
0.0014045981
0.033828673999999996
0.01038995
0.0068615084
0.035528343
0.023850965
0.02445109
0.016315287
0.0075472455
0.015888891
0.034174877
0.0043040104
0.031051922000000003
0.018947638000000003
0.021230463
0.010786775
0.01853443
0.026805575999999998
0.011458032
0.032960079999999996
0.0073030457
0.02029051
0.003266783
0.034054466
0.010963965999999999
0.021497847
0.025577322
0.024571653000000002
0.008627608
0.018000656
0.034195232
0.011694972
0.02005149
0.031713896
0.010668986
0.0027449355
0.017619204
0.036577724000000006
0.015328796
0.007420251
0.009729248999999999
0.008873607
0.033436348000000005
0.0027337587
0.02216414
0.035075764
0.034100807000000004
0.0033658776
0.023770716
0.006756982
0.025559181
0.016469288
0.033517006
0.037376606
0.026034332
0.011543697
0.020619156
0.0050357223
0.0061829686
0.025930364999999997
0.025179625
0.007321047
0.009860806
0.0019851443
0.028803903999999998
0.007693559
0.0079685817
0.023140861999999998
0.015445024500000001
0.0011990427
0.0042107944000000005
0.029562214
0.018105074
0.03617677
0.034183525000000006
0.028240873
0.011632357000000001
0.030112354
0.021421917000000002
0.037088209999999996
0.019779558000000003
0.005608839
0.0129293
0.009026588
0.036561794
0.026295095
0.010234946
0.006730432000000001
0.008784960999999999
0.014232007
0.0049306164
0.03202153
0.024282177000000002
0.031208511
0.023056189
0.025068899999999998
0.030339516
0.03588833
0.014317064000000001
0.0063599486
0.029462578
0.002547243
0.036854687
0.033171031999999996
0.011077080999999999
0.007200517
0.015513712
0.026243177
0.0027030869000000003
0.013780489
0.014647704
0.035075626
0.010161196
0.023213785
0.0014345775
0.032944443
0.028220376999999998
---flow_allocation with per_flow_loss---
0.019238250000000002
0.0072766886
0.0017154030000000001
0.00018690728
0.015000234000000001
0.023419386
0.010148172
0.013171849999999999
0.030101202
0.014012577
0.029179478
0.016347326
0.02554789
0.021924437999999997
0.016769998999999997
0.0014045981
0.033828673999999996
0.01038995
0.0068615084
0.035528343
0.023850965
0.02445109
0.016315287
0.0075472455
0.015888891
0.034174877
0.0043040104
0.031051922000000003
0.018947638000000003
0.021230463
0.010786775
0.01853443
0.026805575999999998
0.011458032
0.032960079999999996
0.0073030457
0.02029051
0.003266783
0.034054466
0.010963965999999999
0.021497847
0.025577322
0.024571653000000002
0.008627608
0.018000656
0.034195232
0.011694972
0.02005149
0.031713896
0.010668986
0.0027449355
0.017619204
0.036577724000000006
0.015328796
0.007420251
0.009729248999999999
0.008873607
0.033436348000000005
0.0027337587
0.02216414
0.035075764
0.034100807000000004
0.0033658776
0.023770716
0.006756982
0.025559181
0.016469288
0.033517006
0.037376606
0.026034332
0.011543697
0.020619156
0.0050357223
0.0061829686
0.025930364999999997
0.025179625
0.007321047
0.009860806
0.0019851443
0.028803903999999998
0.007693559
0.0079685817
0.023140861999999998
0.015445024500000001
0.0011990427
0.0042107944000000005
0.029562214
0.018105074
0.03617677
0.034183525000000006
0.028240873
0.011632357000000001
0.030112354
0.021421917000000002
0.037088209999999996
0.019779558000000003
0.005608839
0.0129293
0.009026588
0.036561794
0.026295095
0.010234946
0.006730432000000001
0.008784960999999999
0.014232007
0.0049306164
0.03202153
0.024282177000000002
0.031208511
0.023056189
0.025068899999999998
0.030339516
0.03588833
0.014317064000000001
0.0063599486
0.029462578
0.002547243
0.036854687
0.033171031999999996
0.011077080999999999
0.007200517
0.015513712
0.026243177
0.0027030869000000003
0.013780489
0.014647704
0.035075626
0.010161196
0.023213785
0.0014345775
0.032944443
0.028220376999999998
---weights per flow per tunnel---
0.5,0.5,0.0,0.0
1.0,0.0,0.0,0.0
0.5,0.5,0.0,0.0
0.9999596986630926,4.030133690744463e-5,0.0,0.0
1.0,0.0,0.0,0.0
0.5,0.5,0.0,0.0
0.5,0.5,0.0,0.0
0.5,0.5,0.0,0.0
0.5,0.5,0.0,0.0
0.5,0.5,0.0,0.0
0.5,0.5,0.0,0.0
0.5,0.5,0.0,0.0
0.5,0.5,0.0,0.0
0.5,0.5,0.0,0.0
1.0,0.0,0.0,0.0
0.801808083901573,0.19819191609842704,0.0,0.0
0.2752526605410597,0.7247473394589402,0.0,0.0
0.5,0.5,0.0,0.0
0.5,0.5,0.0,0.0
0.5,0.5,0.0,0.0
0.5,0.5,0.0,0.0
0.5,0.5,0.0,0.0
1.0,0.0,0.0,0.0
0.5,0.5,0.0,0.0
0.9965003182278941,0.0034996817721058017,0.0,0.0
0.5,0.5,0.0,0.0
1.0,0.0,0.0,0.0
0.0,1.0,0.0,0.0
0.5,0.5,0.0,0.0
0.5,0.5,0.0,0.0
0.5,0.5,0.0,0.0
0.5,0.5,0.0,0.0
0.1834572674806513,0.8165427325193487,0.0,0.0
0.5,0.5,0.0,0.0
0.5,0.5,0.0,0.0
0.9983710909719357,0.0016289090280643757,0.0,0.0
0.9955462318322971,0.004453768167703039,0.0,0.0
0.5,0.0,0.5,0.0
0.49285997673529136,0.5071400232647086,0.0,0.0
0.0,0.0,0.5,0.5
0.5,0.5,0.0,0.0
0.5,0.5,0.0,0.0
0.5,0.5,0.0,0.0
0.5,0.5,0.0,0.0
0.9960851965500398,0.003914803449960195,0.0,0.0
1.0,0.0,0.0,0.0
0.5,0.5,0.0,0.0
0.9956360333060964,0.00436396669390352,0.0,0.0
0.5,0.5,0.0,0.0
0.0,0.93193021454899,0.06806978545101,0.0
0.9994117227571957,0.0,0.0005882772428043102,0.0
0.5,0.5,0.0,0.0
0.5,0.5,0.0,0.0
0.5,0.5,0.0,0.0
0.5,0.5,0.0,0.0
1.0,0.0,0.0,0.0
0.5,0.5,0.0,0.0
1.0,0.0,0.0,0.0
0.5,0.0,0.5,0.0
0.5,0.5,0.0,0.0
1.0,0.0,0.0,0.0
0.5,0.0,0.5,0.0
0.5,0.5,0.0,0.0
0.5,0.5,0.0,0.0
1.0,0.0,0.0,0.0
0.8182784350251627,0.1817215649748374,0.0,0.0
0.5,0.5,0.0,0.0
0.5,0.5,0.0,0.0
1.0,0.0,0.0,0.0
0.9941784627652736,0.0,0.00582153723472643,0.0
0.0,0.9055243358696157,0.09447566413038434,0.0
1.0,0.0,0.0,0.0
0.9989622291432149,0.0,0.0,0.0010377708567852473
0.5,0.5,0.0,0.0
0.5,0.5,0.0,0.0
1.0,0.0,0.0,0.0
0.5,0.5,0.0,0.0
0.5,0.5,0.0,0.0
0.5,0.5,0.0,0.0
0.5,0.5,0.0,0.0
0.998359036892015,0.0,0.0016409631079850864,0.0
0.0,0.998313737205028,0.0016862627949719375,0.0
0.3333333333333333,0.3333333333333333,0.0,0.3333333333333333
0.9352808979684771,0.0,0.06471910203152277,0.0
0.5,0.5,0.0,0.0
1.0,0.0,0.0,0.0
0.5,0.5,0.0,0.0
1.0,0.0,0.0,0.0
0.5,0.5,0.0,0.0
0.5,0.5,0.0,0.0
0.5,0.5,0.0,0.0
0.5,0.5,0.0,0.0
0.5,0.5,0.0,0.0
0.5,0.5,0.0,0.0
0.5,0.5,0.0,0.0
0.5,0.5,0.0,0.0
0.9256918491254706,0.07430815087452929,0.0,0.0
0.5,0.5,0.0,0.0
0.503396072352794,0.49660392764720596,0.0,0.0
0.5,0.5,0.0,0.0
0.5,0.5,0.0,0.0
0.07690890723980122,0.9230910927601989,0.0,0.0
0.5,0.5,0.0,0.0
0.5,0.5,0.0,0.0
0.5,0.5,0.0,0.0
0.5,0.5,0.0,0.0
1.0,0.0,0.0,0.0
0.7861789135330857,0.21382108646691433,0.0,0.0
0.9932272708938403,0.0,0.006772729106159628,0.0
1.0,0.0,0.0,0.0
0.5,0.5,0.0,0.0
0.5,0.5,0.0,0.0
0.5,0.5,0.0,0.0
0.5,0.5,0.0,0.0
0.5,0.5,0.0,0.0
1.0,0.0,0.0,0.0
1.0,0.0,0.0,0.0
0.5,0.5,0.0,0.0
0.6519814346716265,0.3480185653283736,0.0,0.0
0.9975982024419019,0.0,0.002401797558098162,0.0
0.5,0.5,0.0,0.0
0.5,0.5,0.0,0.0
0.5,0.5,0.0,0.0
0.5,0.5,0.0,0.0
0.5,0.5,0.0,0.0
0.5,0.5,0.0,0.0
0.5,0.5,0.0,0.0
0.5,0.5,0.0,0.0
1.0,0.0,0.0,0.0
0.5018746645069188,0.49812533549308124,0.0,0.0
1.0,0.0,0.0,0.0
0.5,0.5,0.0,0.0
