---flow_allocation with alpha---
0.10557460358382091
0.09731235998354387
0.04416729635903999
0.10642346230991093
0.017705314475083583
0.40855637398341266
0.23841609789386686
0.0
0.0
0.28789693140185185
0.0
0.10551762100906385
0.233048320685417
0.16507123202153218
0.12929142318574227
0.43216351451332147
0.1355848351886268
0.22095682939513095
0.0
0.12191630429661952
0.02410185079494061
0.0
0.2210879819308072
0.3423764297186413
0.4241849058608746
0.09907651522667792
0.35685680256019237
0.27019665899080403
0.14780772311280524
0.32563714326721704
0.3737575886990501
0.06449163895263249
0.04295538913555245
0.11848113163853885
0.4103446805912289
0.41985299532953807
0.0791145105892961
0.18626258994088216
0.3237265721705369
0.1519032604185777
0.415383657502498
0.4182702624958926
0.23399967912422048
0.0
0.009879557971794429
0.09568904223178054
0.1489649353207922
0.027849847521953776
0.3292537885903014
0.18958534101169797
0.3581215902879173
0.1311719917399114
0.0066824604063996365
0.3312342292116806
0.014480051493423324
0.3735460847740983
0.3428426932083222
0.3393223159140797
0.3922677000183974
0.048555927418519114
0.3030854116304338
0.06722772149896196
0.04666067348490362
0.2737306627089963
0.1856958082416543
0.19991919591709362
0.23252286337831488
0.26332563163550926
0.1715341271593909
0.27700944738346434
0.398994687888074
0.18259741932829507
0.054364552466795085
0.2620506707556575
0.2953276400700276
0.08158877338896176
0.17997797983249833
0.17805215259730753
0.01957632586615377
0.07525122986446556
0.0007237308933568452
0.34059839677398207
0.04304114421318878
0.24600088997132016
0.3759032120191833
0.10109189061040652
0.06473719098906043
0.13940243077849337
0.0
0.0
0.3581713288891415
0.11771322736790564
0.42462679542573506
0.3932249239937482
0.2598494432977527
0.4323123713490294
0.42251480022455895
0.23297108513807716
0.04484332636872244
0.14244203983629383
0.0
0.2305307347599968
0.08768980010070797
0.03472470865511426
0.08367861739495637
0.3987408257432573
0.41738903921808224
0.42432174444911563
0.02396080294834243
0.02449513250766642
0.0
0.2087084547454407
0.26345271347446286
0.16163418555067444
0.11709813575995406
0.20597966642815912
0.35655638944968027
0.03550355067963967
0.39879220123840176
0.09970372559312639
0.2698783118407627
0.0
0.0
0.0
0.0
0.0
0.24648433366780392
0.4022277687612439
0.30126800707937657
0.2827214461528695
0.2189837763344706
0.08787814700224057
---flow_allocation with ell_k_beta---
0.10557460358382091
0.09731235998354387
0.04416729635903999
0.10642346230991093
0.017705314475083583
0.40855637398341266
0.23841609789386686
0.0
0.0
0.28789693140185185
0.0
0.10551762100906385
0.233048320685417
0.16507123202153218
0.12929142318574227
0.43216351451332147
0.1355848351886268
0.22095682939513095
0.0
0.12191630429661952
0.02410185079494061
0.0
0.2210879819308072
0.3423764297186413
0.4241849058608746
0.09907651522667792
0.35685680256019237
0.27019665899080403
0.14780772311280524
0.32563714326721704
0.3737575886990501
0.06449163895263249
0.04295538913555245
0.11848113163853885
0.4103446805912289
0.41985299532953807
0.0791145105892961
0.18626258994088216
0.3237265721705369
0.1519032604185777
0.415383657502498
0.4182702624958926
0.23399967912422048
0.0
0.009879557971794429
0.09568904223178054
0.1489649353207922
0.027849847521953776
0.3292537885903014
0.18958534101169797
0.3581215902879173
0.1311719917399114
0.0066824604063996365
0.3312342292116806
0.014480051493423324
0.3735460847740983
0.3428426932083222
0.3393223159140797
0.3922677000183974
0.048555927418519114
0.3030854116304338
0.06722772149896196
0.04666067348490362
0.2737306627089963
0.1856958082416543
0.19991919591709362
0.23252286337831488
0.26332563163550926
0.1715341271593909
0.27700944738346434
0.398994687888074
0.18259741932829507
0.054364552466795085
0.2620506707556575
0.2953276400700276
0.08158877338896176
0.17997797983249833
0.17805215259730753
0.01957632586615377
0.07525122986446556
0.0007237308933568452
0.34059839677398207
0.04304114421318878
0.24600088997132016
0.3759032120191833
0.10109189061040652
0.06473719098906043
0.13940243077849337
0.0
0.0
0.3581713288891415
0.11771322736790564
0.42462679542573506
0.3932249239937482
0.2598494432977527
0.4323123713490294
0.42251480022455895
0.23297108513807716
0.04484332636872244
0.14244203983629383
0.0
0.2305307347599968
0.08768980010070797
0.03472470865511426
0.08367861739495637
0.3987408257432573
0.41738903921808224
0.42432174444911563
0.02396080294834243
0.02449513250766642
0.0
0.2087084547454407
0.26345271347446286
0.16163418555067444
0.11709813575995406
0.20597966642815912
0.35655638944968027
0.03550355067963967
0.39879220123840176
0.09970372559312639
0.2698783118407627
0.0
0.0
0.0
0.0
0.0
0.24648433366780392
0.4022277687612439
0.30126800707937657
0.2827214461528695
0.2189837763344706
0.08787814700224057
---flow_allocation with per_flow_loss---
0.14705296
0.13554463
0.06151983
0.14823532
0.024661413
0.5690708
0.33208548000000004
0.0
0.0
0.0
0.0
0.14697359000000002
0.3246088
0.22992474000000002
0.18008769000000002
0.60195276
0.18885367
0.0
0.0
0.0
0.0
0.0
0.30794946
0.47688995
0.5908395000000001
0.13800189000000002
0.4970594
0.37635205
0.20587871000000002
0.0
0.0
0.08982924
0.0
0.16503023
0.5715617
0.58480566
0.11019717400000001
0.2594418
0.4509129
0.21158331000000002
0.0
0.3595844763000038
0.0
0.0
0.013761058
0.13328353999999998
0.20749056999999999
0.03879155
0.45861166
0.26406999999999997
0.4988211
0.0
0.0
0.44492933329999573
0.0
0.5203056
0.4775394
0.47263593
0.5463826
0.067632675
0.4221622
0.09364028
0.06499281000000001
0.3812745
0.25865234
0.0
0.32387689999999997
0.36678152
0.23892679
0.38584145999999997
0.5557525000000001
0.25433665
0.07572340400000001
0.36500565
0.41135654
0.11364352999999999
0.0
0.24800563
0.0
0.10481608
0.0010080717
0.47441336
0.059951233
0.34265019999999996
0.2403192563000014
0.14080906999999998
0.090171265
0.0
0.0
0.0
0.0
0.0
0.0
0.13055249489999343
0.014644384899992258
0.0
0.58851324
0.32450122
0.0
0.0
0.0
0.0
0.0
0.0
0.116554436
0.5553989
0.58137366
0.5910301
0.03337457
0.034118828000000004
0.0
0.0
0.0
0.0
0.0
0.27435607650000193
0.49664096
0.049452255
0.55547046
0.13887552
0.37590863
0.0
0.0
0.0
0.0
0.0
0.0
0.0
0.0
0.0
0.30501855
0.122403885
---weights per flow per tunnel---
0.816239594620606,0.18376040537939403,0.0,0.0
0.5,0.5,0.0,0.0
0.5,0.5,0.0,0.0
0.5,0.5,0.0,0.0
0.5,0.5,0.0,0.0
0.5,0.5,0.0,0.0
0.5,0.5,0.0,0.0
0.0,0.0,0.0,0.0
0.0,0.0,0.0,0.0
1.0,0.0,0.0,0.0
0.0,0.0,0.0,0.0
0.6204406063778696,0.3795593936221305,0.0,0.0
0.6786619338507527,0.3213380661492473,0.0,0.0
0.5,0.5,0.0,0.0
1.0,0.0,0.0,0.0
0.5,0.5,0.0,0.0
0.5,0.5,0.0,0.0
0.5615586213643188,0.43844137863568117,0.0,0.0
0.0,0.0,0.0,0.0
0.0,1.0,0.0,0.0
1.0,0.0,0.0,0.0
0.0,0.0,0.0,0.0
0.5,0.5,0.0,0.0
0.5,0.5,0.0,0.0
0.5,0.5,0.0,0.0
0.5,0.5,0.0,0.0
0.5,0.2186335947977354,0.2813664052022646,0.0
0.0,0.5,0.5,0.0
0.5,0.5,0.0,0.0
0.0,1.0,0.0,0.0
0.0,1.0,0.0,0.0
0.5,0.5,0.0,0.0
0.0,1.0,0.0,0.0
0.5,0.5,0.0,0.0
0.5,0.5,0.0,0.0
0.5,0.4366550194640703,0.0633449805359297,0.0
0.5,0.5,0.0,0.0
0.29489218364637476,0.29489218364637476,0.0,0.4102156327072505
0.2339820769353302,0.7545369993211564,0.011480923743513343,0.0
0.5,0.0,0.5,0.0
0.0,1.0,0.0,0.0
0.38164931128759666,0.6183506887124034,0.0,0.0
1.0,0.0,0.0,0.0
0.0,0.0,0.0,0.0
0.5,0.5,0.0,0.0
1.0,0.0,0.0,0.0
0.2446214978283629,0.755378502171637,0.0,0.0
0.5834800320177413,0.4165199679822586,0.0,0.0
0.5,0.24160469764331446,0.25839530235668556,0.0
0.0,0.5,0.5,0.0
0.5,0.5,0.0,0.0
0.0,1.0,0.0,0.0
0.0,1.0,0.0,0.0
0.49092968358763633,0.5090703164123637,0.0,0.0
0.0,1.0,0.0,0.0
0.5,0.5,0.0,0.0
0.5,0.5,0.0,0.0
0.42152068686365624,0.35551037850735057,0.22296893462899325,0.0
0.2670659212086926,0.2670659212086926,0.06958355924407798,0.3962845983385369
0.5,0.5,0.0,0.0
0.5,0.5,0.0,0.0
0.5,0.5,0.0,0.0
0.5,0.5,0.0,0.0
0.5,0.5,0.0,0.0
0.5,0.5,0.0,0.0
1.0,0.0,0.0,0.0
0.5,0.5,0.0,0.0
0.5,0.5,0.0,0.0
0.5,0.5,0.0,0.0
0.2963355360237879,0.4073289279524241,0.2963355360237879,0.0
0.3449535294918824,0.3449535294918824,0.3100929410162352,0.0
0.15299546797026314,0.6940090640594738,0.15299546797026314,0.0
0.23002697455013132,0.655435492230721,0.11453753321914771,0.0
0.5,0.5,0.0,0.0
0.5,0.5,0.0,0.0
0.5,0.5,0.0,0.0
0.23664986620813208,0.7633501337918679,0.0,0.0
0.5,0.5,0.0,0.0
0.5,0.5,0.0,0.0
0.3333333333333333,0.3333333333333333,0.3333333333333333,0.0
0.9093664066482599,0.09023917541393502,0.00039441793780527104,0.0
0.584356889516675,0.415643110483325,0.0,0.0
0.2953510003987796,0.2953510003987796,0.4092979992024409,0.0
0.5,0.0,0.5,0.0
0.6854081400005246,0.31459185999947537,0.0,0.0
0.5,0.5,0.0,0.0
0.5,0.5,0.0,0.0
1.0,0.0,0.0,0.0
0.0,0.0,0.0,0.0
0.0,0.0,0.0,0.0
0.0,1.0,0.0,0.0
0.0,1.0,0.0,0.0
0.0,1.0,0.0,0.0
0.761641948134072,0.23835805186592804,0.0,0.0
0.038887434110829955,0.9611125658891699,0.0,0.0
1.0,0.0,0.0,0.0
0.7254942184472287,0.2745057815527712,0.0,0.0
0.5,0.5,0.0,0.0
0.8513715865370204,0.14862841346297959,0.0,0.0
0.0,1.0,0.0,0.0
0.0,0.0,0.0,0.0
0.0,1.0,0.0,0.0
0.0,1.0,0.0,0.0
0.0,1.0,0.0,0.0
0.5,0.5,0.0,0.0
0.5,0.5,0.0,0.0
0.5,0.5,0.0,0.0
0.5474191751265218,0.4525808248734782,0.0,0.0
0.009536723675817345,0.009536723675817345,0.9809265526483653,0.0
0.5,0.5,0.0,0.0
0.0,0.0,0.0,0.0
1.0,0.0,0.0,0.0
1.0,0.0,0.0,0.0
1.0,0.0,0.0,0.0
1.0,0.0,0.0,0.0
0.5111795347799546,0.4888204652200454,0.0,0.0
0.5,0.5,0.0,0.0
0.5000000000000014,0.4999999999999986,0.0,0.0
0.8032958381849767,0.19670416181502326,0.0,0.0
0.15608558915630885,0.15608558915630885,0.6878288216873822,0.0
0.5,0.5,0.0,0.0
0.0,0.0,0.0,0.0
0.0,0.0,0.0,0.0
0.0,0.0,0.0,0.0
0.0,0.0,0.0,0.0
0.0,0.0,0.0,0.0
1.0,0.0,0.0,0.0
0.7186379193218423,0.2813620806781577,0.0,0.0
1.0,0.0,0.0,0.0
0.5,0.5,0.0,0.0
0.9152623401854457,0.08473765981455436,0.0,0.0
0.5,0.5,0.0,0.0
