---flow_allocation with alpha---
0.10051132597095053
0.09264533328361346
0.042049066450668256
0.10131947407878196
0.016856181072092916
0.38896232132525305
0.22698184334745505
0.0
0.0
0.27408961375065427
0.17254585811238465
0.1004570762370974
0.22187150064737957
0.15715454140417198
0.12309070496061751
0.4114372813677014
0.12908228971508168
0.21035990807400143
0.0
0.0
0.022945944379797162
0.0848298010963775
0.2104847706339144
0.3259563168039616
0.4038413207120307
0.09432488098435596
0.3397422219880857
0.2572382329290445
0.1407189772398243
0.2880514771753105
0.35583245929046264
0.06139866904659891
0.264940902271236
0.11279886676603407
0.39066486210961426
0.39971716531185
0.07532023889210768
0.1773295779309043
0.3082008922255398
0.14461809569438572
0.3954621735244428
0.3982103391399556
0.22277723265973678
0.011675447001340919
0.009405741892874216
0.09109986861537653
0.14182069043131348
0.026514190037170458
0.31346302755373795
0.18049297239000767
0.34094635145928454
0.0
0.006361974692733162
0.31534848775064517
0.06454914869253417
0.3556310989327314
0.32640021865164853
0.32304867597233916
0.37345483976286825
0.04622722210564382
0.2885496660306165
0.06400353115701363
0.0444228631078086
0.260602748519385
0.17678997865047477
0.1903312234814084
0.22137124387269008
0.2506967348147274
0.1633074810114862
0.26372428517703733
0.37985920641563886
0.17384018611056556
0.05175726991876926
0.24948292008803274
0.2811639512881777
0.07767583793158256
0.17134637293878155
0.1695129069116388
0.018637460181267204
0.07164223816968544
0.0006890213106950736
0.32426355696569387
0.0409769237043811
0.23420287457125233
0.35787518014964687
0.09624360049900653
0.061632444594301
0.13271679632683225
0.0
0.0
0.3409937046350605
0.11206779059960716
0.0
0.37436615600510553
0.24738726182318727
0.411578999142895
0.4022513120705645
0.22179796925808992
0.0426926745757548
0.0
0.17317989307668077
0.21947465622627896
0.08348426404700555
0.033059338064285626
0.07966545461006898
0.3796175193060198
0.39737137865966493
0.4039715966257563
0.022811661080540682
0.02332036460098997
0.12078286646546313
0.0
0.25081772190543344
0.15388233306539845
0.11148219831689751
0.19610103844066049
0.3394562164616462
0.03380082741825508
0.37966643087152974
0.09492201081913114
0.2569351534659583
0.0
0.0
0.11812197067505244
0.3823354535277022
0.13210312195224216
0.23466313267610328
0.3829372311915085
0.28681942281822115
0.269162340834064
0.20848148113602522
0.08366357797453204
---flow_allocation with ell_k_beta---
0.10051132597095046
0.09264533328361339
0.04204906645066823
0.1013194740787819
0.016856181072092906
0.3889623213252528
0.2269818433474549
0.0
0.0
0.2740896137506541
0.17254585811238454
0.10045707623709733
0.2218715006473794
0.15715454140417187
0.12309070496061743
0.41143728136770114
0.1290822897150816
0.2103599080740013
0.0
0.0
0.022945944379797148
0.08482980109637744
0.21048477063391427
0.3259563168039614
0.40384132071203044
0.0943248809843559
0.33974222198808546
0.25723823292904435
0.1407189772398242
0.28805147717531027
0.3558324592904624
0.06139866904659887
0.26494090227123585
0.112798866766034
0.39066486210961404
0.3997171653118497
0.07532023889210762
0.17732957793090418
0.3082008922255396
0.14461809569438563
0.3954621735244426
0.39821033913995535
0.22277723265973665
0.011675447001340912
0.009405741892874209
0.09109986861537647
0.1418206904313134
0.02651419003717044
0.3134630275537378
0.18049297239000753
0.3409463514592843
0.0
0.006361974692733158
0.315348487750645
0.06454914869253413
0.3556310989327312
0.3264002186516483
0.32304867597233894
0.373454839762868
0.04622722210564379
0.2885496660306163
0.06400353115701359
0.04442286310780857
0.2606027485193848
0.17678997865047466
0.1903312234814083
0.22137124387268994
0.2506967348147272
0.1633074810114861
0.26372428517703717
0.37985920641563864
0.17384018611056543
0.05175726991876922
0.24948292008803258
0.2811639512881775
0.07767583793158252
0.17134637293878144
0.1695129069116387
0.01863746018126719
0.0716422381696854
0.0006890213106950731
0.32426355696569364
0.04097692370438107
0.23420287457125216
0.35787518014964664
0.09624360049900647
0.061632444594300964
0.13271679632683217
0.0
0.0
0.3409937046350603
0.11206779059960709
0.0
0.37436615600510526
0.24738726182318713
0.4115789991428947
0.40225131207056425
0.22179796925808976
0.04269267457575477
0.0
0.17317989307668066
0.21947465622627882
0.0834842640470055
0.033059338064285605
0.07966545461006894
0.3796175193060195
0.39737137865966465
0.4039715966257561
0.02281166108054067
0.023320364600989955
0.12078286646546306
0.0
0.2508177219054333
0.15388233306539836
0.11148219831689744
0.19610103844066035
0.339456216461646
0.03380082741825506
0.3796664308715295
0.09492201081913107
0.25693515346595813
0.0
0.0
0.11812197067505237
0.38233545352770193
0.13210312195224208
0.23466313267610314
0.3829372311915083
0.286819422818221
0.2691623408340638
0.20848148113602508
0.08366357797453199
---flow_allocation with per_flow_loss---
0.0
0.13554463
0.0
0.0
0.0
0.0
0.0
0.0
0.0
0.0
0.0
0.0
0.0
0.0
0.0
0.0
0.0
0.0
0.0
0.0
0.0
0.0
0.0
0.0
0.5715040357999808
0.013297584933332662
0.03543455999998735
0.13970246820000098
0.20587871000000002
0.0
0.0
0.0
0.0
0.0
0.0
0.58480566
0.0
0.2594418
0.4509129
0.21158331000000002
0.0
0.0
0.0
0.0
0.0
0.0
0.20749056999999999
0.0
0.19745998573335188
0.0
0.49882109999999535
0.0
0.0
0.0
0.0
0.0
0.0
0.2986639501333409
0.5463826
0.0
0.4221622
0.0
0.0
0.0
0.0
0.0
0.0
0.0
0.23892679
0.38584145999999997
0.0
0.25433665
0.07572340400000001
0.0
0.41135654
0.11364352999999894
0.0
0.0
0.0
0.10481607999999915
0.0010080717
0.47441336
0.059951233
0.0
0.0
0.14080906999999998
0.090171265
0.19417113
0.0
0.0
0.0
0.0
0.0
0.0
0.0
0.0
0.58851324
0.32450122
0.06246146
0.0
0.0
0.0
0.0
0.0
0.0
0.516842172166667
0.0
0.5910301
0.03337457
0.034118828000000004
0.0
0.0
0.0
0.0
0.0
0.0
0.49664096
0.049452255
0.55547046
0.13887552
0.37590863
0.0
0.0
0.0
0.0
0.0
0.0
0.0
0.28196046666667285
0.39379759999999997
0.30501855
0.122403885
---weights per flow per tunnel---
0.5969628721919484,0.40303712780805157,0.0,0.0
0.5,0.5,0.0,0.0
0.3906620306482226,0.6093379693517774,0.0,0.0
0.5,0.5,0.0,0.0
0.05838792331815316,0.9416120766818468,0.0,0.0
0.5,0.5,0.0,0.0
0.4953742655352634,0.5046257344647366,0.0,0.0
0.0,0.0,0.0,0.0
0.0,0.0,0.0,0.0
1.0,0.0,0.0,0.0
1.0,0.0,0.0,0.0
0.8449014204927405,0.15509857950725955,0.0,0.0
0.5,0.4999999999999999,0.0,0.0
0.5,0.5,0.0,0.0
1.0,0.0,0.0,0.0
0.5,0.5,0.0,0.0
0.5,0.5,0.0,0.0
0.5,0.5,0.0,0.0
0.0,0.0,0.0,0.0
0.0,0.0,0.0,0.0
1.0,0.0,0.0,0.0
1.0,0.0,0.0,0.0
1.0,0.0,0.0,0.0
0.5,0.5,0.0,0.0
0.5000000000000001,0.4836372955768705,0.01636270442312955,0.0
0.04596447353920017,0.4770177632303999,0.4770177632303999,0.0
0.9334554705559698,0.0,0.0665445294440301,0.0
0.18560078017377746,0.5000000000000001,0.3143992198262226,0.0
0.3333333333333333,0.3333333333333333,0.3333333333333333,0.0
0.0,1.0,0.0,0.0
0.0,1.0,0.0,0.0
0.0,1.0,0.0,0.0
0.0,1.0,0.0,0.0
0.5,0.5,0.0,0.0
0.5,0.5,0.0,0.0
0.5,0.5,0.0,0.0
0.5,0.5,0.0,0.0
0.12514357499165302,0.12514357499165302,0.05676289064066916,0.6929499593760249
0.33333333333333337,0.33333333333333337,0.33333333333333337,0.0
0.3333333333333333,0.3333333333333333,0.3333333333333333,0.0
0.4497384497758155,0.5502615502241844,0.0,0.0
1.0,0.0,0.0,0.0
0.5,0.5,0.0,0.0
0.0,1.0,0.0,0.0
0.5,0.5,0.0,0.0
1.0,0.0,0.0,0.0
0.33333333333333337,0.33333333333333337,0.33333333333333337,0.0
0.5,0.5,0.0,0.0
0.4999999999999987,0.28471983711300514,0.21528016288699617,0.0
0.5,0.5,0.0,0.0
0.33333333333333437,0.33333333333333126,0.33333333333333437,0.0
0.0,0.0,0.0,0.0
0.0,1.0,0.0,0.0
0.0,1.0,0.0,0.0
0.0,1.0,0.0,0.0
0.5,0.5,0.0,0.0
0.5,0.5,0.0,0.0
0.6127784305091446,0.2187226395923366,0.16849892989851875,0.0
0.3333333333333333,0.3333333333333333,0.0,0.3333333333333333
0.5,0.0,0.5,0.0
0.3030452428848844,0.6969547571151156,0.0,0.0
0.4999999999999934,0.5000000000000066,0.0,0.0
1.0,0.0,0.0,0.0
0.4373111162345316,0.5626888837654684,0.0,0.0
1.0,0.0,0.0,0.0
1.0,0.0,0.0,0.0
0.5000000000000037,0.4999999999999964,0.0,0.0
0.5,0.5,0.0,0.0
0.2663261885092485,0.5812724443773315,0.15240136711341998,0.0
0.4943080973424284,0.2528459513287858,0.2528459513287858,0.0
0.543280145785073,0.45671985421492695,0.0,0.0
0.3333333333333333,0.3333333333333333,0.3333333333333333,0.0
0.9048820766234248,0.04755896168828752,0.04755896168828752,0.0
0.565393667999034,0.43460633200096593,0.0,0.0
0.5000000000000048,0.4999999999999953,0.0,0.0
0.49999999999999767,0.5000000000000023,0.0,0.0
0.4999999999999958,0.5000000000000043,0.0,0.0
0.5,0.5,0.0,0.0
0.5000000000000583,0.4999999999999417,0.0,0.0
0.33333333333333426,0.33333333333333426,0.3333333333333315,0.0
0.7093923849555775,0.29020932356386875,0.0003982914805537644,0.0
0.29199966560463736,0.41600066879072534,0.29199966560463736,0.0
0.38447145338381594,0.3077642733080921,0.3077642733080921,0.0
0.5,0.0,0.5,0.0
0.5000000000000001,0.4999999999999999,0.0,0.0
0.5,0.5,0.0,0.0
0.5,0.5,0.0,0.0
0.5,0.5,0.0,0.0
0.0,0.0,0.0,0.0
0.0,0.0,0.0,0.0
0.35839751911030393,0.6416024808896961,0.0,0.0
1.0,0.0,0.0,0.0
0.0,0.0,0.0,0.0
1.0,0.0,0.0,0.0
1.0,0.0,0.0,0.0
1.0,0.0,0.0,0.0
0.5,0.5,0.0,0.0
0.8759867825110359,0.12401321748896407,0.0,0.0
0.21597447025046201,0.784025529749538,0.0,0.0
0.0,0.0,0.0,0.0
1.0,0.0,0.0,0.0
0.0,1.0,0.0,0.0
1.0,0.0,0.0,0.0
0.0,1.0,0.0,0.0
0.0,1.0,0.0,0.0
0.5179795051850701,0.48202049481492987,0.0,0.0
1.0,0.0,0.0,0.0
0.5073438559869495,0.49265614401305063,0.0,0.0
0.048590052435791446,0.048590052435791446,0.9028198951284171,0.0
0.5,0.5,0.0,0.0
0.0,1.0,0.0,0.0
0.0,0.0,0.0,0.0
0.4970643227723832,0.5029356772276168,0.0,0.0
0.6705193689048248,0.32948063109517534,0.0,0.0
0.8451092874063151,0.15489071259368503,0.0,0.0
1.0,0.0,0.0,0.0
0.4999999999999967,0.5000000000000033,0.0,0.0
0.5000000000000294,0.4999999999999705,0.0,0.0
0.6052690968452697,0.3947309031547303,0.0,0.0
0.04732804623387153,0.04732804623387153,0.9053439075322569,0.0
0.5,0.5,0.0,0.0
0.0,0.0,0.0,0.0
0.0,0.0,0.0,0.0
0.0,1.0,0.0,0.0
0.0,1.0,0.0,0.0
0.9354541666152911,0.06454583338470883,0.0,0.0
1.0,0.0,0.0,0.0
0.6101875252476144,0.3898124747523855,0.0,0.0
0.5981129011726344,0.40188709882736573,0.0,0.0
0.5,0.5,0.0,0.0
0.2676422999171164,0.7323577000828835,0.0,0.0
0.9358310681155322,0.06416893188446778,0.0,0.0
