---flow_allocation with alpha---
0.009318598372406811
0.003524672906551853
0.0008309046614854137
9.05339038217605e-5
0.007265793725423118
0.011343851559386473
0.004915558280098468
0.0063801634749307565
0.014580380854011598
0.006787393719565194
0.014133917388456865
0.00791829638645945
0.012374853542938064
0.010619730602457812
0.008123030181365967
0.0006803573905394564
0.016385888866039297
0.005032670391505887
0.003323568464309158
0.017209172313183935
0.011552899230924422
0.011843586993493298
0.007902777377544735
0.003655724903900023
0.007696240240767699
0.01655358222236445
0.002084770928138577
0.015040889364121126
0.00917783211195163
0.010283583899639676
0.005224883965980194
0.008977682961365403
0.012984049842632621
0.005550026553672249
0.015965160440393394
0.003537439724176188
0.009828290694907494
0.001582360076764063
0.016495257699675542
0.0053107115108039235
0.010413099011835828
0.012389109776602595
0.011901985141743399
0.004179029478594154
0.008719134209393
0.01656344175064121
0.005664795240967511
0.00971251449993276
0.01536153546441484
0.0051678294842218515
0.001329588267262442
0.008534366988551638
0.0177174701094302
0.007424942157241746
0.0035942114740919783
0.004712640905287153
0.004298186152460732
0.016195854511300546
0.0013241744634970934
0.010735837143700527
0.016989952689112856
0.016517704292644018
0.0016303593895016719
0.011514028325265787
0.00327293810339205
0.012380322662750045
0.007977372180499733
0.016234923527844232
0.018104431527695638
0.012610475682658169
0.00559152085432705
0.009987479814536255
0.002439196581220884
0.002994898243478612
0.012560116283181395
0.012196473823908819
0.0035461591703254587
0.004776364312877694
0.0009615615995723445
0.013951997345567397
0.003726596045659858
0.0038598111813710023
0.01120894046856084
0.0074812407660511384
0.0005807907347428309
0.0020396190839800767
0.014319306551538825
0.008769712063659887
0.017523256535336398
0.01655777112929334
0.013679277126201574
0.005634465869164554
0.014585782645185383
0.010376320137748174
0.017964738650422047
0.009580796433445149
0.0027168020987611576
0.0062626774231730725
0.004372286889149837
0.01770975395686578
0.012736783723534232
0.0049575897567227575
0.003260077849118018
0.004255247918924917
0.006893680935962591
0.0023882855228517315
0.015510546818966166
0.01176176913548239
0.015116737739131159
0.011167926671568558
0.012142840993231143
0.01469581507762974
0.017383542345400363
0.006934880734372624
0.0030806235843983194
0.014271044996177339
0.0012338302326835673
0.017851625085117534
0.016067341094239556
0.005365502006555606
0.003487777006572197
0.007514511527461593
0.012711635750600175
0.0013093176971301532
0.006674975237683779
0.00709503570511334
0.01698988584485335
0.00492186682818378
0.011244262815921491
0.0006948787731000185
0.015957586210785746
0.013669349300529234
---flow_allocation with ell_k_beta---
0.009318598372406811
0.003524672906551853
0.0008309046614854137
9.05339038217605e-5
0.007265793725423118
0.011343851559386473
0.004915558280098468
0.0063801634749307565
0.014580380854011598
0.006787393719565194
0.014133917388456865
0.00791829638645945
0.012374853542938064
0.010619730602457812
0.008123030181365967
0.0006803573905394564
0.016385888866039297
0.005032670391505887
0.003323568464309158
0.017209172313183935
0.011552899230924422
0.011843586993493298
0.007902777377544735
0.003655724903900023
0.007696240240767699
0.01655358222236445
0.002084770928138577
0.015040889364121126
0.00917783211195163
0.010283583899639676
0.005224883965980194
0.008977682961365403
0.012984049842632621
0.005550026553672249
0.015965160440393394
0.003537439724176188
0.009828290694907494
0.001582360076764063
0.016495257699675542
0.0053107115108039235
0.010413099011835828
0.012389109776602595
0.011901985141743399
0.004179029478594154
0.008719134209393
0.01656344175064121
0.005664795240967511
0.00971251449993276
0.01536153546441484
0.0051678294842218515
0.001329588267262442
0.008534366988551638
0.0177174701094302
0.007424942157241746
0.0035942114740919783
0.004712640905287153
0.004298186152460732
0.016195854511300546
0.0013241744634970934
0.010735837143700527
0.016989952689112856
0.016517704292644018
0.0016303593895016719
0.011514028325265787
0.00327293810339205
0.012380322662750045
0.007977372180499733
0.016234923527844232
0.018104431527695638
0.012610475682658169
0.00559152085432705
0.009987479814536255
0.002439196581220884
0.002994898243478612
0.012560116283181395
0.012196473823908819
0.0035461591703254587
0.004776364312877694
0.0009615615995723445
0.013951997345567397
0.003726596045659858
0.0038598111813710023
0.01120894046856084
0.0074812407660511384
0.0005807907347428309
0.0020396190839800767
0.014319306551538825
0.008769712063659887
0.017523256535336398
0.01655777112929334
0.013679277126201574
0.005634465869164554
0.014585782645185383
0.010376320137748174
0.017964738650422047
0.009580796433445149
0.0027168020987611576
0.0062626774231730725
0.004372286889149837
0.01770975395686578
0.012736783723534232
0.0049575897567227575
0.003260077849118018
0.004255247918924917
0.006893680935962591
0.0023882855228517315
0.015510546818966166
0.01176176913548239
0.015116737739131159
0.011167926671568558
0.012142840993231143
0.01469581507762974
0.017383542345400363
0.006934880734372624
0.0030806235843983194
0.014271044996177339
0.0012338302326835673
0.017851625085117534
0.016067341094239556
0.005365502006555606
0.003487777006572197
0.007514511527461593
0.012711635750600175
0.0013093176971301532
0.006674975237683779
0.00709503570511334
0.01698988584485335
0.00492186682818378
0.011244262815921491
0.0006948787731000185
0.015957586210785746
0.013669349300529234
---flow_allocation with per_flow_loss---
0.019238250000000002
0.0
0.0
0.0
0.0
0.0
0.0
0.0
0.0
0.0
0.0
0.016347326
0.0
0.0
0.0
0.0
0.0
0.0
0.0
0.0
0.0
0.0
0.0
0.0
0.015888891
0.034174877
0.0043040104
0.031051922000000003
0.018947638000000003
0.0
0.0
0.0
0.0
0.0
0.0
0.0073030457
0.02029051
0.003266783
0.034054466
0.010963965999999999
0.0
0.0
0.0
0.0
0.0
0.0
0.011694972
0.02005149
0.031713896
0.010668986
0.0027449355
0.0
0.0
0.0
0.0
0.0
0.0
0.033436348000000005
0.0027337587
0.02216414
0.035075764
0.034100807000000004
0.0
0.0
0.0
0.0
0.0
0.0
0.037376606
0.026034332
0.011543697
0.020619156
0.0050357223
0.0
0.0
0.0
0.0
0.0
0.0
0.028803903999999998
0.007693559
0.0079685817
0.023140861999999998
0.015445024500000001
0.0
0.0
0.0
0.0
0.0
0.0
0.0
0.0
0.0
0.0
0.0
0.0
0.005608839
0.0
0.0
0.0
0.0
0.0
0.0
0.0
0.0
0.0
0.0
0.024282177000000002
0.031208511
0.0
0.0
0.0
0.0
0.0
0.0
0.0
0.0
0.0
0.0
0.011077080999999999
0.0
0.0
0.0
0.0
0.0
0.0
0.0
0.0
0.0
0.0
0.0
0.0
---weights per flow per tunnel---
0.5,0.5,0.0,0.0
0.5,0.5,0.0,0.0
0.5,0.5,0.0,0.0
0.00024816906537730883,0.9997518309346226,0.0,0.0
0.5,0.5,0.0,0.0
0.5,0.5,0.0,0.0
0.14847793068613258,0.8515220693138674,0.0,0.0
0.5,0.5,0.0,0.0
0.5,0.5,0.0,0.0
0.5,0.5,0.0,0.0
0.5,0.5,0.0,0.0
0.5,0.5,0.0,0.0
0.5,0.5,0.0,0.0
0.5,0.5,0.0,0.0
0.5,0.5,0.0,0.0
0.002023381196185934,0.997976618803814,0.0,0.0
0.5,0.5,0.0,0.0
0.5,0.5,0.0,0.0
0.8685436904687783,0.13145630953122167,0.0,0.0
0.5,0.5,0.0,0.0
0.5,0.5,0.0,0.0
0.5,0.5,0.0,0.0
0.5,0.5,0.0,0.0
0.5,0.5,0.0,0.0
0.8450133537752799,0.07749332311236011,0.07749332311236011,0.0
0.3333333333333333,0.3333333333333333,0.3333333333333333,0.0
0.002763420252057804,0.002763420252057804,0.9944731594958844,0.0
0.33333333333333337,0.33333333333333337,0.33333333333333337,0.0
0.012323304542214555,0.012323304542214555,0.9753533909155709,0.0
0.057301289358535304,0.9426987106414647,0.0,0.0
0.00364695301132595,0.996353046988674,0.0,0.0
0.5,0.5,0.0,0.0
0.5,0.5,0.0,0.0
0.5,0.5,0.0,0.0
0.5,0.5,0.0,0.0
0.3333333333333333,0.3333333333333333,0.3333333333333333,0.0
0.00471294880089596,0.9905741023982082,0.00471294880089596,0.0
0.25,0.25,0.25,0.25
0.01952143579486827,0.01952143579486827,0.8881532708408706,0.07280385756939291
0.25,0.25,0.25,0.25
0.5,0.5,0.0,0.0
0.5,0.5,0.0,0.0
0.5,0.5,0.0,0.0
0.5,0.5,0.0,0.0
0.5,0.5,0.0,0.0
0.5,0.5,0.0,0.0
0.3333333333333333,0.3333333333333333,0.3333333333333333,0.0
0.983741196556619,0.008129401721690473,0.008129401721690473,0.0
0.3333333333333333,0.3333333333333333,0.3333333333333333,0.0
0.0035117540447185164,0.0035117540447185164,0.9929764919105629,0.0
0.9928070643279961,0.002642937614812978,0.004549998057190852,0.0
0.5,0.5,0.0,0.0
0.5,0.5,0.0,0.0
0.5,0.5,0.0,0.0
0.5,0.5,0.0,0.0
0.5,0.5,0.0,0.0
0.5,0.5,0.0,0.0
0.3333333333333333,0.3333333333333333,0.3333333333333333,0.0
0.0010524262202595309,0.0010524262202595309,0.0010524262202595309,0.9968427213392215
0.17664555278367042,0.7115027233037956,0.11185172391253397,0.0
0.25,0.25,0.25,0.25
0.25,0.25,0.25,0.25
0.5,0.5,0.0,0.0
0.5,0.5,0.0,0.0
0.5,0.5,0.0,0.0
0.5,0.5,0.0,0.0
0.5,0.5,0.0,0.0
0.5,0.5,0.0,0.0
0.33333333333333337,0.33333333333333337,0.33333333333333337,0.0
0.17706598693782236,0.17706598693782236,0.4688020391865329,0.17706598693782236
0.008272850718947447,0.008272850718947447,0.9834542985621051,0.0
0.25,0.25,0.25,0.25
0.25,0.25,0.25,0.25
0.5,0.5,0.0,0.0
0.5,0.5,0.0,0.0
0.5,0.5,0.0,0.0
0.0022232590457644283,0.9977767409542355,0.0,0.0
0.5,0.5,0.0,0.0
0.5,0.5,0.0,0.0
0.3333333333333333,0.3333333333333333,0.3333333333333333,0.0
0.009364502972175025,0.49953733709345005,0.48173365696219983,0.009364502972175025
0.3333333333333333,0.3333333333333333,0.3333333333333333,0.0
0.035269642136488207,0.035269642136488207,0.8941910735905354,0.035269642136488207
0.25,0.25,0.25,0.25
0.5,0.5,0.0,0.0
0.5,0.5,0.0,0.0
0.5,0.5,0.0,0.0
0.013829749708202966,0.9861702502917971,0.0,0.0
0.04655517503904789,0.9534448249609522,0.0,0.0
0.9526063727764464,0.04739362722355358,0.0,0.0
0.4599368249600723,0.5400631750399277,0.0,0.0
0.5,0.5,0.0,0.0
0.5,0.5,0.0,0.0
0.5,0.5,0.0,0.0
0.0,1.0,0.0,0.0
0.5,0.5,0.0,0.0
0.5,0.5,0.0,0.0
0.008875440648836672,0.9911245593511634,0.0,0.0
0.9850511045593646,0.014948895440635325,0.0,0.0
0.5,0.5,0.0,0.0
0.5,0.5,0.0,0.0
0.5,0.5,0.0,0.0
0.5,0.5,0.0,0.0
0.5,0.5,0.0,0.0
0.5,0.5,0.0,0.0
0.5,0.5,0.0,0.0
0.5,0.5,0.0,0.0
0.5,0.5,0.0,0.0
0.25,0.25,0.25,0.25
0.007712192123342357,0.9922878078766576,0.0,0.0
0.5,0.5,0.0,0.0
0.5,0.5,0.0,0.0
0.5,0.5,0.0,0.0
0.5,0.5,0.0,0.0
0.5,0.5,0.0,0.0
0.5,0.5,0.0,0.0
0.5,0.5,0.0,0.0
0.0,1.0,0.0,0.0
0.5,0.5,0.0,0.0
0.25,0.25,0.25,0.25
0.0047429634895568605,0.9952570365104432,0.0,0.0
0.5,0.5,0.0,0.0
0.5,0.5,0.0,0.0
0.0030543055572511417,0.9969456944427488,0.0,0.0
0.5,0.5,0.0,0.0
0.5,0.5,0.0,0.0
0.5,0.5,0.0,0.0
0.5,0.5,0.0,0.0
0.5,0.5,0.0,0.0
0.5495480623322354,0.4504519376677645,0.0,0.0
0.5,0.5,0.0,0.0
0.5,0.5,0.0,0.0
