---flow_allocation with alpha---
0.18219348
0.25566077000000004
0.07498976
0.27973642
0.27941705
0.05726047
0.10177828
0.23768417
0.28384305
0.24054
0.030149216
0.09143208
0.07429049
0.29389175
0.21279718
0.26292453
0.27956595
0.28719396999999997
0.22892331999999999
0.15568987999999997
0.10229345000000001
0.16937049999999998
0.22284471
0.14283336
0.022906927
0.29267563
0.090348145
0.08438564
0.021590302000000002
0.028038706
0.08534492
0.032953598
0.03159964
0.05140181
0.070360725
0.06619844000000001
0.2980323
0.021095442
0.13405799999999998
0.25736755
0.09144121599999999
0.24746259
0.015091625000000001
0.10107926
0.18687766
0.18205950999999998
0.00020735697
0.29803354000000004
0.290317
0.036849533000000004
0.25369307
0.052115047
0.04148604
0.01183693
0.11353591
0.05617632299999999
0.14761984
0.07489955999999999
0.07230604
0.10658603
0.28873899999999997
0.053638559999999995
0.08847361
0.27339923
0.08392367
0.28281387
0.070993935
0.21959982
0.24365987
0.1440575
0.24683643
0.051102978
0.12564246
0.2744187
0.09483578
0.10188609
0.1057025
0.2862587
0.25477573000000003
0.14758717
0.24246494999999998
0.017567620000000003
0.21691019
0.07941308600000001
0.0277866
0.11363542
0.10872489
0.14378932
0.013945294
0.029805150000000002
0.20063788
0.24945483
0.075782166
0.27134732
0.07649456
0.18184036
0.27619036999999996
0.04411709
0.029430826
0.19898108
0.19970499
0.056471832
0.09786684
0.28005579999999997
0.13854996
0.21507355
0.10170646000000001
0.15861427
0.26875098000000003
0.19370607
0.013749223999999999
0.0736447
0.28903354000000003
0.1291326
0.2573609
0.24597008
0.18693236
0.062647118
0.28242345999999996
0.27479169999999997
0.16137723
0.113442215
0.07651063999999999
0.13334135
0.1909083
0.15013337999999998
0.29977974999999996
0.06467789500000001
0.16323245
0.20546956
0.12087339
0.27163754
---flow_allocation with ell_k_beta---
0.18219348
0.25566077000000004
0.07498976
0.27973642
0.27941705
0.05726047
0.10177828
0.23768417
0.28384305
0.24054
0.030149216
0.09143208
0.07429049
0.29389175
0.21279718
0.26292453
0.27956595
0.28719396999999997
0.22892331999999999
0.15568987999999997
0.10229345000000001
0.16937049999999998
0.22284471
0.14283336
0.022906927
0.29267563
0.090348145
0.08438564
0.021590302000000002
0.028038706
0.08534492
0.032953598
0.03159964
0.05140181
0.070360725
0.06619844000000001
0.2980323
0.021095442
0.13405799999999998
0.25736755
0.09144121599999999
0.24746259
0.015091625000000001
0.10107926
0.18687766
0.18205950999999998
0.00020735697
0.29803354000000004
0.290317
0.036849533000000004
0.25369307
0.052115047
0.04148604
0.01183693
0.11353591
0.05617632299999999
0.14761984
0.07489955999999999
0.07230604
0.10658603
0.28873899999999997
0.053638559999999995
0.08847361
0.27339923
0.08392367
0.28281387
0.070993935
0.21959982
0.24365987
0.1440575
0.24683643
0.051102978
0.12564246
0.2744187
0.09483578
0.10188609
0.1057025
0.2862587
0.25477573000000003
0.14758717
0.24246494999999998
0.017567620000000003
0.21691019
0.07941308600000001
0.0277866
0.11363542
0.10872489
0.14378932
0.013945294
0.029805150000000002
0.20063788
0.24945483
0.075782166
0.27134732
0.07649456
0.18184036
0.27619036999999996
0.04411709
0.029430826
0.19898108
0.19970499
0.056471832
0.09786684
0.28005579999999997
0.13854996
0.21507355
0.10170646000000001
0.15861427
0.26875098000000003
0.19370607
0.013749223999999999
0.0736447
0.28903354000000003
0.1291326
0.2573609
0.24597008
0.18693236
0.062647118
0.28242345999999996
0.27479169999999997
0.16137723
0.113442215
0.07651063999999999
0.13334135
0.1909083
0.15013337999999998
0.29977974999999996
0.06467789500000001
0.16323245
0.20546956
0.12087339
0.27163754
---flow_allocation with per_flow_loss---
0.18219348
0.25566077000000004
0.07498976
0.27973642
0.27941705
0.05726047
0.10177828
0.23768417
0.28384305
0.24054
0.030149216
0.09143208
0.07429049
0.29389175
0.21279718
0.26292453
0.27956595
0.28719396999999997
0.22892331999999999
0.15568987999999997
0.10229345000000001
0.16937049999999998
0.22284471
0.14283336
0.022906927
0.29267563
0.090348145
0.08438564
0.021590302000000002
0.028038706
0.08534492
0.032953598
0.03159964
0.05140181
0.070360725
0.06619844000000001
0.2980323
0.021095442
0.13405799999999998
0.25736755
0.09144121599999999
0.24746259
0.015091625000000001
0.10107926
0.18687766
0.18205950999999998
0.00020735697
0.29803354000000004
0.290317
0.036849533000000004
0.25369307
0.052115047
0.04148604
0.01183693
0.11353591
0.05617632299999999
0.14761984
0.07489955999999999
0.07230604
0.10658603
0.28873899999999997
0.053638559999999995
0.08847361
0.27339923
0.08392367
0.28281387
0.070993935
0.21959982
0.24365987
0.1440575
0.24683643
0.051102978
0.12564246
0.2744187
0.09483578
0.10188609
0.1057025
0.2862587
0.25477573000000003
0.14758717
0.24246494999999998
0.017567620000000003
0.21691019
0.07941308600000001
0.0277866
0.11363542
0.10872489
0.14378932
0.013945294
0.029805150000000002
0.20063788
0.24945483
0.075782166
0.27134732
0.07649456
0.18184036
0.27619036999999996
0.04411709
0.029430826
0.19898108
0.19970499
0.056471832
0.09786684
0.28005579999999997
0.13854996
0.21507355
0.10170646000000001
0.15861427
0.26875098000000003
0.19370607
0.013749223999999999
0.0736447
0.28903354000000003
0.1291326
0.2573609
0.24597008
0.18693236
0.062647118
0.28242345999999996
0.27479169999999997
0.16137723
0.113442215
0.07651063999999999
0.13334135
0.1909083
0.15013337999999998
0.29977974999999996
0.06467789500000001
0.16323245
0.20546956
0.12087339
0.27163754
---weights per flow per tunnel---
0.5,0.5,0.0,0.0
0.5,0.5,0.0,0.0
0.5,0.5,0.0,0.0
0.5,0.5,0.0,0.0
0.5,0.5,0.0,0.0
0.5,0.5,0.0,0.0
0.2543018770304266,0.7456981229695734,0.0,0.0
0.5,0.5,0.0,0.0
0.5,0.5,0.0,0.0
0.5,0.5,0.0,0.0
0.5,0.5,0.0,0.0
0.5,0.5,0.0,0.0
0.5,0.5,0.0,0.0
0.5,0.5,0.0,0.0
0.49999999999999994,0.5,0.0,0.0
0.5,0.5,0.0,0.0
0.2816062120693955,0.7183937879306045,0.0,0.0
0.5,0.5,0.0,0.0
0.5,0.5,0.0,0.0
0.5,0.5,0.0,0.0
0.5,0.5,0.0,0.0
0.5,0.5,0.0,0.0
0.5,0.5,0.0,0.0
0.5,0.5,0.0,0.0
0.013018135809934446,0.9869818641900656,0.0,0.0
0.0,0.5,0.5,0.0
0.5,0.5,0.0,0.0
0.5,0.5,0.0,0.0
0.5,0.5,0.0,0.0
0.5,0.5,0.0,0.0
0.5,0.5,0.0,0.0
0.5,0.5,0.0,0.0
0.5,0.5,0.0,0.0
0.5,0.5,0.0,0.0
0.09772504725973331,0.9022749527402667,0.0,0.0
0.5,0.5,0.0,0.0
0.3333333333333333,0.3333333333333333,0.3333333333333333,0.0
0.9679064236217474,0.0,0.032093576378252546,0.0
0.16533415985398986,0.8346658401460101,0.0,0.0
0.33058241756161627,0.33058241756161627,0.33058241756161627,0.008252747315151214
0.5,0.5,0.0,0.0
0.5,0.5,0.0,0.0
0.5,0.5,0.0,0.0
0.5,0.5,0.0,0.0
0.5,0.5,0.0,0.0
0.7299690856358054,0.2700309143641945,0.0,0.0
0.0005714006948301925,0.9994285993051698,0.0,0.0
0.3333333333333333,0.3333333333333333,0.3333333333333333,0.0
0.5,0.0,0.5,0.0
0.0,0.9673166360060219,0.03268336399397802,0.0
0.1792666838958445,0.8207333161041556,0.0,0.0
0.5,0.5,0.0,0.0
0.5,0.5,0.0,0.0
0.31334780139745855,0.6866521986025415,0.0,0.0
0.5,0.5,0.0,0.0
0.9423561666858136,0.057643833314186495,0.0,0.0
0.8520887127612075,0.1479112872387926,0.0,0.0
0.5,0.5,0.0,0.0
0.0,0.33333333333333337,0.33333333333333337,0.33333333333333337
0.5,0.0,0.5,0.0
0.12925637943224141,0.4353718102838793,0.4353718102838793,0.0
0.9803608778266983,0.01963912217330169,0.0,0.0
0.5,0.5,0.0,0.0
0.5,0.5,0.0,0.0
0.5,0.5,0.0,0.0
0.5,0.5,0.0,0.0
0.5,0.5,0.0,0.0
0.5,0.5,0.0,0.0
0.5,0.5,0.0,0.0
0.0,0.14768629768352604,0.426156851158237,0.426156851158237
0.0,0.8503646243775197,0.14963537562248028,0.0
0.06444955645992964,0.9355504435400704,0.0,0.0
0.3333333333333333,0.3333333333333333,0.3333333333333333,0.0
0.5829579098026964,0.4170420901973037,0.0,0.0
0.5,0.5,0.0,0.0
0.5,0.5,0.0,0.0
0.16545561654905727,0.8345443834509427,0.0,0.0
0.2219632604628062,0.7780367395371939,0.0,0.0
0.5,0.5,0.0,0.0
0.780886837306635,0.21911316269336495,0.0,0.0
0.15789287891749929,0.0,0.8421071210825006,0.0
0.33333333333333337,0.33333333333333337,0.33333333333333337,0.0
0.11202426860311399,0.0,0.887975731396886,0.0
0.0,0.5,0.5,0.0
0.5,0.5,0.0,0.0
0.5,0.5,0.0,0.0
0.5,0.5,0.0,0.0
0.5,0.5,0.0,0.0
0.5,0.5,0.0,0.0
0.5,0.5,0.0,0.0
0.5,0.5,0.0,0.0
0.5,0.5,0.0,0.0
0.5,0.5,0.0,0.0
0.5,0.5,0.0,0.0
0.5,0.5,0.0,0.0
0.34605532893835594,0.653944671061644,0.0,0.0
0.7207843690519896,0.27921563094801033,0.0,0.0
0.16932099623507094,0.8306790037649292,0.0,0.0
0.5,0.5,0.0,0.0
0.5,0.5,0.0,0.0
0.5,0.5,0.0,0.0
0.5,0.5,0.0,0.0
0.5,0.5,0.0,0.0
0.5,0.5,0.0,0.0
0.5,0.5,0.0,0.0
0.5,0.5,0.0,0.0
0.5,0.5,0.0,0.0
0.06403296265114033,0.9359670373488596,0.0,0.0
0.0,0.42328575822492087,0.576714241775079,0.0
0.5,0.5,0.0,0.0
0.17375789481689827,0.8262421051831017,0.0,0.0
0.5,0.5,0.0,0.0
0.5,0.5,0.0,0.0
0.5,0.5,0.0,0.0
0.5,0.5,0.0,0.0
0.5,0.5,0.0,0.0
0.5,0.5,0.0,0.0
0.5,0.5,0.0,0.0
0.28970343902848317,0.7102965609715168,0.0,0.0
0.0,0.07885470175733036,0.9211452982426696,0.0
0.784889612299699,0.215110387700301,0.0,0.0
0.5,0.5,0.0,0.0
0.5,0.5,0.0,0.0
0.5,0.5,0.0,0.0
0.5,0.5,0.0,0.0
0.5,0.5,0.0,0.0
0.5,0.5,0.0,0.0
0.5,0.5,0.0,0.0
0.5,0.5,0.0,0.0
0.5,0.5,0.0,0.0
0.5,0.5,0.0,0.0
0.5,0.5,0.0,0.0
