---flow_allocation with alpha---
0.18219348
0.25566077000000004
0.07498976
0.27973642
0.27941705
0.05726047
0.10177828
0.23768417
0.28384305
0.24054
0.030149216
0.09143208
0.07429049
0.29389175
0.21279718
0.26292453
0.27956595
0.28719396999999997
0.22892331999999999
0.15568987999999997
0.10229345000000001
0.16937049999999998
0.22284471
0.14283336
0.022906927
0.29267563
0.090348145
0.08438564
0.021590302000000002
0.028038706
0.08534492
0.032953598
0.03159964
0.05140181
0.070360725
0.06619844000000001
0.2980323
0.021095442
0.13405799999999998
0.25736755
0.09144121599999999
0.24746259
0.015091625000000001
0.10107926
0.18687766
0.18205950999999998
0.00020735697
0.29803354000000004
0.290317
0.036849533000000004
0.25369307
0.052115047
0.04148604
0.01183693
0.11353591
0.05617632299999999
0.14761984
0.07489955999999999
0.07230604
0.10658603
0.28873899999999997
0.053638559999999995
0.08847361
0.27339923
0.08392367
0.28281387
0.070993935
0.21959982
0.24365987
0.1440575
0.24683643
0.051102978
0.12564246
0.2744187
0.09483578
0.10188609
0.1057025
0.2862587
0.25477573000000003
0.14758717
0.24246494999999998
0.017567620000000003
0.21691019
0.07941308600000001
0.0277866
0.11363542
0.10872489
0.14378932
0.013945294
0.029805150000000002
0.20063788
0.24945483
0.075782166
0.27134732
0.07649456
0.18184036
0.27619036999999996
0.04411709
0.029430826
0.19898108
0.19970499
0.056471832
0.09786684
0.28005579999999997
0.13854996
0.21507355
0.10170646000000001
0.15861427
0.26875098000000003
0.19370607
0.013749223999999999
0.0736447
0.28903354000000003
0.1291326
0.2573609
0.24597008
0.18693236
0.062647118
0.28242345999999996
0.27479169999999997
0.16137723
0.113442215
0.07651063999999999
0.13334135
0.1909083
0.15013337999999998
0.29977974999999996
0.06467789500000001
0.16323245
0.20546956
0.12087339
0.27163754
---flow_allocation with ell_k_beta---
0.18219348
0.25566077000000004
0.07498976
0.27973642
0.27941705
0.05726047
0.10177828
0.23768417
0.28384305
0.24054
0.030149216
0.09143208
0.07429049
0.29389175
0.21279718
0.26292453
0.27956595
0.28719396999999997
0.22892331999999999
0.15568987999999997
0.10229345000000001
0.16937049999999998
0.22284471
0.14283336
0.022906927
0.29267563
0.090348145
0.08438564
0.021590302000000002
0.028038706
0.08534492
0.032953598
0.03159964
0.05140181
0.070360725
0.06619844000000001
0.2980323
0.021095442
0.13405799999999998
0.25736755
0.09144121599999999
0.24746259
0.015091625000000001
0.10107926
0.18687766
0.18205950999999998
0.00020735697
0.29803354000000004
0.290317
0.036849533000000004
0.25369307
0.052115047
0.04148604
0.01183693
0.11353591
0.05617632299999999
0.14761984
0.07489955999999999
0.07230604
0.10658603
0.28873899999999997
0.053638559999999995
0.08847361
0.27339923
0.08392367
0.28281387
0.070993935
0.21959982
0.24365987
0.1440575
0.24683643
0.051102978
0.12564246
0.2744187
0.09483578
0.10188609
0.1057025
0.2862587
0.25477573000000003
0.14758717
0.24246494999999998
0.017567620000000003
0.21691019
0.07941308600000001
0.0277866
0.11363542
0.10872489
0.14378932
0.013945294
0.029805150000000002
0.20063788
0.24945483
0.075782166
0.27134732
0.07649456
0.18184036
0.27619036999999996
0.04411709
0.029430826
0.19898108
0.19970499
0.056471832
0.09786684
0.28005579999999997
0.13854996
0.21507355
0.10170646000000001
0.15861427
0.26875098000000003
0.19370607
0.013749223999999999
0.0736447
0.28903354000000003
0.1291326
0.2573609
0.24597008
0.18693236
0.062647118
0.28242345999999996
0.27479169999999997
0.16137723
0.113442215
0.07651063999999999
0.13334135
0.1909083
0.15013337999999998
0.29977974999999996
0.06467789500000001
0.16323245
0.20546956
0.12087339
0.27163754
---flow_allocation with per_flow_loss---
0.18219348
0.25566077000000004
0.07498976
0.27973642
0.27941705
0.05726047
0.10177828
0.23768417
0.28384305
0.24054
0.030149216
0.09143208
0.07429049
0.29389175
0.21279718
0.26292453
0.27956595
0.28719396999999997
0.22892331999999999
0.15568987999999997
0.10229345000000001
0.16937049999999998
0.22284471
0.14283336
0.022906927
0.29267563
0.090348145
0.08438564
0.021590302000000002
0.028038706
0.08534492
0.032953598
0.03159964
0.05140181
0.070360725
0.06619844000000001
0.2980323
0.021095442
0.13405799999999998
0.25736755
0.09144121599999999
0.24746259
0.015091625000000001
0.10107926
0.18687766
0.18205950999999998
0.00020735697
0.29803354000000004
0.290317
0.036849533000000004
0.25369307
0.052115047
0.04148604
0.01183693
0.11353591
0.05617632299999999
0.14761984
0.07489955999999999
0.07230604
0.10658603
0.28873899999999997
0.053638559999999995
0.08847361
0.27339923
0.08392367
0.28281387
0.070993935
0.21959982
0.24365987
0.1440575
0.24683643
0.051102978
0.12564246
0.2744187
0.09483578
0.10188609
0.1057025
0.2862587
0.25477573000000003
0.14758717
0.24246494999999998
0.017567620000000003
0.21691019
0.07941308600000001
0.0277866
0.11363542
0.10872489
0.14378932
0.013945294
0.029805150000000002
0.20063788
0.24945483
0.075782166
0.27134732
0.07649456
0.18184036
0.27619036999999996
0.04411709
0.029430826
0.19898108
0.19970499
0.056471832
0.09786684
0.28005579999999997
0.13854996
0.21507355
0.10170646000000001
0.15861427
0.26875098000000003
0.19370607
0.013749223999999999
0.0736447
0.28903354000000003
0.1291326
0.2573609
0.24597008
0.18693236
0.062647118
0.28242345999999996
0.27479169999999997
0.16137723
0.113442215
0.07651063999999999
0.13334135
0.1909083
0.15013337999999998
0.29977974999999996
0.06467789500000001
0.16323245
0.20546956
0.12087339
0.27163754
---weights per flow per tunnel---
1.0,0.0,0.0,0.0
0.8105403816792087,0.1894596183207913,0.0,0.0
0.5,0.5,0.0,0.0
0.5,0.5,0.0,0.0
0.5,0.5,0.0,0.0
0.5,0.5,0.0,0.0
0.5,0.5,0.0,0.0
0.5,0.5,0.0,0.0
0.5,0.5,0.0,0.0
0.5,0.5,0.0,0.0
0.5,0.5,0.0,0.0
1.0,0.0,0.0,0.0
0.5,0.5,0.0,0.0
0.5,0.5,0.0,0.0
0.8255134175424941,0.17448658245750598,0.0,0.0
0.5,0.5,0.0,0.0
0.5,0.5,0.0,0.0
0.5,0.5,0.0,0.0
0.5,0.5,0.0,0.0
0.5,0.5,0.0,0.0
0.5,0.5,0.0,0.0
0.5,0.5,0.0,0.0
0.9121299647606493,0.08787003523935065,0.0,0.0
0.5,0.5,0.0,0.0
0.9740027635671319,0.025997236432868123,0.0,0.0
0.21323221654034458,0.7867677834596555,0.0,0.0
0.5,0.5,0.0,0.0
0.032674558667957494,0.9673254413320426,0.0,0.0
0.5,0.5,0.0,0.0
0.5,0.5,0.0,0.0
0.5,0.5,0.0,0.0
0.5,0.5,0.0,0.0
0.5,0.5,0.0,0.0
0.5,0.5,0.0,0.0
0.5,0.5,0.0,0.0
0.9616207119276992,0.038379288072300906,0.0,0.0
0.8327908117876057,0.0,0.1672091882123943,0.0
0.0,0.5,0.0,0.5
0.48547110236200325,0.5145288976379967,0.0,0.0
0.5,0.5,0.0,0.0
0.5,0.5,0.0,0.0
0.5,0.5,0.0,0.0
0.5,0.5,0.0,0.0
0.5,0.5,0.0,0.0
0.5,0.5,0.0,0.0
0.8703271275132848,0.12967287248671525,0.0,0.0
0.0,0.5,0.5,0.0
0.8478789438290951,0.15212105617090485,0.0,0.0
1.0,0.0,0.0,0.0
0.08073588282351146,0.9192641171764886,0.0,0.0
0.9232190381339438,0.0,0.0767809618660562,0.0
0.5,0.5,0.0,0.0
0.5,0.5,0.0,0.0
0.5,0.5,0.0,0.0
0.5,0.5,0.0,0.0
0.5,0.5,0.0,0.0
0.8937896700814778,0.10621032991852226,0.0,0.0
0.5,0.5,0.0,0.0
0.0,0.0,0.5,0.5
1.0,0.0,0.0,0.0
0.5,0.5,0.0,0.0
0.5,0.5,0.0,0.0
0.5,0.5,0.0,0.0
0.5,0.5,0.0,0.0
0.5,0.5,0.0,0.0
0.5,0.5,0.0,0.0
0.5,0.5,0.0,0.0
0.5,0.5,0.0,0.0
0.8366117069476994,0.1633882930523006,0.0,0.0
0.903798701603048,0.0,0.09620129839695202,0.0
0.152014655649407,0.847985344350593,0.0,0.0
0.5,0.5,0.0,0.0
0.9615532000137473,0.0,0.03844679998625269,0.0
0.5,0.5,0.0,0.0
0.5,0.5,0.0,0.0
0.9153702138461883,0.08462978615381166,0.0,0.0
0.5,0.5,0.0,0.0
0.5,0.5,0.0,0.0
0.5,0.5,0.0,0.0
0.9267364619716638,0.07326353802833613,0.0,0.0
0.9083039121093658,0.0,0.09169608789063426,0.0
0.5,0.5,0.0,0.0
0.5,0.5,0.0,0.0
0.9337188491218272,0.0,0.06628115087817282,0.0
0.5,0.5,0.0,0.0
0.9074179352140129,0.09258206478598704,0.0,0.0
0.5,0.5,0.0,0.0
0.5,0.5,0.0,0.0
0.5,0.5,0.0,0.0
0.5,0.5,0.0,0.0
0.5,0.5,0.0,0.0
0.5,0.5,0.0,0.0
0.5,0.5,0.0,0.0
0.5,0.5,0.0,0.0
0.5,0.5,0.0,0.0
0.5,0.5,0.0,0.0
1.0,0.0,0.0,0.0
0.5,0.5,0.0,0.0
0.5204710569074543,0.4795289430925457,0.0,0.0
0.5,0.5,0.0,0.0
0.5,0.5,0.0,0.0
0.5,0.5,0.0,0.0
0.5,0.5,0.0,0.0
0.5,0.5,0.0,0.0
0.5,0.5,0.0,0.0
0.5,0.5,0.0,0.0
0.7215035031949463,0.2784964968050538,0.0,0.0
1.0,0.0,0.0,0.0
0.9031049465883694,0.09689505341163059,0.0,0.0
0.741275177477263,0.25872482252273704,0.0,0.0
0.5,0.5,0.0,0.0
0.5,0.5,0.0,0.0
0.5,0.5,0.0,0.0
0.5,0.5,0.0,0.0
0.5,0.5,0.0,0.0
0.5,0.5,0.0,0.0
0.6510178119133753,0.3489821880866247,0.0,0.0
0.5,0.5,0.0,0.0
0.5,0.5,0.0,0.0
0.8725426489306255,0.12745735106937453,0.0,0.0
0.5983708569188336,0.40162914308116626,0.0,0.0
0.5,0.5,0.0,0.0
0.5,0.5,0.0,0.0
0.5,0.5,0.0,0.0
0.5,0.5,0.0,0.0
0.5,0.5,0.0,0.0
0.5,0.5,0.0,0.0
0.5,0.5,0.0,0.0
0.5,0.5,0.0,0.0
0.5114283307444242,0.4885716692555759,0.0,0.0
0.6946716035875818,0.30532839641241816,0.0,0.0
0.5014312772322165,0.4985687227677836,0.0,0.0
