---flow_allocation with alpha---
0.10180028522257413
0.14285000377742896
0.041900395978892224
0.1563022307008011
0.15612378327726248
0.03199418649876302
0.05686843422422697
0.0
0.0
0.0
0.0
0.05108751324412496
0.041509680101202255
0.16421149634202856
0.11890004855585089
0.14690861685067572
0.15620698088932655
0.16046912359434265
0.0
0.0
0.0
0.0
0.12451408820086107
0.07980788767687301
0.012799205010918527
0.16353199143952118
0.05048186647694794
0.047150327337122384
0.01206354311713851
0.015666577465186463
0.04768632334317217
0.01841276469119558
0.01765624304959026
0.028720670569312157
0.03931393084685084
0.03698826145309624
0.16652502134291405
0.011787040965989945
0.07490467077289396
0.14380366408850145
0.051092617967992096
0.1382692851792332
0.008432418819115429
0.05647785803359554
0.10441756252598738
0.10172542972164583
0.00011586034082497765
0.1665257141907244
0.1622141110920218
0.0205896114927859
0.14175055487710353
0.029119190483588412
0.023180251591632804
0.006613863735187694
0.06343798922444703
0.03138842127696035
0.08248232492463922
0.04184999688817242
0.04040087216795493
0.059554756046933416
0.16133240637854235
0.02997045068203404
0.049434473355856566
0.15276133697886524
0.046892202415394824
0.15802175045396796
0.03966773581619325
0.12270101164336912
0.13614452209428862
0.08049187374021821
0.1379194193849415
0.028553698717006398
0.07020250265852468
0.15333096404112817
0.05298932460868133
0.05692867287135005
0.05906108521962006
0.15994654313339465
0.14235548924028202
0.08246407061982973
0.1354768626543451
0.009815876653115127
0.12119818563036804
0.04437192157043605
0.015525713682869324
0.06349359026122672
0.060749840295014935
0.08034202863878544
0.0
0.0
0.11210606115242214
0.1393824457612245
0.042343151432117435
0.15161483588974256
0.04274120032163231
0.10160298004613316
0.15432088152511428
0.02465034613307772
0.01644442205690319
0.0
0.0
0.03155353640888405
0.05468292403126625
0.15648068371182203
0.07741454549074005
0.12017196627360956
0.056828304926050746
0.08862544327256049
0.1501641354995048
0.10823292455549952
0.0
0.0
0.1614969800834272
0.07215261222044046
0.1437999484127444
0.13743534785229075
0.10444812605439506
0.03500396655671903
0.15780360955587572
0.1535393771324639
0.09016924229357136
0.0
0.0
0.07450424385089457
0.10666967550845809
0.08388676096108985
0.16750140594466917
0.036138659619409555
0.09120584319252023
0.11480575382037166
0.06753779321751491
0.15177699580225587
---flow_allocation with ell_k_beta---
0.10180028522257413
0.14285000377742896
0.041900395978892224
0.1563022307008011
0.15612378327726248
0.03199418649876302
0.05686843422422697
0.0
0.0
0.0
0.0
0.05108751324412496
0.041509680101202255
0.16421149634202856
0.11890004855585089
0.14690861685067572
0.15620698088932655
0.16046912359434265
0.0
0.0
0.0
0.0
0.12451408820086107
0.07980788767687301
0.012799205010918527
0.16353199143952118
0.05048186647694794
0.047150327337122384
0.01206354311713851
0.015666577465186463
0.04768632334317217
0.01841276469119558
0.01765624304959026
0.028720670569312157
0.03931393084685084
0.03698826145309624
0.16652502134291405
0.011787040965989945
0.07490467077289396
0.14380366408850145
0.051092617967992096
0.1382692851792332
0.008432418819115429
0.05647785803359554
0.10441756252598738
0.10172542972164583
0.00011586034082497765
0.1665257141907244
0.1622141110920218
0.0205896114927859
0.14175055487710353
0.029119190483588412
0.023180251591632804
0.006613863735187694
0.06343798922444703
0.03138842127696035
0.08248232492463922
0.04184999688817242
0.04040087216795493
0.059554756046933416
0.16133240637854235
0.02997045068203404
0.049434473355856566
0.15276133697886524
0.046892202415394824
0.15802175045396796
0.03966773581619325
0.12270101164336912
0.13614452209428862
0.08049187374021821
0.1379194193849415
0.028553698717006398
0.07020250265852468
0.15333096404112817
0.05298932460868133
0.05692867287135005
0.05906108521962006
0.15994654313339465
0.14235548924028202
0.08246407061982973
0.1354768626543451
0.009815876653115127
0.12119818563036804
0.04437192157043605
0.015525713682869324
0.06349359026122672
0.060749840295014935
0.08034202863878544
0.0
0.0
0.11210606115242214
0.1393824457612245
0.042343151432117435
0.15161483588974256
0.04274120032163231
0.10160298004613316
0.15432088152511428
0.02465034613307772
0.01644442205690319
0.0
0.0
0.03155353640888405
0.05468292403126625
0.15648068371182203
0.07741454549074005
0.12017196627360956
0.056828304926050746
0.08862544327256049
0.1501641354995048
0.10823292455549952
0.0
0.0
0.1614969800834272
0.07215261222044046
0.1437999484127444
0.13743534785229075
0.10444812605439506
0.03500396655671903
0.15780360955587572
0.1535393771324639
0.09016924229357136
0.0
0.0
0.07450424385089457
0.10666967550845809
0.08388676096108985
0.16750140594466917
0.036138659619409555
0.09120584319252023
0.11480575382037166
0.06753779321751491
0.15177699580225587
---flow_allocation with per_flow_loss---
0.18219348
0.0
0.0
0.0
0.0
0.0
0.0
0.0
0.0
0.0
0.0
0.09143208
0.0
0.0
0.0
0.0
0.0
0.0
0.0
0.0
0.0
0.0
0.0
0.0
0.022906927
0.29267563
0.090348145
0.08438564
0.021590302000000002
0.0
0.0
0.0
0.0
0.0
0.0
0.06619844000000001
0.2980323
0.021095442
0.13405799999999998
0.25736755
0.0
0.0
0.0
0.0
0.0
0.0
0.00020735697
0.29803354000000004
0.290317
0.036849533000000004
0.25369307
0.0
0.0
0.0
0.0
0.0
0.0
0.07489955999999999
0.07230604
0.10658603
0.28873899999999997
0.053638559999999995
0.0
0.0
0.0
0.0
0.0
0.0
0.24365987
0.1440575
0.24683643
0.051102978
0.12564246
0.0
0.0
0.0
0.0
0.0
0.0
0.14758717
0.24246494999999998
0.017567620000000003
0.21691019
0.07941308600000001
0.0
0.0
0.0
0.0
0.0
0.0
0.0
0.0
0.0
0.0
0.0
0.0
0.27619036999999996
0.0
0.0
0.0
0.0
0.0
0.0
0.0
0.0
0.0
0.0
0.15861427
0.26875098000000003
0.0
0.0
0.0
0.0
0.0
0.0
0.0
0.0
0.0
0.0
0.27479169999999997
0.0
0.0
0.0
0.0
0.0
0.0
0.0
0.0
0.0
0.0
0.0
0.0
---weights per flow per tunnel---
0.7268629190843142,0.2731370809156858,0.0,0.0
0.8246708301826,0.17532916981740002,0.0,0.0
0.5,0.5,0.0,0.0
0.8469382595009107,0.15306174049908927,0.0,0.0
0.5,0.5,0.0,0.0
0.5,0.5,0.0,0.0
0.5,0.5,0.0,0.0
0.0,0.0,0.0,0.0
0.0,0.0,0.0,0.0
0.0,0.0,0.0,0.0
0.0,0.0,0.0,0.0
0.934446460221334,0.06555353977866599,0.0,0.0
0.5,0.5,0.0,0.0
0.5,0.5,0.0,0.0
0.5,0.5,0.0,0.0
0.5,0.5,0.0,0.0
0.5,0.5,0.0,0.0
0.5,0.5,0.0,0.0
0.0,0.0,0.0,0.0
0.0,0.0,0.0,0.0
0.0,0.0,0.0,0.0
0.0,0.0,0.0,0.0
0.902326473093443,0.09767352690655698,0.0,0.0
0.5,0.5,0.0,0.0
0.9736330331864287,0.013183483406785662,0.013183483406785662,0.0
0.3333333333333333,0.3333333333333333,0.3333333333333333,0.0
0.9401720212871656,0.029913989356417165,0.029913989356417165,0.0
0.3333333333333333,0.3333333333333333,0.3333333333333333,0.0
0.33333333333333337,0.33333333333333337,0.33333333333333337,0.0
0.0,1.0,0.0,0.0
1.0,0.0,0.0,0.0
0.5,0.5,0.0,0.0
1.0,0.0,0.0,0.0
0.5,0.5,0.0,0.0
0.5,0.5,0.0,0.0
0.9340609844622813,0.03296950776885937,0.03296950776885937,0.0
0.6549940106997624,0.1725029946501188,0.1725029946501188,0.0
0.25,0.25,0.25,0.25
0.9062288123446979,0.046885593827651055,0.046885593827651055,0.0
0.8650018269328704,0.06749908653356476,0.06749908653356476,0.0
0.5,0.5,0.0,0.0
1.0,0.0,0.0,0.0
0.5,0.5,0.0,0.0
0.5,0.5,0.0,0.0
0.5,0.5,0.0,0.0
0.9030916836643557,0.09690831633564434,0.0,0.0
0.33333333333333337,0.33333333333333337,0.33333333333333337,0.0
0.754863375688994,0.12256831215550308,0.12256831215550308,0.0
0.3333333333333333,0.3333333333333333,0.3333333333333333,0.0
0.034696700442415705,0.9306065991151685,0.034696700442415705,0.0
0.796770054672107,0.10161497266394642,0.10161497266394642,0.0
0.0,1.0,0.0,0.0
0.5,0.5,0.0,0.0
0.5,0.5,0.0,0.0
0.0,1.0,0.0,0.0
0.5,0.5,0.0,0.0
0.5,0.5,0.0,0.0
0.3333333333333333,0.3333333333333333,0.3333333333333333,0.0
0.03792246756641668,0.0,0.9241550648671667,0.03792246756641668
0.9207836918750978,0.03960815406245117,0.03960815406245117,0.0
0.3333333333333333,0.3333333333333333,0.3333333333333333,0.0
0.33333333333333337,0.33333333333333337,0.33333333333333337,0.0
0.5,0.5,0.0,0.0
0.8022037779193497,0.19779622208065034,0.0,0.0
0.5,0.5,0.0,0.0
0.5,0.5,0.0,0.0
0.5,0.5,0.0,0.0
0.5,0.5,0.0,0.0
0.6329759806631556,0.18351200966842207,0.18351200966842207,0.0
0.3333333333333333,0.3333333333333333,0.3333333333333333,0.0
0.3333333333333333,0.3333333333333333,0.3333333333333333,0.0
0.9216036720338906,0.03919816398305464,0.03919816398305464,0.0
0.916092239165526,0.041953880417237084,0.041953880417237084,0.0
0.9245603997285865,0.07543960027141351,0.0,0.0
0.5,0.5,0.0,0.0
0.5,0.5,0.0,0.0
0.5,0.5,0.0,0.0
0.5,0.5,0.0,0.0
0.5,0.5,0.0,0.0
0.8862800637084415,0.05685996814577928,0.05685996814577928,0.0
0.8481642316801989,0.07591788415990054,0.07591788415990054,0.0
0.33333333333333337,0.33333333333333337,0.33333333333333337,0.0
0.3333333333333333,0.3333333333333333,0.3333333333333333,0.0
0.9517196110434717,0.02414019447826411,0.02414019447826411,0.0
0.9836584919362439,0.016341508063756078,0.0,0.0
1.0,0.0,0.0,0.0
0.5,0.5,0.0,0.0
0.5,0.5,0.0,0.0
0.0,0.0,0.0,0.0
0.0,0.0,0.0,0.0
0.34436448904860895,0.655635510951391,0.0,0.0
0.6058202865820528,0.3941797134179472,0.0,0.0
0.0,1.0,0.0,0.0
0.3857986933366682,0.6142013066633318,0.0,0.0
0.5,0.5,0.0,0.0
0.9216952763077709,0.0783047236922291,0.0,0.0
0.5,0.5,0.0,0.0
0.5,0.5,0.0,0.0
0.6966783532830128,0.3033216467169873,0.0,0.0
0.0,0.0,0.0,0.0
0.0,0.0,0.0,0.0
1.0,0.0,0.0,0.0
1.0,0.0,0.0,0.0
0.5,0.5,0.0,0.0
1.0,0.0,0.0,0.0
0.5,0.5,0.0,0.0
1.0,0.0,0.0,0.0
0.5,0.5,0.0,0.0
0.8662890812452211,0.06685545937738953,0.06685545937738953,0.0
0.919406778786975,0.08059322121302494,0.0,0.0
0.0,0.0,0.0,0.0
0.0,0.0,0.0,0.0
0.5,0.5,0.0,0.0
0.5,0.5,0.0,0.0
1.0,0.0,0.0,0.0
0.5,0.5,0.0,0.0
0.9346781663875308,0.06532183361246924,0.0,0.0
0.5,0.5,0.0,0.0
0.5,0.5,0.0,0.0
0.8403989168586952,0.0798005415706524,0.0798005415706524,0.0
0.5,0.5,0.0,0.0
0.0,0.0,0.0,0.0
0.0,0.0,0.0,0.0
1.0,0.0,0.0,0.0
1.0,0.0,0.0,0.0
1.0,0.0,0.0,0.0
0.47443560559839576,0.5255643944016043,0.0,0.0
1.0,0.0,0.0,0.0
0.5,0.5,0.0,0.0
0.25507233561837683,0.7449276643816232,0.0,0.0
0.9404062797165397,0.059593720283460445,0.0,0.0
0.9150019925726635,0.08499800742733657,0.0,0.0
