---flow_allocation with alpha---
0.18219348
0.25566077000000004
0.07498976
0.27973642
0.27941705
0.05726047
0.10177828
0.23768417
0.28384305
0.24054
0.030149216
0.09143208
0.07429049
0.29389175
0.21279718
0.26292453
0.27956595
0.28719396999999997
0.22892331999999999
0.15568987999999997
0.10229345000000001
0.16937049999999998
0.22284471
0.14283336
0.022906927
0.29267563
0.090348145
0.08438564
0.021590302000000002
0.028038706
0.08534492
0.032953598
0.03159964
0.05140181
0.070360725
0.06619844000000001
0.2980323
0.021095442
0.13405799999999998
0.25736755
0.09144121599999999
0.24746259
0.015091625000000001
0.10107926
0.18687766
0.18205950999999998
0.00020735697
0.29803354000000004
0.290317
0.036849533000000004
0.25369307
0.052115047
0.04148604
0.01183693
0.11353591
0.05617632299999999
0.14761984
0.07489955999999999
0.07230604
0.10658603
0.28873899999999997
0.053638559999999995
0.08847361
0.27339923
0.08392367
0.28281387
0.070993935
0.21959982
0.24365987
0.1440575
0.24683643
0.051102978
0.12564246
0.2744187
0.09483578
0.10188609
0.1057025
0.2862587
0.25477573000000003
0.14758717
0.24246494999999998
0.017567620000000003
0.21691019
0.07941308600000001
0.0277866
0.11363542
0.10872489
0.14378932
0.013945294
0.029805150000000002
0.20063788
0.24945483
0.075782166
0.27134732
0.07649456
0.18184036
0.27619036999999996
0.04411709
0.029430826
0.19898108
0.19970499
0.056471832
0.09786684
0.28005579999999997
0.13854996
0.21507355
0.10170646000000001
0.15861427
0.26875098000000003
0.19370607
0.013749223999999999
0.0736447
0.28903354000000003
0.1291326
0.2573609
0.24597008
0.18693236
0.062647118
0.28242345999999996
0.27479169999999997
0.16137723
0.113442215
0.07651063999999999
0.13334135
0.1909083
0.15013337999999998
0.29977974999999996
0.06467789500000001
0.16323245
0.20546956
0.12087339
0.27163754
---flow_allocation with ell_k_beta---
0.18219348
0.25566077000000004
0.07498976
0.27973642
0.27941705
0.05726047
0.10177828
0.23768417
0.28384305
0.24054
0.030149216
0.09143208
0.07429049
0.29389175
0.21279718
0.26292453
0.27956595
0.28719396999999997
0.22892331999999999
0.15568987999999997
0.10229345000000001
0.16937049999999998
0.22284471
0.14283336
0.022906927
0.29267563
0.090348145
0.08438564
0.021590302000000002
0.028038706
0.08534492
0.032953598
0.03159964
0.05140181
0.070360725
0.06619844000000001
0.2980323
0.021095442
0.13405799999999998
0.25736755
0.09144121599999999
0.24746259
0.015091625000000001
0.10107926
0.18687766
0.18205950999999998
0.00020735697
0.29803354000000004
0.290317
0.036849533000000004
0.25369307
0.052115047
0.04148604
0.01183693
0.11353591
0.05617632299999999
0.14761984
0.07489955999999999
0.07230604
0.10658603
0.28873899999999997
0.053638559999999995
0.08847361
0.27339923
0.08392367
0.28281387
0.070993935
0.21959982
0.24365987
0.1440575
0.24683643
0.051102978
0.12564246
0.2744187
0.09483578
0.10188609
0.1057025
0.2862587
0.25477573000000003
0.14758717
0.24246494999999998
0.017567620000000003
0.21691019
0.07941308600000001
0.0277866
0.11363542
0.10872489
0.14378932
0.013945294
0.029805150000000002
0.20063788
0.24945483
0.075782166
0.27134732
0.07649456
0.18184036
0.27619036999999996
0.04411709
0.029430826
0.19898108
0.19970499
0.056471832
0.09786684
0.28005579999999997
0.13854996
0.21507355
0.10170646000000001
0.15861427
0.26875098000000003
0.19370607
0.013749223999999999
0.0736447
0.28903354000000003
0.1291326
0.2573609
0.24597008
0.18693236
0.062647118
0.28242345999999996
0.27479169999999997
0.16137723
0.113442215
0.07651063999999999
0.13334135
0.1909083
0.15013337999999998
0.29977974999999996
0.06467789500000001
0.16323245
0.20546956
0.12087339
0.27163754
---flow_allocation with per_flow_loss---
0.18219348
0.25566077000000004
0.07498976
0.27973642
0.27941705
0.05726047
0.10177828
0.23768417
0.28384305
0.24054
0.030149216
0.09143208
0.07429049
0.29389175
0.21279718
0.26292453
0.27956595
0.28719396999999997
0.22892331999999999
0.15568987999999997
0.10229345000000001
0.16937049999999998
0.22284471
0.14283336
0.022906927
0.29267563
0.090348145
0.08438564
0.021590302000000002
0.028038706
0.08534492
0.032953598
0.03159964
0.05140181
0.070360725
0.06619844000000001
0.2980323
0.021095442
0.13405799999999998
0.25736755
0.09144121599999999
0.24746259
0.015091625000000001
0.10107926
0.18687766
0.18205950999999998
0.00020735697
0.29803354000000004
0.290317
0.036849533000000004
0.25369307
0.052115047
0.04148604
0.01183693
0.11353591
0.05617632299999999
0.14761984
0.07489955999999999
0.07230604
0.10658603
0.28873899999999997
0.053638559999999995
0.08847361
0.27339923
0.08392367
0.28281387
0.070993935
0.21959982
0.24365987
0.1440575
0.24683643
0.051102978
0.12564246
0.2744187
0.09483578
0.10188609
0.1057025
0.2862587
0.25477573000000003
0.14758717
0.24246494999999998
0.017567620000000003
0.21691019
0.07941308600000001
0.0277866
0.11363542
0.10872489
0.14378932
0.013945294
0.029805150000000002
0.20063788
0.24945483
0.075782166
0.27134732
0.07649456
0.18184036
0.27619036999999996
0.04411709
0.029430826
0.19898108
0.19970499
0.056471832
0.09786684
0.28005579999999997
0.13854996
0.21507355
0.10170646000000001
0.15861427
0.26875098000000003
0.19370607
0.013749223999999999
0.0736447
0.28903354000000003
0.1291326
0.2573609
0.24597008
0.18693236
0.062647118
0.28242345999999996
0.27479169999999997
0.16137723
0.113442215
0.07651063999999999
0.13334135
0.1909083
0.15013337999999998
0.29977974999999996
0.06467789500000001
0.16323245
0.20546956
0.12087339
0.27163754
---weights per flow per tunnel---
0.5,0.5,0.0,0.0
0.5,0.5,0.0,0.0
0.5,0.5,0.0,0.0
0.5,0.5,0.0,0.0
0.5,0.5,0.0,0.0
0.5,0.5,0.0,0.0
0.5,0.5,0.0,0.0
0.5,0.5,0.0,0.0
0.5,0.5,0.0,0.0
0.5,0.5,0.0,0.0
0.5,0.5,0.0,0.0
0.5,0.5,0.0,0.0
0.5,0.5,0.0,0.0
0.5,0.5,0.0,0.0
0.5,0.5,0.0,0.0
0.5,0.5,0.0,0.0
0.5,0.5,0.0,0.0
0.5,0.5,0.0,0.0
0.5,0.5,0.0,0.0
0.5,0.5,0.0,0.0
0.5,0.5,0.0,0.0
0.5,0.5,0.0,0.0
0.5,0.5,0.0,0.0
0.5,0.5,0.0,0.0
0.010124703771916996,0.9587872376933119,0.031088058534771004,0.0
0.13387426436862615,0.7322514712627478,0.13387426436862615,0.0
0.5,0.5,0.0,0.0
0.5,0.5,0.0,0.0
0.33333333333333337,0.33333333333333337,0.33333333333333337,0.0
0.5,0.5,0.0,0.0
0.07460208463376101,0.9253979153662389,0.0,0.0
0.5,0.5,0.0,0.0
0.19584343110585656,0.8041565688941436,0.0,0.0
0.5,0.5,0.0,0.0
0.5,0.5,0.0,0.0
0.5,0.5,0.0,0.0
0.3333333333333333,0.3333333333333333,0.3333333333333333,0.0
0.03869063779656402,0.9226187244068719,0.0,0.03869063779656402
0.5,0.5,0.0,0.0
0.889107342127724,0.11089265787227591,0.0,0.0
0.5,0.5,0.0,0.0
0.5,0.5,0.0,0.0
0.5,0.5,0.0,0.0
0.5,0.5,0.0,0.0
0.5,0.5,0.0,0.0
0.807014454106144,0.192985545893856,0.0,0.0
0.0008598232083719213,0.9982803535832563,0.0008598232083719213,0.0
0.366103627957892,0.366103627957892,0.2677927440842161,0.0
0.3333333333333333,0.3333333333333333,0.3333333333333333,0.0
0.025475747095620387,0.9745242529043796,0.0,0.0
0.3333333333333333,0.3333333333333333,0.3333333333333333,0.0
0.5,0.5,0.0,0.0
0.5,0.5,0.0,0.0
0.014093824570480544,0.9859061754295195,0.0,0.0
0.5,0.5,0.0,0.0
0.5,0.5,0.0,0.0
0.16880391518933124,0.8311960848106689,0.0,0.0
0.5,0.5,0.0,0.0
0.0,0.19403230165083576,0.19403230165083576,0.6119353966983284
0.3333333333333333,0.3333333333333333,0.3333333333333333,0.0
0.08940865776946808,0.7977947032110165,0.08940865776946808,0.023387981250047228
0.25,0.25,0.25,0.25
0.5,0.5,0.0,0.0
0.5,0.5,0.0,0.0
0.5,0.5,0.0,0.0
0.5,0.5,0.0,0.0
0.08263396090477972,0.9173660390952203,0.0,0.0
0.5,0.5,0.0,0.0
0.5,0.5,0.0,0.0
0.5,0.5,0.0,0.0
0.3333333333333333,0.3333333333333333,0.3333333333333333,0.0
0.06795972876536062,0.8640805424692789,0.06795972876536062,0.0
0.9444957250100564,0.0,0.055504274989943606,0.0
0.5,0.5,0.0,0.0
0.5,0.5,0.0,0.0
0.5,0.5,0.0,0.0
0.5,0.5,0.0,0.0
0.7780367395371938,0.22196326046280612,0.0,0.0
0.5,0.5,0.0,0.0
0.6310808351586267,0.3002878775764545,0.06863128726491874,0.0
0.1787807527666982,0.1787807527666982,0.6210411751109868,0.021397319355616964
0.33333333333333337,0.33333333333333337,0.33333333333333337,0.0
0.0,0.6435699313684257,0.3564300686315743,0.0
0.10175825159921571,0.8982417484007843,0.0,0.0
0.5,0.5,0.0,0.0
0.5,0.5,0.0,0.0
0.5,0.5,0.0,0.0
0.5,0.5,0.0,0.0
0.5,0.5,0.0,0.0
0.5,0.5,0.0,0.0
0.5,0.5,0.0,0.0
0.5,0.5,0.0,0.0
0.5,0.5,0.0,0.0
0.5,0.5,0.0,0.0
0.5,0.5,0.0,0.0
0.41357459107089695,0.586425408929103,0.0,0.0
0.5,0.5,0.0,0.0
0.18108049683694255,0.8189195031630574,0.0,0.0
0.5,0.5,0.0,0.0
0.5,0.5,0.0,0.0
0.5,0.5,0.0,0.0
0.5,0.5,0.0,0.0
0.5,0.5,0.0,0.0
0.5,0.5,0.0,0.0
0.5,0.5,0.0,0.0
0.5,0.5,0.0,0.0
0.5,0.5,0.0,0.0
0.17125276294728672,0.8287472370527132,0.0,0.0
0.0,0.5143018333680406,0.4856981666319595,0.0
0.5,0.5,0.0,0.0
0.5,0.5,0.0,0.0
0.5,0.5,0.0,0.0
0.40535774415651166,0.5946422558434884,0.0,0.0
0.5,0.5,0.0,0.0
0.5,0.5,0.0,0.0
0.5,0.5,0.0,0.0
0.5,0.5,0.0,0.0
0.5,0.5,0.0,0.0
0.5,0.5,0.0,0.0
0.0,0.45828687266702156,0.5417131273329785,0.0
0.5121182087418482,0.4878817912581518,0.0,0.0
0.5,0.5,0.0,0.0
0.5,0.5,0.0,0.0
0.5,0.5,0.0,0.0
0.5,0.5,0.0,0.0
0.5,0.5,0.0,0.0
0.5,0.5,0.0,0.0
0.5,0.5,0.0,0.0
0.5,0.5,0.0,0.0
0.5,0.5,0.0,0.0
0.38737472251994165,0.6126252774800585,0.0,0.0
0.5,0.5,0.0,0.0
