---flow_allocation with alpha---
0.10966551567122543
0.10108311825491613
0.04587873566745017
0.11054726683834935
0.01839137800304096
0.42438753178063726
0.24765448727537628
0.06874017580723381
0.0
0.29905265443199724
0.3298542028289532
0.10960632507772207
0.2420787139777239
0.17146757996352083
0.13430133871422775
0.44890942579542353
0.1408386142445105
0.22951868928835287
0.19646358041542217
0.12664044121940463
0.0
0.0
0.22965492385583675
0.35564317974405213
0.44062165390230157
0.10291563277919552
0.3706846527960396
0.28066651386801605
0.15353512705814745
0.3382552624007838
0.3882403277808422
0.06699062655355098
0.28907071306941257
0.12307215899830194
0.42624513351123455
0.43612188609703145
0.08218012008885611
0.1934800821667985
0.33627065855259014
0.1577893624077662
0.4314793658234685
0.43447782392223294
0.2430669366206507
0.012738802356106317
0.010262381129571563
0.09939689853632594
0.15473718010141715
0.02892900173132268
0.3420120491742342
0.19693158657466325
0.37199844980466834
0.1362547774508867
0.0
0.05407552392962106
0.07042803991613107
0.3880206282867502
0.35612751048552566
0.3524707220323834
0.4074676877145818
0.050437421865560515
0.31482967333604844
0.06983272960842092
0.04846872870544039
0.2843374567556385
0.1928913382339881
0.20766586819734612
0.24153289571660375
0.2735292409583315
0.17818090593362135
0.287743291112525
0.414455339750201
0.1896728897965874
0.056471125423388516
0.2722048765979333
0.3067712957551556
0.08475025813930148
0.1869519495957743
0.18495149844870265
0.02033488924592753
0.07816714103433496
0.0007517747538986556
0.3537962497709581
0.044708946233185554
0.2555331825884261
0.39046909189504314
0.10500910197751663
0.06724569348996252
0.14480413791000568
0.4226106953426747
0.03719764798552502
0.13461212848227028
0.12227449919218894
0.44108066625333237
0.4084620031778302
0.2699183537402923
0.4490640506871584
0.43888683331463474
0.241998485628863
0.046580961175331795
0.0
0.0
0.23946357407299648
0.09108769363756844
0.0
0.0869210815457835
0.41419164069687114
0.43356245410883043
0.4407637948512966
0.02488926050421161
0.025444294808603954
0.0
0.0
0.27366124709359707
0.16789735132123831
0.0
0.21396117598203102
0.37037259897286284
0.03687927836121038
0.4142450069419398
0.10356714693066756
0.28033583107891114
0.0
0.0
0.0
0.4171571140413121
0.0
0.2560353592528244
0.41781369932842516
0.31294184614552056
0.2936766242181793
0.2274691823615074
0.09128333879635184
---flow_allocation with ell_k_beta---
0.10966551567122543
0.10108311825491613
0.04587873566745017
0.11054726683834935
0.01839137800304096
0.42438753178063726
0.24765448727537628
0.06874017580723381
0.0
0.29905265443199724
0.3298542028289532
0.10960632507772207
0.2420787139777239
0.17146757996352083
0.13430133871422775
0.44890942579542353
0.1408386142445105
0.22951868928835287
0.19646358041542217
0.12664044121940463
0.0
0.0
0.22965492385583675
0.35564317974405213
0.44062165390230157
0.10291563277919552
0.3706846527960396
0.28066651386801605
0.15353512705814745
0.3382552624007838
0.3882403277808422
0.06699062655355098
0.28907071306941257
0.12307215899830194
0.42624513351123455
0.43612188609703145
0.08218012008885611
0.1934800821667985
0.33627065855259014
0.1577893624077662
0.4314793658234685
0.43447782392223294
0.2430669366206507
0.012738802356106317
0.010262381129571563
0.09939689853632594
0.15473718010141715
0.02892900173132268
0.3420120491742342
0.19693158657466325
0.37199844980466834
0.1362547774508867
0.0
0.05407552392962106
0.07042803991613107
0.3880206282867502
0.35612751048552566
0.3524707220323834
0.4074676877145818
0.050437421865560515
0.31482967333604844
0.06983272960842092
0.04846872870544039
0.2843374567556385
0.1928913382339881
0.20766586819734612
0.24153289571660375
0.2735292409583315
0.17818090593362135
0.287743291112525
0.414455339750201
0.1896728897965874
0.056471125423388516
0.2722048765979333
0.3067712957551556
0.08475025813930148
0.1869519495957743
0.18495149844870265
0.02033488924592753
0.07816714103433496
0.0007517747538986556
0.3537962497709581
0.044708946233185554
0.2555331825884261
0.39046909189504314
0.10500910197751663
0.06724569348996252
0.14480413791000568
0.4226106953426747
0.03719764798552502
0.13461212848227028
0.12227449919218894
0.44108066625333237
0.4084620031778302
0.2699183537402923
0.4490640506871584
0.43888683331463474
0.241998485628863
0.046580961175331795
0.0
0.0
0.23946357407299648
0.09108769363756844
0.0
0.0869210815457835
0.41419164069687114
0.43356245410883043
0.4407637948512966
0.02488926050421161
0.025444294808603954
0.0
0.0
0.27366124709359707
0.16789735132123831
0.0
0.21396117598203102
0.37037259897286284
0.03687927836121038
0.4142450069419398
0.10356714693066756
0.28033583107891114
0.0
0.0
0.0
0.4171571140413121
0.0
0.2560353592528244
0.41781369932842516
0.31294184614552056
0.2936766242181793
0.2274691823615074
0.09128333879635184
---flow_allocation with per_flow_loss---
0.14705296
0.13554463
0.06151983
0.14823532
0.024661413
0.5690708
0.33208548000000004
0.0
0.0
0.0
0.0
0.14697359000000002
0.3246088
0.22992474000000002
0.18008769000000002
0.60195276
0.18885367
0.30776677999999996
0.0
0.0
0.0
0.0
0.30794946
0.47688995
0.5908395000000001
0.13800189000000002
0.4970594
0.37635205
0.20587871000000002
0.0
0.0
0.0
0.0
0.16503023
0.5715617
0.58480566
0.11019717400000001
0.2594418
0.4509129
0.21158331000000002
0.5785804000000001
0.5826011
0.0
0.0
0.013761058
0.13328353999999998
0.20749056999999999
0.03879155
0.45861166
0.26406999999999997
0.4988211
0.18270709999999998
0.0
0.0
0.0
0.5203056
0.4775394
0.47263593
0.5463826
0.067632675
0.4221622
0.09364028
0.06499281000000001
0.3812745
0.0
0.2759286150000001
0.32387689999999997
0.36678152
0.23892679
0.38584145999999997
0.5557525000000001
0.25433665
0.07572340400000001
0.36500565
0.41135654
0.0
0.25068808000000004
0.24800563
0.027267510999999998
0.10481608
0.0010080717
0.47441336
0.059951233
0.34265019999999996
0.5235888
0.14080906999999998
0.0
0.19417113
0.0
0.0
0.0
0.0
0.5914550000000001
0.5477159
0.3619396
0.6021601000000001
0.58851324
0.32450122
0.06246146
0.0
0.0
0.0
0.12214154
0.0
0.116554436
0.5553989
0.58137366
0.5910301
0.03337457
0.034118828000000004
0.0
0.0
0.0
0.0
0.0
0.0
0.0
0.0
0.55547046
0.13887552
0.37590863
0.0
0.0
0.0
0.0
0.0
0.0
0.0
0.41963077
0.39379759999999997
0.30501855
0.122403885
---weights per flow per tunnel---
1.0,0.0,0.0,0.0
0.5,0.5,0.0,0.0
0.5,0.5,0.0,0.0
0.5,0.5,0.0,0.0
0.14356428493600493,0.8564357150639951,0.0,0.0
0.3905481548825012,0.6094518451174988,0.0,0.0
0.5,0.5,0.0,0.0
1.0,0.0,0.0,0.0
0.0,0.0,0.0,0.0
1.0,0.0,0.0,0.0
1.0,0.0,0.0,0.0
1.0,0.0,0.0,0.0
0.5,0.5,0.0,0.0
0.8433904121577701,0.15660958784222997,0.0,0.0
1.0,0.0,0.0,0.0
0.4364755330568874,0.5635244669431125,0.0,0.0
0.5,0.5,0.0,0.0
0.5,0.5,0.0,0.0
0.0,1.0,0.0,0.0
1.0,0.0,0.0,0.0
0.0,0.0,0.0,0.0
0.0,0.0,0.0,0.0
1.0,0.0,0.0,0.0
1.0,0.0,0.0,0.0
0.29454951891022924,0.7054504810897707,0.0,0.0
0.4995996380544965,0.4995996380544965,0.000800723891007002,0.0
0.7587881081031088,0.10269955230808184,0.1385123395888093,0.0
0.0,0.5,0.5,0.0
0.3333333333333333,0.3333333333333333,0.3333333333333333,0.0
1.0,0.0,0.0,0.0
1.0,0.0,0.0,0.0
1.0,0.0,0.0,0.0
1.0,0.0,0.0,0.0
0.5,0.5,0.0,0.0
0.7659186557485471,0.23408134425145294,0.0,0.0
0.3333333333333333,0.3333333333333333,0.3333333333333333,0.0
0.5,0.5,0.0,0.0
0.0,0.2744750988021935,0.0,0.7255249011978064
0.0,0.6658488387068777,0.33415116129312217,0.0
0.3333333333333333,0.3333333333333333,0.3333333333333333,0.0
0.5,0.5,0.0,0.0
1.0,0.0,0.0,0.0
1.0,0.0,0.0,0.0
1.0,0.0,0.0,0.0
1.0,0.0,0.0,0.0
0.5,0.5,0.0,0.0
0.0,0.5,0.5,0.0
0.5,0.5,0.0,0.0
1.0,0.0,0.0,0.0
0.5,0.5,0.0,0.0
0.5,0.5,0.0,0.0
0.0,1.0,0.0,0.0
0.0,0.0,0.0,0.0
1.0,0.0,0.0,0.0
0.0,1.0,0.0,0.0
0.5,0.5,0.0,0.0
0.5,0.5,0.0,0.0
0.33333333333333337,0.33333333333333337,0.33333333333333337,0.0
0.0,0.2035828457926562,0.0,0.7964171542073437
1.0,0.0,0.0,0.0
0.5,0.5,0.0,0.0
0.5,0.5,0.0,0.0
0.5,0.5,0.0,0.0
1.0,0.0,0.0,0.0
1.0,0.0,0.0,0.0
0.502286489450871,0.49771351054912905,0.0,0.0
0.5,0.5,0.0,0.0
0.5,0.5,0.0,0.0
0.5526842025523947,0.4473157974476053,0.0,0.0
0.3739670933953581,0.626032906604642,0.0,0.0
0.5,0.5,0.0,0.0
0.3333333333333333,0.3333333333333333,0.3333333333333333,0.0
0.9355787657565993,0.06442123424340065,0.0,0.0
0.5,0.5,0.0,0.0
1.0,0.0,0.0,0.0
1.0,0.0,0.0,0.0
0.5,0.5,0.0,0.0
0.5,0.5,0.0,0.0
0.5,0.5,0.0,0.0
0.9447549586281809,0.055245041371819084,0.0,0.0
0.5,0.5,0.0,0.0
0.5,0.5,0.0,0.0
0.43146090497801226,0.43146090497801226,0.13707819004397545,0.0
0.8064165318993423,0.0,0.19358346810065766,0.0
0.5,0.5,0.0,0.0
1.0,0.0,0.0,0.0
1.0,0.0,0.0,0.0
0.5,0.5,0.0,0.0
1.0,0.0,0.0,0.0
0.0,1.0,0.0,0.0
1.0,0.0,0.0,0.0
0.0,1.0,0.0,0.0
0.0,1.0,0.0,0.0
0.5,0.5,0.0,0.0
0.5,0.5,0.0,0.0
0.5,0.5,0.0,0.0
0.16931462282072618,0.8306853771792738,0.0,0.0
0.5,0.5,0.0,0.0
0.05543393950642148,0.9445660604935785,0.0,0.0
0.0,0.0,0.0,0.0
0.0,0.0,0.0,0.0
1.0,0.0,0.0,0.0
1.0,0.0,0.0,0.0
0.0,0.0,0.0,0.0
1.0,0.0,0.0,0.0
1.0,0.0,0.0,0.0
1.0,0.0,0.0,0.0
0.5452393341099185,0.4547606658900814,0.0,0.0
0.0,0.016425079393422,0.983574920606578,0.0
0.01181998202655953,0.9881800179734405,0.0,0.0
0.0,0.0,0.0,0.0
0.0,0.0,0.0,0.0
1.0,0.0,0.0,0.0
1.0,0.0,0.0,0.0
0.0,0.0,0.0,0.0
1.0,0.0,0.0,0.0
1.0,0.0,0.0,0.0
1.0,0.0,0.0,0.0
0.5,0.5,0.0,0.0
0.0,0.5,0.5,0.0
0.25682097379321556,0.7431790262067844,0.0,0.0
0.0,0.0,0.0,0.0
0.0,0.0,0.0,0.0
0.0,0.0,0.0,0.0
1.0,0.0,0.0,0.0
0.0,0.0,0.0,0.0
1.0,0.0,0.0,0.0
1.0,0.0,0.0,0.0
0.5,0.5,0.0,0.0
0.5723583933725325,0.4276416066274675,0.0,0.0
0.8931900770207319,0.10680992297926821,0.0,0.0
0.5,0.5,0.0,0.0
