---flow_allocation with alpha---
0.1512781939587053
0.2122792733949203
0.062265210907639285
0.23226967508427768
0.23200449700652984
0.04754429459729637
0.08450815244663758
0.1973530115906117
0.23567947641008052
0.19972425344105052
0.025033381796927642
0.07591753520646215
0.06168459571389303
0.24402307458731962
0.1766889411734466
0.2183104908355745
0.2321281310854247
0.23846179949705434
0.19007873610312923
0.1292718261051249
0.08493590643202557
0.14063106621533816
0.18503156788075747
0.11859684955714977
0.01901999207492992
0.24301331047700644
0.07501752644012963
0.07006676207759728
0.017926777037153157
0.023280991200229084
0.07086326778076903
0.02736190554064395
0.02623769230899625
0.04267975441826193
0.05842164825890105
0.05496563568621509
0.24746104023787813
0.017515886773339078
0.11131052618192545
0.2136964404411002
0.07592512097506378
0.20547219191127786
0.012530820388863783
0.08392774483193581
0.15516754439307587
0.151166956500347
0.00017217184679907006
0.2474620698299388
0.24105490183023806
0.030596763399336306
0.21064546025159298
0.043271966638065436
0.03444653017055608
0.009828394476111973
0.09427070284983913
0.046644109803934124
0.12257114133652336
0.06219031638838932
0.060036874774585254
0.08850010505111588
0.2397446629014529
0.0445369641292633
0.07346106970351983
0.22700780370461487
0.06968318091287556
0.234824931606071
0.05894741276593276
0.18233728321813036
0.20231473197511193
0.11961327280321002
0.2049522811333006
0.042431629374176556
0.10432296717384658
0.22785428613853667
0.07874368238130751
0.084597668833781
0.0877664957984229
0.23768522968531489
0.21154441036479865
0.12254401490699013
0.201322570567771
0.014586679093855776
0.1801040399164647
0.0659379700457302
0.02307166350987401
0.09435332761270566
0.09027603511145897
0.11939059861061077
0.01157900321429268
0.024747698230849453
0.16659287767105296
0.20712638101361175
0.06292315842893391
0.22530406963594346
0.0635146706921994
0.15098499270995205
0.2293253324015029
0.03663113355051815
0.02443689095785923
0.16521720982744637
0.165818284011817
0.04688947570736022
0.08126042053560631
0.2325348614651873
0.11504027324057292
0.17857904801141786
0.08444851913873813
0.13169999443272312
0.2231482865305176
0.16083728368566508
0.011416203121284503
0.061148385829342865
0.2399892242285026
0.10722088687911283
0.21369091883851693
0.20423293671254458
0.15521296268800902
0.052016915576550256
0.23450076786704244
0.22816399407290727
0.1339941248197169
0.09419290637554728
0.06352802217634063
0.11071548009300666
0.1585142499925173
0.12465817426241599
0.2489119762430147
0.053703102573433345
0.13553454399934983
0.1706046997416693
0.10036313119913087
0.22554504399710443
---flow_allocation with ell_k_beta---
0.1512781939587053
0.2122792733949203
0.062265210907639285
0.23226967508427768
0.23200449700652984
0.04754429459729637
0.08450815244663758
0.1973530115906117
0.23567947641008052
0.19972425344105052
0.025033381796927642
0.07591753520646215
0.06168459571389303
0.24402307458731962
0.1766889411734466
0.2183104908355745
0.2321281310854247
0.23846179949705434
0.19007873610312923
0.1292718261051249
0.08493590643202557
0.14063106621533816
0.18503156788075747
0.11859684955714977
0.01901999207492992
0.24301331047700644
0.07501752644012963
0.07006676207759728
0.017926777037153157
0.023280991200229084
0.07086326778076903
0.02736190554064395
0.02623769230899625
0.04267975441826193
0.05842164825890105
0.05496563568621509
0.24746104023787813
0.017515886773339078
0.11131052618192545
0.2136964404411002
0.07592512097506378
0.20547219191127786
0.012530820388863783
0.08392774483193581
0.15516754439307587
0.151166956500347
0.00017217184679907006
0.2474620698299388
0.24105490183023806
0.030596763399336306
0.21064546025159298
0.043271966638065436
0.03444653017055608
0.009828394476111973
0.09427070284983913
0.046644109803934124
0.12257114133652336
0.06219031638838932
0.060036874774585254
0.08850010505111588
0.2397446629014529
0.0445369641292633
0.07346106970351983
0.22700780370461487
0.06968318091287556
0.234824931606071
0.05894741276593276
0.18233728321813036
0.20231473197511193
0.11961327280321002
0.2049522811333006
0.042431629374176556
0.10432296717384658
0.22785428613853667
0.07874368238130751
0.084597668833781
0.0877664957984229
0.23768522968531489
0.21154441036479865
0.12254401490699013
0.201322570567771
0.014586679093855776
0.1801040399164647
0.0659379700457302
0.02307166350987401
0.09435332761270566
0.09027603511145897
0.11939059861061077
0.01157900321429268
0.024747698230849453
0.16659287767105296
0.20712638101361175
0.06292315842893391
0.22530406963594346
0.0635146706921994
0.15098499270995205
0.2293253324015029
0.03663113355051815
0.02443689095785923
0.16521720982744637
0.165818284011817
0.04688947570736022
0.08126042053560631
0.2325348614651873
0.11504027324057292
0.17857904801141786
0.08444851913873813
0.13169999443272312
0.2231482865305176
0.16083728368566508
0.011416203121284503
0.061148385829342865
0.2399892242285026
0.10722088687911283
0.21369091883851693
0.20423293671254458
0.15521296268800902
0.052016915576550256
0.23450076786704244
0.22816399407290727
0.1339941248197169
0.09419290637554728
0.06352802217634063
0.11071548009300666
0.1585142499925173
0.12465817426241599
0.2489119762430147
0.053703102573433345
0.13553454399934983
0.1706046997416693
0.10036313119913087
0.22554504399710443
---flow_allocation with per_flow_loss---
0.18219348
0.25566077000000004
0.07498976
0.27973642
0.27941705
0.05726047
0.10177828
0.0
0.0
0.0
0.0
0.09143208
0.07429049
0.29389175
0.21279718
0.26292453
0.27956595
0.0
0.0
0.0
0.0
0.0
0.22284471
0.14283336
0.022906927
0.29267563
0.090348145
0.08438564
0.021590302000000002
0.028038706
0.08534492
0.032953598
0.0
0.05140181
0.070360725
0.06619844000000001
0.2980323
0.021095442
0.13405799999999998
0.25736755
0.09144121599999999
0.24746259
0.015091625000000001
0.0
0.18687766
0.18205950999999998
0.00020735697
0.29803354000000004
0.290317
0.036849533000000004
0.25369307
0.052115047
0.04148604
0.01183693
0.0
0.05617632299999999
0.14761984
0.07489955999999999
0.07230604
0.10658603
0.28873899999999997
0.053638559999999995
0.08847361
0.27339923
0.08392367
0.0
0.070993935
0.21959982
0.24365987
0.1440575
0.24683643
0.051102978
0.12564246
0.2744187
0.09483578
0.10188609
0.0
0.2862587
0.0
0.14758717
0.24246494999999998
0.017567620000000003
0.21691019
0.07941308600000001
0.0277866
0.11363542
0.10872489
0.0
0.0
0.0
0.20063788
0.24945483
0.075782166
0.27134732
0.07649456
0.18184036
0.27619036999999996
0.04411709
0.0
0.0
0.0
0.056471832
0.09786684
0.28005579999999997
0.13854996
0.21507355
0.10170646000000001
0.15861427
0.26875098000000003
0.19370607
0.0
0.0
0.28903354000000003
0.1291326
0.2573609
0.24597008
0.18693236
0.062647118
0.28242345999999996
0.27479169999999997
0.16137723
0.0
0.0
0.0
0.0
0.0
0.0
0.0
0.0
0.0
0.12087339
0.27163754
---weights per flow per tunnel---
0.5,0.5,0.0,0.0
0.5,0.5,0.0,0.0
0.5,0.5,0.0,0.0
0.5,0.5,0.0,0.0
0.5,0.5,0.0,0.0
0.5,0.5,0.0,0.0
0.5,0.5,0.0,0.0
0.5,0.5,0.0,0.0
0.5,0.5,0.0,0.0
0.5,0.5,0.0,0.0
0.5,0.5,0.0,0.0
0.5,0.5,0.0,0.0
0.5,0.5,0.0,0.0
0.5,0.5,0.0,0.0
0.5,0.5,0.0,0.0
0.5,0.5,0.0,0.0
0.5,0.5,0.0,0.0
0.5,0.5,0.0,0.0
0.5,0.5,0.0,0.0
0.5,0.5,0.0,0.0
0.5,0.5,0.0,0.0
0.5,0.5,0.0,0.0
0.8083615191269956,0.19163848087300445,0.0,0.0
0.5,0.5,0.0,0.0
0.3333333333333333,0.3333333333333333,0.3333333333333333,0.0
0.12810882764024886,0.8004707498903862,0.07142042246936474,0.0
0.41031406314815383,0.41031406314815383,0.17937187370369234,0.0
0.3333333333333333,0.3333333333333333,0.3333333333333333,0.0
0.33333333333333337,0.33333333333333337,0.33333333333333337,0.0
0.5,0.5,0.0,0.0
0.08458067725031239,0.9154193227496876,0.0,0.0
0.06343788043713396,0.9365621195628661,0.0,0.0
0.5,0.5,0.0,0.0
0.5,0.5,0.0,0.0
0.5,0.5,0.0,0.0
0.5,0.5,0.0,0.0
0.38499984533963316,0.3075000773301834,0.3075000773301834,0.0
0.3333333333333333,0.0,0.3333333333333333,0.3333333333333333
0.09287170456533872,0.7961904159522512,0.09287170456533872,0.018066174917071316
0.15305356677811457,0.5815086848569022,0.19381603386552004,0.07162171449946315
0.5,0.5,0.0,0.0
0.5,0.5,0.0,0.0
0.5,0.5,0.0,0.0
0.17221129506750027,0.8277887049324997,0.0,0.0
0.8286948288726035,0.1713051711273966,0.0,0.0
0.5,0.5,0.0,0.0
0.33333333333333337,0.33333333333333337,0.33333333333333337,0.0
0.1911837073469624,0.6176325853060751,0.1911837073469624,0.0
0.7265286796508323,0.2734713203491677,0.0,0.0
0.3333333333333333,0.3333333333333333,0.3333333333333333,0.0
0.7748823303220496,0.11255883483897515,0.11255883483897515,0.0
0.5,0.5,0.0,0.0
0.5,0.5,0.0,0.0
0.5,0.5,0.0,0.0
0.5,0.5,0.0,0.0
0.5,0.5,0.0,0.0
0.831196084810669,0.16880391518933108,0.0,0.0
0.9599248545415908,0.04007514545840915,0.0,0.0
0.07796856437240901,0.08233717496176002,0.07796856437240901,0.7617256962934219
0.3333333333333333,0.3333333333333333,0.3333333333333333,0.0
0.40485828767394394,0.21457486302183185,0.1902834246521121,0.1902834246521121
0.046648211539260784,0.857491217244819,0.09586057121592025,0.0
0.5,0.5,0.0,0.0
0.5,0.5,0.0,0.0
0.5,0.5,0.0,0.0
0.5,0.5,0.0,0.0
0.5,0.5,0.0,0.0
0.5,0.5,0.0,0.0
0.15283168984128925,0.6943366203174214,0.15283168984128925,0.0
0.30422538935232374,0.30422538935232374,0.30422538935232374,0.08732383194302884
0.3333333333333333,0.3333333333333333,0.3333333333333333,0.0
0.3333333333333333,0.3333333333333333,0.3333333333333333,0.0
0.3333333333333333,0.3333333333333333,0.3333333333333333,0.0
0.5,0.5,0.0,0.0
0.5,0.5,0.0,0.0
0.5,0.5,0.0,0.0
0.5,0.5,0.0,0.0
0.5,0.5,0.0,0.0
0.23399324228717797,0.7660067577128221,0.0,0.0
0.3961675148415889,0.3961675148415889,0.2076649703168222,0.0
0.33333333333333337,0.33333333333333337,0.33333333333333337,0.0
0.33333333333333337,0.33333333333333337,0.33333333333333337,0.0
0.38051486388454603,0.5454255780090876,0.07405955810636633,0.0
0.7997319440204785,0.1001340279897608,0.1001340279897608,0.0
0.5,0.5,0.0,0.0
0.5,0.5,0.0,0.0
0.5,0.5,0.0,0.0
0.5,0.5,0.0,0.0
0.5,0.5,0.0,0.0
0.5,0.5,0.0,0.0
0.5,0.5,0.0,0.0
0.5,0.5,0.0,0.0
0.5,0.5,0.0,0.0
0.5,0.5,0.0,0.0
0.5,0.5,0.0,0.0
0.5,0.5,0.0,0.0
0.5,0.5,0.0,0.0
0.5000000000000008,0.49999999999999917,0.0,0.0
0.5,0.5,0.0,0.0
0.5,0.5,0.0,0.0
0.5,0.5,0.0,0.0
0.5,0.5,0.0,0.0
0.5,0.5,0.0,0.0
0.5,0.5,0.0,0.0
0.5,0.5,0.0,0.0
0.5,0.5,0.0,0.0
0.5,0.5,0.0,0.0
0.5,0.5,0.0,0.0
0.04035503559343169,0.49921607355769143,0.4604288908488769,0.0
0.1588987973612781,0.8411012026387219,0.0,0.0
0.5,0.5,0.0,0.0
0.5,0.5,0.0,0.0
0.5,0.5,0.0,0.0
0.5,0.5,0.0,0.0
0.5,0.5,0.0,0.0
0.5,0.5,0.0,0.0
0.5,0.5,0.0,0.0
0.5,0.5,0.0,0.0
0.5,0.5,0.0,0.0
0.0429012938829895,0.5190481669823394,0.43805053913467107,0.0
0.3169804515509237,0.6830195484490763,0.0,0.0
0.5,0.5,0.0,0.0
0.5,0.5,0.0,0.0
0.5,0.5,0.0,0.0
0.5,0.5,0.0,0.0
0.5,0.5,0.0,0.0
0.5,0.5,0.0,0.0
0.5,0.5,0.0,0.0
0.5,0.5,0.0,0.0
0.5,0.5,0.0,0.0
0.31359961789812874,0.6864003821018714,0.0,0.0
0.28669961914459213,0.7133003808554079,0.0,0.0
