---flow_allocation with alpha---
0.13682598862701478
0.12611801899691732
0.057241360934971196
0.13792612000766183
0.022946305974827805
0.5294941006883928
0.3089902040032159
0.08576481363035633
0.39690926945338234
0.37311797463172236
0.4115480342987116
0.13675213850718498
0.3020334985234497
0.21393435304062788
0.16756327940495291
0.560089246035987
0.17571961899706065
0.2863627766489906
0.24512102510084136
0.15800503434420013
0.03123629595388721
0.3232823003636493
0.2865327519531422
0.44372407651663487
0.5497488707972359
0.1284043859548733
0.4624908183510946
0.3501782032340845
0.19156063252997066
0.42202975477752
0.484394445677405
0.08358195966006655
0.36066384092348225
0.15355300820257975
0.5318117681129113
0.5441346613095981
0.10253338169087634
0.24139861432352155
0.4195536310671628
0.1968684994013459
0.5383423443514069
0.5420834200323903
0.30326647079622354
0.01589377677777818
0.012804029006989662
0.12401417916516788
0.1930603938270458
0.036093745947883504
0.4267169717316561
0.245704940701199
0.4641299988488161
0.17000051945010047
0.008660551122416274
0.42928364720794304
0.08787070511278265
0.4841203339815268
0.4443283597511499
0.43976590734996795
0.5083837782904796
0.0629290809267939
0.3928024323750813
0.08712795639278856
0.060472808448723055
0.3547583156488026
0.24066405824942766
0.25909774413840336
0.30135249937133396
0.3412732670197131
0.2223103448664287
0.359007661034438
0.5171020375545996
0.23664850799557544
0.07045713064533245
0.33962090199133793
0.3827482647318908
0.10574005680207872
0.2332536820952681
0.23075778624119933
0.02537115981870069
0.09752652221354995
0.000937964165831245
0.44141972388630507
0.05578185386158505
0.3188201881026015
0.48717519996899283
0.13101633731412496
0.08390019812843982
0.1806672699758958
0.4279231472998996
0.0
0.4641944606895847
0.15255779479486967
0.5503215651245037
0.5096243523709768
0.33676808405125797
0.5602821663313822
0.547584393289925
0.3019334003013092
0.058117504167115974
0.4727274200751095
0.31262628604542797
0.29877067610682956
0.1136470626835806
0.045003650785662375
0.10844852041444199
0.51677302908324
0.5409413437934603
0.5499262152956554
0.031053496204710932
0.031745993905155485
0.0
0.2704887320054097
0.3414379666506955
0.20947989841453282
0.15176062848311236
0.26695218868351633
0.4621014792539348
0.046013039657346815
0.5168396123587221
0.1292172583271412
0.3497656214004581
0.0
0.0
0.04562012289878089
0.5204729507916888
0.3484157096913707
0.31944673709707017
0.5212921502499444
0.3904470536571685
0.3664104819035653
0.2838056755425293
0.11389116259143933
---flow_allocation with ell_k_beta---
0.13682598862701476
0.12611801899691732
0.05724136093497119
0.13792612000766183
0.022946305974827802
0.5294941006883928
0.30899020400321586
0.08576481363035632
0.3969092694533823
0.3731179746317223
0.4115480342987116
0.13675213850718498
0.3020334985234497
0.21393435304062786
0.1675632794049529
0.5600892460359869
0.17571961899706065
0.28636277664899057
0.24512102510084133
0.1580050343442001
0.031236295953887206
0.3232823003636493
0.28653275195314215
0.4437240765166348
0.5497488707972359
0.1284043859548733
0.46249081835109457
0.35017820323408444
0.19156063252997063
0.42202975477751997
0.4843944456774049
0.08358195966006655
0.36066384092348225
0.15355300820257972
0.5318117681129112
0.544134661309598
0.10253338169087632
0.24139861432352153
0.41955363106716276
0.19686849940134588
0.5383423443514069
0.5420834200323903
0.3032664707962235
0.01589377677777818
0.012804029006989662
0.12401417916516787
0.19306039382704576
0.0360937459478835
0.4267169717316561
0.24570494070119897
0.46412999884881606
0.17000051945010047
0.008660551122416272
0.429283647207943
0.08787070511278264
0.48412033398152676
0.44432835975114987
0.43976590734996795
0.5083837782904795
0.06292908092679389
0.3928024323750812
0.08712795639278854
0.06047280844872305
0.35475831564880256
0.24066405824942763
0.2590977441384033
0.3013524993713339
0.3412732670197131
0.2223103448664287
0.359007661034438
0.5171020375545996
0.2366485079955754
0.07045713064533243
0.3396209019913379
0.3827482647318907
0.10574005680207872
0.23325368209526806
0.2307577862411993
0.025371159818700688
0.09752652221354993
0.0009379641658312449
0.441419723886305
0.055781853861585046
0.31882018810260143
0.4871751999689928
0.13101633731412493
0.08390019812843981
0.18066726997589577
0.42792314729989955
0.0
0.46419446068958464
0.15255779479486964
0.5503215651245036
0.5096243523709768
0.3367680840512579
0.5602821663313821
0.547584393289925
0.3019334003013092
0.05811750416711597
0.47272742007510943
0.31262628604542797
0.2987706761068295
0.11364706268358059
0.04500365078566237
0.10844852041444197
0.5167730290832399
0.5409413437934601
0.5499262152956553
0.03105349620471093
0.031745993905155485
0.0
0.2704887320054096
0.3414379666506955
0.2094798984145328
0.15176062848311234
0.2669521886835163
0.46210147925393474
0.04601303965734681
0.516839612358722
0.1292172583271412
0.349765621400458
0.0
0.0
0.04562012289878088
0.5204729507916886
0.3484157096913707
0.3194467370970701
0.5212921502499444
0.3904470536571684
0.36641048190356523
0.2838056755425292
0.11389116259143932
---flow_allocation with per_flow_loss---
0.14705296
0.13554463
0.06151983
0.14823532
0.024661413
0.5690708
0.33208548000000004
0.09217525
0.3236807613928578
0.40100644
0.44230893
0.14697359000000002
0.3246088
0.22992474000000002
0.18008769000000002
0.60195276
0.18885367
0.30776677999999996
0.26344244
0.16981502
0.033571033
0.34744583
0.30794946
0.47688995
0.5908395000000001
0.13800189000000002
0.4970594
0.37635205
0.20587871000000002
0.4535741
0.5206002
0.08982924
0.38762143
0.16503023
0.5715617
0.58480566
0.11019717400000001
0.2594418
0.4509129
0.21158331000000002
0.5785804000000001
0.5826011
0.32593393
0.017081747
0.013761058
0.13328353999999998
0.20749056999999999
0.03879155
0.45861166
0.26406999999999997
0.4988211
0.18270709999999998
0.0093078785
0.46137018
0.094438545
0.5203056
0.4775394
0.47263593
0.5463826
0.067632675
0.4221622
0.09364028
0.06499281000000001
0.3812745
0.25865234
0.27846384
0.32387689999999997
0.36678152
0.23892679
0.38584145999999997
0.5557525000000001
0.25433665
0.07572340400000001
0.36500565
0.41135654
0.11364352999999999
0.25068808000000004
0.24800563
0.027267510999999998
0.10481608
0.0010080717
0.47441336
0.059951233
0.34265019999999996
0.5235888
0.14080906999999998
0.090171265
0.19417113
0.4599079903928568
0.0
0.49889037999999997
0.16396063
0.5914550000000001
0.5477159
0.3619396
0.6021601000000001
0.58851324
0.32450122
0.06246146
0.50806113
0.2566064162142858
0.3211021
0.12214154
0.048367419999999495
0.116554436
0.5553989
0.58137366
0.5910301
0.03337457
0.034118828000000004
0.0
0.29070624
0.36695853
0.22513734
0.16310388
0.28690536
0.49664096
0.049452255
0.55547046
0.13887552
0.37590863
0.0
0.0
0.04902996992857084
0.5593753699999999
0.37445782000000005
0.34332357999999985
0.3565580747857151
0.41963077
0.39379759999999997
0.30501855
0.122403885
---weights per flow per tunnel---
1.0,0.0,0.0,0.0
0.5,0.5,0.0,0.0
0.5,0.5,0.0,0.0
1.0,0.0,0.0,0.0
0.5,0.5,0.0,0.0
0.5,0.5,0.0,0.0
0.5,0.5,0.0,0.0
0.0,1.0,0.0,0.0
0.24121197302975841,0.7587880269702416,0.0,0.0
1.0,0.0,0.0,0.0
0.5,0.5,0.0,0.0
1.0,0.0,0.0,0.0
0.5,0.5,0.0,0.0
0.49999999999999956,0.5000000000000004,0.0,0.0
1.0,0.0,0.0,0.0
0.48957778708369015,0.5104222129163097,0.0,0.0
0.5,0.5,0.0,0.0
0.5,0.5,0.0,0.0
1.0,0.0,0.0,0.0
0.0,1.0,0.0,0.0
0.0,1.0,0.0,0.0
0.5,0.5,0.0,0.0
0.9444662337879789,0.05553376621202112,0.0,0.0
0.5,0.5,0.0,0.0
0.5,0.5,0.0,0.0
0.5,0.5,0.0,0.0
0.5383484550550401,0.288446097316676,0.17320544762828397,0.0
0.3333333333333333,0.3333333333333333,0.3333333333333333,0.0
0.3333333333333333,0.3333333333333333,0.3333333333333333,0.0
0.0,1.0,0.0,0.0
0.0,1.0,0.0,0.0
0.0,1.0,0.0,0.0
0.3827493305686641,0.6172506694313358,0.0,0.0
0.5,0.5,0.0,0.0
0.5,0.5,0.0,0.0
0.7932503588100882,0.0723404182535,0.13440922293641183,0.0
0.5,0.5,0.0,0.0
0.33333333333333337,0.33333333333333337,0.0,0.33333333333333337
0.0,0.7868028048803074,0.21319719511969257,0.0
0.5,0.0,0.5,0.0
0.0,1.0,0.0,0.0
0.7716750232583764,0.22832497674162353,0.0,0.0
1.0,0.0,0.0,0.0
0.5,0.5,0.0,0.0
0.5,0.5,0.0,0.0
0.5,0.5,0.0,0.0
0.5,0.5,0.0,0.0
0.5,0.5,0.0,0.0
0.5,0.0,0.5,0.0
0.5,0.5,0.0,0.0
0.6645767628079283,0.3354232371920718,0.0,0.0
0.0,1.0,0.0,0.0
0.0,1.0,0.0,0.0
0.0,1.0,0.0,0.0
0.0,1.0,0.0,0.0
0.6126676403609532,0.38733235963904683,0.0,0.0
0.5,0.5,0.0,0.0
0.7210145304537364,0.2789854695462635,0.0,0.0
0.0,0.4649261116899207,0.0,0.5350738883100792
0.5,0.5,0.0,0.0
0.5710811710058828,0.4289188289941172,0.0,0.0
0.5,0.5,0.0,0.0
1.0,0.0,0.0,0.0
0.0,1.0,0.0,0.0
1.0,0.0,0.0,0.0
1.0,0.0,0.0,0.0
0.5,0.5,0.0,0.0
0.5,0.5,0.0,0.0
0.5,0.5,0.0,0.0
0.3319915705770379,0.33400421471148106,0.33400421471148106,0.0
0.49093438086619157,0.5090656191338084,0.0,0.0
0.7934496488904174,0.20655035110958264,0.0,0.0
0.9773989344884881,0.0,0.022601065511511878,0.0
0.3713061012108361,0.6286938987891639,0.0,0.0
0.0,1.0,0.0,0.0
0.0,1.0,0.0,0.0
1.0,0.0,0.0,0.0
0.5,0.5,0.0,0.0
0.5,0.5,0.0,0.0
0.5,0.5,0.0,0.0
0.9996105807654212,0.00038941923457886995,0.0,0.0
0.6038563495015009,0.3961436504984992,0.0,0.0
0.9621277006667502,0.037872299333249704,0.0,0.0
1.0,0.0,0.0,0.0
1.0,0.0,0.0,0.0
0.8221821848651439,0.17781781513485603,0.0,0.0
0.0,1.0,0.0,0.0
1.0,0.0,0.0,0.0
0.0,1.0,0.0,0.0
0.0,0.0,0.0,0.0
0.0,1.0,0.0,0.0
1.0,0.0,0.0,0.0
0.0,1.0,0.0,0.0
1.0,0.0,0.0,0.0
0.0,1.0,0.0,0.0
1.0,0.0,0.0,0.0
1.0,0.0,0.0,0.0
0.7151728466822894,0.28482715331771064,0.0,0.0
0.9796945042308686,0.020305495769131317,0.0,0.0
0.0,1.0,0.0,0.0
0.7637247131847726,0.23627528681522733,0.0,0.0
0.0,1.0,0.0,0.0
1.0,0.0,0.0,0.0
0.0,1.0,0.0,0.0
0.0,1.0,0.0,0.0
0.0,1.0,0.0,0.0
1.0,0.0,0.0,0.0
1.0,0.0,0.0,0.0
1.0,0.0,0.0,0.0
0.9890387654183374,0.010961234581662701,0.0,0.0
0.0,0.0,0.0,0.0
1.0,0.0,0.0,0.0
0.0,1.0,0.0,0.0
1.0,0.0,0.0,0.0
0.0,1.0,0.0,0.0
1.0,0.0,0.0,0.0
0.5847261489035733,0.41527385109642667,0.0,0.0
0.0,1.0,0.0,0.0
0.42962614475339045,0.5703738552466094,0.0,0.0
1.0,0.0,0.0,0.0
0.5,0.5,0.0,0.0
0.0,0.0,0.0,0.0
0.0,0.0,0.0,0.0
0.0,1.0,0.0,0.0
1.0,0.0,0.0,0.0
0.0,1.0,0.0,0.0
1.0,0.0,0.0,0.0
0.36357985979669444,0.6364201402033056,0.0,0.0
1.0,0.0,0.0,0.0
0.7887178340819164,0.21128216591808352,0.0,0.0
0.9001384910659957,0.09986150893400433,0.0,0.0
0.5,0.5,0.0,0.0
