---flow_allocation with alpha---
0.019238250000000002
0.0072766886
0.0017154030000000001
0.00018690728
0.015000234000000001
0.023419386
0.010148172
0.013171849999999999
0.030101202
0.014012577
0.029179478
0.016347326
0.02554789
0.021924437999999997
0.016769998999999997
0.0014045981
0.033828673999999996
0.01038995
0.0068615084
0.035528343
0.023850965
0.02445109
0.016315287
0.0075472455
0.015888891
0.034174877
0.0043040104
0.031051922000000003
0.018947638000000003
0.021230463
0.010786775
0.01853443
0.026805575999999998
0.011458032
0.032960079999999996
0.0073030457
0.02029051
0.003266783
0.034054466
0.010963965999999999
0.021497847
0.025577322
0.024571653000000002
0.008627608
0.018000656
0.034195232
0.011694972
0.02005149
0.031713896
0.010668986
0.0027449355
0.017619204
0.036577724000000006
0.015328796
0.007420251
0.009729248999999999
0.008873607
0.033436348000000005
0.0027337587
0.02216414
0.035075764
0.034100807000000004
0.0033658776
0.023770716
0.006756982
0.025559181
0.016469288
0.033517006
0.037376606
0.026034332
0.011543697
0.020619156
0.0050357223
0.0061829686
0.025930364999999997
0.025179625
0.007321047
0.009860806
0.0019851443
0.028803903999999998
0.007693559
0.0079685817
0.023140861999999998
0.015445024500000001
0.0011990427
0.0042107944000000005
0.029562214
0.018105074
0.03617677
0.034183525000000006
0.028240873
0.011632357000000001
0.030112354
0.021421917000000002
0.037088209999999996
0.019779558000000003
0.005608839
0.0129293
0.009026588
0.036561794
0.026295095
0.010234946
0.006730432000000001
0.008784960999999999
0.014232007
0.0049306164
0.03202153
0.024282177000000002
0.031208511
0.023056189
0.025068899999999998
0.030339516
0.03588833
0.014317064000000001
0.0063599486
0.029462578
0.002547243
0.036854687
0.033171031999999996
0.011077080999999999
0.007200517
0.015513712
0.026243177
0.0027030869000000003
0.013780489
0.014647704
0.035075626
0.010161196
0.023213785
0.0014345775
0.032944443
0.028220376999999998
---flow_allocation with ell_k_beta---
0.019238250000000002
0.0072766886
0.0017154030000000001
0.00018690728
0.015000234000000001
0.023419386
0.010148172
0.013171849999999999
0.030101202
0.014012577
0.029179478
0.016347326
0.02554789
0.021924437999999997
0.016769998999999997
0.0014045981
0.033828673999999996
0.01038995
0.0068615084
0.035528343
0.023850965
0.02445109
0.016315287
0.0075472455
0.015888891
0.034174877
0.0043040104
0.031051922000000003
0.018947638000000003
0.021230463
0.010786775
0.01853443
0.026805575999999998
0.011458032
0.032960079999999996
0.0073030457
0.02029051
0.003266783
0.034054466
0.010963965999999999
0.021497847
0.025577322
0.024571653000000002
0.008627608
0.018000656
0.034195232
0.011694972
0.02005149
0.031713896
0.010668986
0.0027449355
0.017619204
0.036577724000000006
0.015328796
0.007420251
0.009729248999999999
0.008873607
0.033436348000000005
0.0027337587
0.02216414
0.035075764
0.034100807000000004
0.0033658776
0.023770716
0.006756982
0.025559181
0.016469288
0.033517006
0.037376606
0.026034332
0.011543697
0.020619156
0.0050357223
0.0061829686
0.025930364999999997
0.025179625
0.007321047
0.009860806
0.0019851443
0.028803903999999998
0.007693559
0.0079685817
0.023140861999999998
0.015445024500000001
0.0011990427
0.0042107944000000005
0.029562214
0.018105074
0.03617677
0.034183525000000006
0.028240873
0.011632357000000001
0.030112354
0.021421917000000002
0.037088209999999996
0.019779558000000003
0.005608839
0.0129293
0.009026588
0.036561794
0.026295095
0.010234946
0.006730432000000001
0.008784960999999999
0.014232007
0.0049306164
0.03202153
0.024282177000000002
0.031208511
0.023056189
0.025068899999999998
0.030339516
0.03588833
0.014317064000000001
0.0063599486
0.029462578
0.002547243
0.036854687
0.033171031999999996
0.011077080999999999
0.007200517
0.015513712
0.026243177
0.0027030869000000003
0.013780489
0.014647704
0.035075626
0.010161196
0.023213785
0.0014345775
0.032944443
0.028220376999999998
---flow_allocation with per_flow_loss---
0.019238250000000002
0.0072766886
0.0017154030000000001
0.00018690728
0.015000234000000001
0.023419386
0.010148172
0.013171849999999999
0.030101202
0.014012577
0.029179478
0.016347326
0.02554789
0.021924437999999997
0.016769998999999997
0.0014045981
0.033828673999999996
0.01038995
0.0068615084
0.035528343
0.023850965
0.02445109
0.016315287
0.0075472455
0.015888891
0.034174877
0.0043040104
0.031051922000000003
0.018947638000000003
0.021230463
0.010786775
0.01853443
0.026805575999999998
0.011458032
0.032960079999999996
0.0073030457
0.02029051
0.003266783
0.034054466
0.010963965999999999
0.021497847
0.025577322
0.024571653000000002
0.008627608
0.018000656
0.034195232
0.011694972
0.02005149
0.031713896
0.010668986
0.0027449355
0.017619204
0.036577724000000006
0.015328796
0.007420251
0.009729248999999999
0.008873607
0.033436348000000005
0.0027337587
0.02216414
0.035075764
0.034100807000000004
0.0033658776
0.023770716
0.006756982
0.025559181
0.016469288
0.033517006
0.037376606
0.026034332
0.011543697
0.020619156
0.0050357223
0.0061829686
0.025930364999999997
0.025179625
0.007321047
0.009860806
0.0019851443
0.028803903999999998
0.007693559
0.0079685817
0.023140861999999998
0.015445024500000001
0.0011990427
0.0042107944000000005
0.029562214
0.018105074
0.03617677
0.034183525000000006
0.028240873
0.011632357000000001
0.030112354
0.021421917000000002
0.037088209999999996
0.019779558000000003
0.005608839
0.0129293
0.009026588
0.036561794
0.026295095
0.010234946
0.006730432000000001
0.008784960999999999
0.014232007
0.0049306164
0.03202153
0.024282177000000002
0.031208511
0.023056189
0.025068899999999998
0.030339516
0.03588833
0.014317064000000001
0.0063599486
0.029462578
0.002547243
0.036854687
0.033171031999999996
0.011077080999999999
0.007200517
0.015513712
0.026243177
0.0027030869000000003
0.013780489
0.014647704
0.035075626
0.010161196
0.023213785
0.0014345775
0.032944443
0.028220376999999998
---weights per flow per tunnel---
0.4999999999999999,0.5,0.0,0.0
0.5,0.5,0.0,0.0
0.9666798673521197,0.03332013264788032,0.0,0.0
0.5,0.5,0.0,0.0
0.5,0.5,0.0,0.0
0.5,0.5,0.0,0.0
0.004973498911231721,0.9950265010887682,0.0,0.0
0.5,0.5,0.0,0.0
0.5,0.5,0.0,0.0
0.5,0.5,0.0,0.0
0.5,0.5,0.0,0.0
0.008154110010542972,0.991845889989457,0.0,0.0
0.8990982327699868,0.10090176723001311,0.0,0.0
0.5,0.5,0.0,0.0
0.5,0.5,0.0,0.0
0.5,0.5,0.0,0.0
0.5,0.5,0.0,0.0
0.003783090426687975,0.996216909573312,0.0,0.0
0.5,0.5,0.0,0.0
0.5,0.5,0.0,0.0
0.5,0.5,0.0,0.0
0.046449826057616904,0.9535501739423831,0.0,0.0
0.5,0.5,0.0,0.0
0.9840953747857801,0.01590462521421982,0.0,0.0
0.0,0.9922742555692757,0.0077257444307243005,0.0
0.3333333333333333,0.3333333333333333,0.3333333333333333,0.0
0.0,0.5,0.5,0.0
0.33333333333333337,0.33333333333333337,0.33333333333333337,0.0
0.3333333333333333,0.3333333333333333,0.3333333333333333,0.0
0.5,0.5,0.0,0.0
0.5,0.5,0.0,0.0
0.5,0.5,0.0,0.0
0.5,0.5,0.0,0.0
0.5,0.5,0.0,0.0
0.5,0.5,0.0,0.0
0.3333333333333333,0.3333333333333333,0.3333333333333333,0.0
0.3691741834190457,0.6308258165809544,0.0,0.0
0.0,0.0,0.5,0.5
0.0,0.9828318008914627,0.0,0.017168199108537324
0.25,0.25,0.25,0.25
0.5,0.5,0.0,0.0
0.5,0.5,0.0,0.0
0.5,0.5,0.0,0.0
0.5,0.5,0.0,0.0
0.5,0.5,0.0,0.0
0.9875013639949907,0.01249863600500933,0.0,0.0
0.5,0.0,0.5,0.0
0.0,0.8986711332580792,0.10132886674192075,0.0
0.3333333333333333,0.3333333333333333,0.3333333333333333,0.0
0.0,0.009812809690050191,0.9901871903099498,0.0
0.0,0.9989140097343455,0.0010859902656544938,0.0
0.5,0.5,0.0,0.0
0.5,0.5,0.0,0.0
0.5,0.5,0.0,0.0
0.5,0.5,0.0,0.0
0.5,0.5,0.0,0.0
0.5,0.5,0.0,0.0
0.0,0.5,0.5,0.0
0.0,0.3333333333333333,0.3333333333333333,0.3333333333333333
0.0,0.5,0.5,0.0
0.03042802850571799,0.0,0.0,0.9695719714942821
0.33333333333333337,0.33333333333333337,0.33333333333333337,0.0
0.9986413887008457,0.0013586112991543294,0.0,0.0
0.5,0.5,0.0,0.0
0.5,0.5,0.0,0.0
0.5,0.5,0.0,0.0
0.5,0.5,0.0,0.0
0.5,0.5,0.0,0.0
0.33333333333333337,0.33333333333333337,0.33333333333333337,0.0
0.0,0.2353408978178523,0.38232955109107386,0.38232955109107386
0.0,0.020403873110390547,0.9795961268896094,0.0
0.0,0.5,0.5,0.0
0.25,0.25,0.25,0.25
0.5364758405060146,0.46352415949398534,0.0,0.0
0.5,0.5,0.0,0.0
0.5,0.5,0.0,0.0
0.5,0.5,0.0,0.0
0.5,0.5,0.0,0.0
0.5,0.5,0.0,0.0
0.9848098618490003,0.015190138150999673,0.0,0.0
0.0,0.0,0.6162389662750991,0.3837610337249009
0.0,0.5,0.5,0.0
0.008755091038455393,0.0,0.9912449089615446,0.0
0.3333333333333333,0.3333333333333333,0.3333333333333333,0.0
0.5,0.5,0.0,0.0
0.5,0.5,0.0,0.0
0.5,0.5,0.0,0.0
0.5,0.5,0.0,0.0
0.5,0.5,0.0,0.0
0.5,0.5,0.0,0.0
0.9349969462118821,0.06500305378811792,0.0,0.0
0.5,0.5,0.0,0.0
0.5,0.5,0.0,0.0
0.9787604102859787,0.02123958971402124,0.0,0.0
0.5,0.5,0.0,0.0
0.5,0.5,0.0,0.0
0.9157261463663937,0.08427385363360637,0.0,0.0
0.005470788796631297,0.9945292112033687,0.0,0.0
0.5,0.5,0.0,0.0
0.5,0.5,0.0,0.0
0.5,0.5,0.0,0.0
0.5,0.5,0.0,0.0
0.5,0.5,0.0,0.0
0.5,0.5,0.0,0.0
0.5,0.5,0.0,0.0
0.5,0.5,0.0,0.0
0.5,0.5,0.0,0.0
0.5,0.5,0.0,0.0
0.0,0.42409264042788836,0.5759073595721117,0.0
0.5,0.5,0.0,0.0
0.5,0.5,0.0,0.0
0.32656217200366305,0.673437827996337,0.0,0.0
0.5,0.5,0.0,0.0
0.5,0.5,0.0,0.0
0.0022422002144768353,0.9977577997855231,0.0,0.0
0.5,0.5,0.0,0.0
0.5,0.5,0.0,0.0
0.5,0.5,0.0,0.0
0.5,0.5,0.0,0.0
0.0023042980893452727,0.0,0.9976957019106547,0.0
0.7720389315365702,0.22796106846342973,0.0,0.0
0.5,0.5,0.0,0.0
0.5,0.5,0.0,0.0
0.5,0.5,0.0,0.0
0.5,0.5,0.0,0.0
0.5,0.5,0.0,0.0
0.5,0.5,0.0,0.0
0.5,0.5,0.0,0.0
0.5,0.5,0.0,0.0
0.9969027597787167,0.003097240221283379,0.0,0.0
0.5,0.5,0.0,0.0
0.5,0.5,0.0,0.0
